>GEOMETRY   rect_prism; AX,AY,AZ= 0.6178 0.6178 0.6178
     1680 = NAT 
  1.000000  0.000000  0.000000 = A_1 vector
  0.000000  1.000000  0.000000 = A_2 vector
  1.000000  1.000000  1.000000 = lattice spacings (d_x,d_y,d_z)/d
 -0.13850 -0.00695 -0.14945 = lattice offset x0(1-3) = (x_TF, y_TF, z_TF)/d for dipole 0 0 0
     JA  IX  IY  IZ ICOMP(x,y,z)
     1  1  1  1 1 1 1
     2  1  1  2 1 1 1
     3  1  1  3 1 1 1
     4  1  1  4 1 1 1
     5  1  1  5 1 1 1
     6  1  1  6 1 1 1
     7  1  1  7 1 1 1
     8  1  1  8 1 1 1
     9  1  1  9 1 1 1
     10  1  1  10 1 1 1
     11  1  1  11 1 1 1
     12  1  1  12 1 1 1
     13  1  1  13 1 1 1
     14  1  1  14 1 1 1
     15  1  1  15 1 1 1
     16  1  1  16 1 1 1
     17  1  1  17 1 1 1
     18  1  1  18 1 1 1
     19  1  1  19 1 1 1
     20  1  1  20 1 1 1
     21  1  1  21 1 1 1
     22  1  1  22 1 1 1
     23  1  1  23 1 1 1
     24  1  1  24 1 1 1
     25  1  1  25 1 1 1
     26  1  1  26 1 1 1
     27  1  1  27 1 1 1
     28  1  1  28 1 1 1
     29  1  1  29 1 1 1
     30  1  1  30 1 1 1
     31  1  2  1 1 1 1
     32  1  2  2 1 1 1
     33  1  2  3 1 1 1
     34  1  2  4 1 1 1
     35  1  2  5 1 1 1
     36  1  2  6 1 1 1
     37  1  2  7 1 1 1
     38  1  2  8 1 1 1
     39  1  2  9 1 1 1
     40  1  2  10 1 1 1
     41  1  2  11 1 1 1
     42  1  2  12 1 1 1
     43  1  2  13 1 1 1
     44  1  2  14 1 1 1
     45  1  2  15 1 1 1
     46  1  2  16 1 1 1
     47  1  2  17 1 1 1
     48  1  2  18 1 1 1
     49  1  2  19 1 1 1
     50  1  2  20 1 1 1
     51  1  2  21 1 1 1
     52  1  2  22 1 1 1
     53  1  2  23 1 1 1
     54  1  2  24 1 1 1
     55  1  2  25 1 1 1
     56  1  2  26 1 1 1
     57  1  2  27 1 1 1
     58  1  2  28 1 1 1
     59  1  2  29 1 1 1
     60  1  2  30 1 1 1
     61  2  1  1 1 1 1
     62  2  1  2 1 1 1
     63  2  1  3 1 1 1
     64  2  1  4 1 1 1
     65  2  1  5 1 1 1
     66  2  1  6 1 1 1
     67  2  1  7 1 1 1
     68  2  1  8 1 1 1
     69  2  1  9 1 1 1
     70  2  1  10 1 1 1
     71  2  1  11 1 1 1
     72  2  1  12 1 1 1
     73  2  1  13 1 1 1
     74  2  1  14 1 1 1
     75  2  1  15 1 1 1
     76  2  1  16 1 1 1
     77  2  1  17 1 1 1
     78  2  1  18 1 1 1
     79  2  1  19 1 1 1
     80  2  1  20 1 1 1
     81  2  1  21 1 1 1
     82  2  1  22 1 1 1
     83  2  1  23 1 1 1
     84  2  1  24 1 1 1
     85  2  1  25 1 1 1
     86  2  1  26 1 1 1
     87  2  1  27 1 1 1
     88  2  1  28 1 1 1
     89  2  1  29 1 1 1
     90  2  1  30 1 1 1
     91  2  2  1 1 1 1
     92  2  2  2 1 1 1
     93  2  2  3 1 1 1
     94  2  2  4 1 1 1
     95  2  2  5 1 1 1
     96  2  2  6 1 1 1
     97  2  2  7 1 1 1
     98  2  2  8 1 1 1
     99  2  2  9 1 1 1
     100  2  2  10 1 1 1
     101  2  2  11 1 1 1
     102  2  2  12 1 1 1
     103  2  2  13 1 1 1
     104  2  2  14 1 1 1
     105  2  2  15 1 1 1
     106  2  2  16 1 1 1
     107  2  2  17 1 1 1
     108  2  2  18 1 1 1
     109  2  2  19 1 1 1
     110  2  2  20 1 1 1
     111  2  2  21 1 1 1
     112  2  2  22 1 1 1
     113  2  2  23 1 1 1
     114  2  2  24 1 1 1
     115  2  2  25 1 1 1
     116  2  2  26 1 1 1
     117  2  2  27 1 1 1
     118  2  2  28 1 1 1
     119  2  2  29 1 1 1
     120  2  2  30 1 1 1
     121  3  1  1 1 1 1
     122  3  1  2 1 1 1
     123  3  1  3 1 1 1
     124  3  1  4 1 1 1
     125  3  1  5 1 1 1
     126  3  1  6 1 1 1
     127  3  1  7 1 1 1
     128  3  1  8 1 1 1
     129  3  1  9 1 1 1
     130  3  1  10 1 1 1
     131  3  1  11 1 1 1
     132  3  1  12 1 1 1
     133  3  1  13 1 1 1
     134  3  1  14 1 1 1
     135  3  1  15 1 1 1
     136  3  1  16 1 1 1
     137  3  1  17 1 1 1
     138  3  1  18 1 1 1
     139  3  1  19 1 1 1
     140  3  1  20 1 1 1
     141  3  1  21 1 1 1
     142  3  1  22 1 1 1
     143  3  1  23 1 1 1
     144  3  1  24 1 1 1
     145  3  1  25 1 1 1
     146  3  1  26 1 1 1
     147  3  1  27 1 1 1
     148  3  1  28 1 1 1
     149  3  1  29 1 1 1
     150  3  1  30 1 1 1
     151  3  2  1 1 1 1
     152  3  2  2 1 1 1
     153  3  2  3 1 1 1
     154  3  2  4 1 1 1
     155  3  2  5 1 1 1
     156  3  2  6 1 1 1
     157  3  2  7 1 1 1
     158  3  2  8 1 1 1
     159  3  2  9 1 1 1
     160  3  2  10 1 1 1
     161  3  2  11 1 1 1
     162  3  2  12 1 1 1
     163  3  2  13 1 1 1
     164  3  2  14 1 1 1
     165  3  2  15 1 1 1
     166  3  2  16 1 1 1
     167  3  2  17 1 1 1
     168  3  2  18 1 1 1
     169  3  2  19 1 1 1
     170  3  2  20 1 1 1
     171  3  2  21 1 1 1
     172  3  2  22 1 1 1
     173  3  2  23 1 1 1
     174  3  2  24 1 1 1
     175  3  2  25 1 1 1
     176  3  2  26 1 1 1
     177  3  2  27 1 1 1
     178  3  2  28 1 1 1
     179  3  2  29 1 1 1
     180  3  2  30 1 1 1
     181  4  1  1 1 1 1
     182  4  1  2 1 1 1
     183  4  1  3 1 1 1
     184  4  1  4 1 1 1
     185  4  1  5 1 1 1
     186  4  1  6 1 1 1
     187  4  1  7 1 1 1
     188  4  1  8 1 1 1
     189  4  1  9 1 1 1
     190  4  1  10 1 1 1
     191  4  1  11 1 1 1
     192  4  1  12 1 1 1
     193  4  1  13 1 1 1
     194  4  1  14 1 1 1
     195  4  1  15 1 1 1
     196  4  1  16 1 1 1
     197  4  1  17 1 1 1
     198  4  1  18 1 1 1
     199  4  1  19 1 1 1
     200  4  1  20 1 1 1
     201  4  1  21 1 1 1
     202  4  1  22 1 1 1
     203  4  1  23 1 1 1
     204  4  1  24 1 1 1
     205  4  1  25 1 1 1
     206  4  1  26 1 1 1
     207  4  1  27 1 1 1
     208  4  1  28 1 1 1
     209  4  1  29 1 1 1
     210  4  1  30 1 1 1
     211  4  2  1 1 1 1
     212  4  2  2 1 1 1
     213  4  2  3 1 1 1
     214  4  2  4 1 1 1
     215  4  2  5 1 1 1
     216  4  2  6 1 1 1
     217  4  2  7 1 1 1
     218  4  2  8 1 1 1
     219  4  2  9 1 1 1
     220  4  2  10 1 1 1
     221  4  2  11 1 1 1
     222  4  2  12 1 1 1
     223  4  2  13 1 1 1
     224  4  2  14 1 1 1
     225  4  2  15 1 1 1
     226  4  2  16 1 1 1
     227  4  2  17 1 1 1
     228  4  2  18 1 1 1
     229  4  2  19 1 1 1
     230  4  2  20 1 1 1
     231  4  2  21 1 1 1
     232  4  2  22 1 1 1
     233  4  2  23 1 1 1
     234  4  2  24 1 1 1
     235  4  2  25 1 1 1
     236  4  2  26 1 1 1
     237  4  2  27 1 1 1
     238  4  2  28 1 1 1
     239  4  2  29 1 1 1
     240  4  2  30 1 1 1
     241  5  1  1 1 1 1
     242  5  1  2 1 1 1
     243  5  1  3 1 1 1
     244  5  1  4 1 1 1
     245  5  1  5 1 1 1
     246  5  1  6 1 1 1
     247  5  1  7 1 1 1
     248  5  1  8 1 1 1
     249  5  1  9 1 1 1
     250  5  1  10 1 1 1
     251  5  1  11 1 1 1
     252  5  1  12 1 1 1
     253  5  1  13 1 1 1
     254  5  1  14 1 1 1
     255  5  1  15 1 1 1
     256  5  1  16 1 1 1
     257  5  1  17 1 1 1
     258  5  1  18 1 1 1
     259  5  1  19 1 1 1
     260  5  1  20 1 1 1
     261  5  1  21 1 1 1
     262  5  1  22 1 1 1
     263  5  1  23 1 1 1
     264  5  1  24 1 1 1
     265  5  1  25 1 1 1
     266  5  1  26 1 1 1
     267  5  1  27 1 1 1
     268  5  1  28 1 1 1
     269  5  1  29 1 1 1
     270  5  1  30 1 1 1
     271  5  2  1 1 1 1
     272  5  2  2 1 1 1
     273  5  2  3 1 1 1
     274  5  2  4 1 1 1
     275  5  2  5 1 1 1
     276  5  2  6 1 1 1
     277  5  2  7 1 1 1
     278  5  2  8 1 1 1
     279  5  2  9 1 1 1
     280  5  2  10 1 1 1
     281  5  2  11 1 1 1
     282  5  2  12 1 1 1
     283  5  2  13 1 1 1
     284  5  2  14 1 1 1
     285  5  2  15 1 1 1
     286  5  2  16 1 1 1
     287  5  2  17 1 1 1
     288  5  2  18 1 1 1
     289  5  2  19 1 1 1
     290  5  2  20 1 1 1
     291  5  2  21 1 1 1
     292  5  2  22 1 1 1
     293  5  2  23 1 1 1
     294  5  2  24 1 1 1
     295  5  2  25 1 1 1
     296  5  2  26 1 1 1
     297  5  2  27 1 1 1
     298  5  2  28 1 1 1
     299  5  2  29 1 1 1
     300  5  2  30 1 1 1
     301  6  1  1 1 1 1
     302  6  1  2 1 1 1
     303  6  1  3 1 1 1
     304  6  1  4 1 1 1
     305  6  1  5 1 1 1
     306  6  1  6 1 1 1
     307  6  1  7 1 1 1
     308  6  1  8 1 1 1
     309  6  1  9 1 1 1
     310  6  1  10 1 1 1
     311  6  1  11 1 1 1
     312  6  1  12 1 1 1
     313  6  1  13 1 1 1
     314  6  1  14 1 1 1
     315  6  1  15 1 1 1
     316  6  1  16 1 1 1
     317  6  1  17 1 1 1
     318  6  1  18 1 1 1
     319  6  1  19 1 1 1
     320  6  1  20 1 1 1
     321  6  1  21 1 1 1
     322  6  1  22 1 1 1
     323  6  1  23 1 1 1
     324  6  1  24 1 1 1
     325  6  1  25 1 1 1
     326  6  1  26 1 1 1
     327  6  1  27 1 1 1
     328  6  1  28 1 1 1
     329  6  1  29 1 1 1
     330  6  1  30 1 1 1
     331  6  2  1 1 1 1
     332  6  2  2 1 1 1
     333  6  2  3 1 1 1
     334  6  2  4 1 1 1
     335  6  2  5 1 1 1
     336  6  2  6 1 1 1
     337  6  2  7 1 1 1
     338  6  2  8 1 1 1
     339  6  2  9 1 1 1
     340  6  2  10 1 1 1
     341  6  2  11 1 1 1
     342  6  2  12 1 1 1
     343  6  2  13 1 1 1
     344  6  2  14 1 1 1
     345  6  2  15 1 1 1
     346  6  2  16 1 1 1
     347  6  2  17 1 1 1
     348  6  2  18 1 1 1
     349  6  2  19 1 1 1
     350  6  2  20 1 1 1
     351  6  2  21 1 1 1
     352  6  2  22 1 1 1
     353  6  2  23 1 1 1
     354  6  2  24 1 1 1
     355  6  2  25 1 1 1
     356  6  2  26 1 1 1
     357  6  2  27 1 1 1
     358  6  2  28 1 1 1
     359  6  2  29 1 1 1
     360  6  2  30 1 1 1
     361  7  1  1 1 1 1
     362  7  1  2 1 1 1
     363  7  1  3 1 1 1
     364  7  1  4 1 1 1
     365  7  1  5 1 1 1
     366  7  1  6 1 1 1
     367  7  1  7 1 1 1
     368  7  1  8 1 1 1
     369  7  1  9 1 1 1
     370  7  1  10 1 1 1
     371  7  1  11 1 1 1
     372  7  1  12 1 1 1
     373  7  1  13 1 1 1
     374  7  1  14 1 1 1
     375  7  1  15 1 1 1
     376  7  1  16 1 1 1
     377  7  1  17 1 1 1
     378  7  1  18 1 1 1
     379  7  1  19 1 1 1
     380  7  1  20 1 1 1
     381  7  1  21 1 1 1
     382  7  1  22 1 1 1
     383  7  1  23 1 1 1
     384  7  1  24 1 1 1
     385  7  1  25 1 1 1
     386  7  1  26 1 1 1
     387  7  1  27 1 1 1
     388  7  1  28 1 1 1
     389  7  1  29 1 1 1
     390  7  1  30 1 1 1
     391  7  2  1 1 1 1
     392  7  2  2 1 1 1
     393  7  2  3 1 1 1
     394  7  2  4 1 1 1
     395  7  2  5 1 1 1
     396  7  2  6 1 1 1
     397  7  2  7 1 1 1
     398  7  2  8 1 1 1
     399  7  2  9 1 1 1
     400  7  2  10 1 1 1
     401  7  2  11 1 1 1
     402  7  2  12 1 1 1
     403  7  2  13 1 1 1
     404  7  2  14 1 1 1
     405  7  2  15 1 1 1
     406  7  2  16 1 1 1
     407  7  2  17 1 1 1
     408  7  2  18 1 1 1
     409  7  2  19 1 1 1
     410  7  2  20 1 1 1
     411  7  2  21 1 1 1
     412  7  2  22 1 1 1
     413  7  2  23 1 1 1
     414  7  2  24 1 1 1
     415  7  2  25 1 1 1
     416  7  2  26 1 1 1
     417  7  2  27 1 1 1
     418  7  2  28 1 1 1
     419  7  2  29 1 1 1
     420  7  2  30 1 1 1
     421  8  1  1 1 1 1
     422  8  1  2 1 1 1
     423  8  1  3 1 1 1
     424  8  1  4 1 1 1
     425  8  1  5 1 1 1
     426  8  1  6 1 1 1
     427  8  1  7 1 1 1
     428  8  1  8 1 1 1
     429  8  1  9 1 1 1
     430  8  1  10 1 1 1
     431  8  1  11 1 1 1
     432  8  1  12 1 1 1
     433  8  1  13 1 1 1
     434  8  1  14 1 1 1
     435  8  1  15 1 1 1
     436  8  1  16 1 1 1
     437  8  1  17 1 1 1
     438  8  1  18 1 1 1
     439  8  1  19 1 1 1
     440  8  1  20 1 1 1
     441  8  1  21 1 1 1
     442  8  1  22 1 1 1
     443  8  1  23 1 1 1
     444  8  1  24 1 1 1
     445  8  1  25 1 1 1
     446  8  1  26 1 1 1
     447  8  1  27 1 1 1
     448  8  1  28 1 1 1
     449  8  1  29 1 1 1
     450  8  1  30 1 1 1
     451  8  2  1 1 1 1
     452  8  2  2 1 1 1
     453  8  2  3 1 1 1
     454  8  2  4 1 1 1
     455  8  2  5 1 1 1
     456  8  2  6 1 1 1
     457  8  2  7 1 1 1
     458  8  2  8 1 1 1
     459  8  2  9 1 1 1
     460  8  2  10 1 1 1
     461  8  2  11 1 1 1
     462  8  2  12 1 1 1
     463  8  2  13 1 1 1
     464  8  2  14 1 1 1
     465  8  2  15 1 1 1
     466  8  2  16 1 1 1
     467  8  2  17 1 1 1
     468  8  2  18 1 1 1
     469  8  2  19 1 1 1
     470  8  2  20 1 1 1
     471  8  2  21 1 1 1
     472  8  2  22 1 1 1
     473  8  2  23 1 1 1
     474  8  2  24 1 1 1
     475  8  2  25 1 1 1
     476  8  2  26 1 1 1
     477  8  2  27 1 1 1
     478  8  2  28 1 1 1
     479  8  2  29 1 1 1
     480  8  2  30 1 1 1
     481  9  1  1 1 1 1
     482  9  1  2 1 1 1
     483  9  1  3 1 1 1
     484  9  1  4 1 1 1
     485  9  1  5 1 1 1
     486  9  1  6 1 1 1
     487  9  1  7 1 1 1
     488  9  1  8 1 1 1
     489  9  1  9 1 1 1
     490  9  1  10 1 1 1
     491  9  1  11 1 1 1
     492  9  1  12 1 1 1
     493  9  1  13 1 1 1
     494  9  1  14 1 1 1
     495  9  1  15 1 1 1
     496  9  1  16 1 1 1
     497  9  1  17 1 1 1
     498  9  1  18 1 1 1
     499  9  1  19 1 1 1
     500  9  1  20 1 1 1
     501  9  1  21 1 1 1
     502  9  1  22 1 1 1
     503  9  1  23 1 1 1
     504  9  1  24 1 1 1
     505  9  1  25 1 1 1
     506  9  1  26 1 1 1
     507  9  1  27 1 1 1
     508  9  1  28 1 1 1
     509  9  1  29 1 1 1
     510  9  1  30 1 1 1
     511  9  2  1 1 1 1
     512  9  2  2 1 1 1
     513  9  2  3 1 1 1
     514  9  2  4 1 1 1
     515  9  2  5 1 1 1
     516  9  2  6 1 1 1
     517  9  2  7 1 1 1
     518  9  2  8 1 1 1
     519  9  2  9 1 1 1
     520  9  2  10 1 1 1
     521  9  2  11 1 1 1
     522  9  2  12 1 1 1
     523  9  2  13 1 1 1
     524  9  2  14 1 1 1
     525  9  2  15 1 1 1
     526  9  2  16 1 1 1
     527  9  2  17 1 1 1
     528  9  2  18 1 1 1
     529  9  2  19 1 1 1
     530  9  2  20 1 1 1
     531  9  2  21 1 1 1
     532  9  2  22 1 1 1
     533  9  2  23 1 1 1
     534  9  2  24 1 1 1
     535  9  2  25 1 1 1
     536  9  2  26 1 1 1
     537  9  2  27 1 1 1
     538  9  2  28 1 1 1
     539  9  2  29 1 1 1
     540  9  2  30 1 1 1
     541  10  1  1 1 1 1
     542  10  1  2 1 1 1
     543  10  1  3 1 1 1
     544  10  1  4 1 1 1
     545  10  1  5 1 1 1
     546  10  1  6 1 1 1
     547  10  1  7 1 1 1
     548  10  1  8 1 1 1
     549  10  1  9 1 1 1
     550  10  1  10 1 1 1
     551  10  1  11 1 1 1
     552  10  1  12 1 1 1
     553  10  1  13 1 1 1
     554  10  1  14 1 1 1
     555  10  1  15 1 1 1
     556  10  1  16 1 1 1
     557  10  1  17 1 1 1
     558  10  1  18 1 1 1
     559  10  1  19 1 1 1
     560  10  1  20 1 1 1
     561  10  1  21 1 1 1
     562  10  1  22 1 1 1
     563  10  1  23 1 1 1
     564  10  1  24 1 1 1
     565  10  1  25 1 1 1
     566  10  1  26 1 1 1
     567  10  1  27 1 1 1
     568  10  1  28 1 1 1
     569  10  1  29 1 1 1
     570  10  1  30 1 1 1
     571  10  2  1 1 1 1
     572  10  2  2 1 1 1
     573  10  2  3 1 1 1
     574  10  2  4 1 1 1
     575  10  2  5 1 1 1
     576  10  2  6 1 1 1
     577  10  2  7 1 1 1
     578  10  2  8 1 1 1
     579  10  2  9 1 1 1
     580  10  2  10 1 1 1
     581  10  2  11 1 1 1
     582  10  2  12 1 1 1
     583  10  2  13 1 1 1
     584  10  2  14 1 1 1
     585  10  2  15 1 1 1
     586  10  2  16 1 1 1
     587  10  2  17 1 1 1
     588  10  2  18 1 1 1
     589  10  2  19 1 1 1
     590  10  2  20 1 1 1
     591  10  2  21 1 1 1
     592  10  2  22 1 1 1
     593  10  2  23 1 1 1
     594  10  2  24 1 1 1
     595  10  2  25 1 1 1
     596  10  2  26 1 1 1
     597  10  2  27 1 1 1
     598  10  2  28 1 1 1
     599  10  2  29 1 1 1
     600  10  2  30 1 1 1
     601  11  1  1 1 1 1
     602  11  1  2 1 1 1
     603  11  1  3 1 1 1
     604  11  1  4 1 1 1
     605  11  1  5 1 1 1
     606  11  1  6 1 1 1
     607  11  1  7 1 1 1
     608  11  1  8 1 1 1
     609  11  1  9 1 1 1
     610  11  1  10 1 1 1
     611  11  1  11 1 1 1
     612  11  1  12 1 1 1
     613  11  1  13 1 1 1
     614  11  1  14 1 1 1
     615  11  1  15 1 1 1
     616  11  1  16 1 1 1
     617  11  1  17 1 1 1
     618  11  1  18 1 1 1
     619  11  1  19 1 1 1
     620  11  1  20 1 1 1
     621  11  1  21 1 1 1
     622  11  1  22 1 1 1
     623  11  1  23 1 1 1
     624  11  1  24 1 1 1
     625  11  1  25 1 1 1
     626  11  1  26 1 1 1
     627  11  1  27 1 1 1
     628  11  1  28 1 1 1
     629  11  1  29 1 1 1
     630  11  1  30 1 1 1
     631  11  2  1 1 1 1
     632  11  2  2 1 1 1
     633  11  2  3 1 1 1
     634  11  2  4 1 1 1
     635  11  2  5 1 1 1
     636  11  2  6 1 1 1
     637  11  2  7 1 1 1
     638  11  2  8 1 1 1
     639  11  2  9 1 1 1
     640  11  2  10 1 1 1
     641  11  2  11 1 1 1
     642  11  2  12 1 1 1
     643  11  2  13 1 1 1
     644  11  2  14 1 1 1
     645  11  2  15 1 1 1
     646  11  2  16 1 1 1
     647  11  2  17 1 1 1
     648  11  2  18 1 1 1
     649  11  2  19 1 1 1
     650  11  2  20 1 1 1
     651  11  2  21 1 1 1
     652  11  2  22 1 1 1
     653  11  2  23 1 1 1
     654  11  2  24 1 1 1
     655  11  2  25 1 1 1
     656  11  2  26 1 1 1
     657  11  2  27 1 1 1
     658  11  2  28 1 1 1
     659  11  2  29 1 1 1
     660  11  2  30 1 1 1
     661  12  1  1 1 1 1
     662  12  1  2 1 1 1
     663  12  1  3 1 1 1
     664  12  1  4 1 1 1
     665  12  1  5 1 1 1
     666  12  1  6 1 1 1
     667  12  1  7 1 1 1
     668  12  1  8 1 1 1
     669  12  1  9 1 1 1
     670  12  1  10 1 1 1
     671  12  1  11 1 1 1
     672  12  1  12 1 1 1
     673  12  1  13 1 1 1
     674  12  1  14 1 1 1
     675  12  1  15 1 1 1
     676  12  1  16 1 1 1
     677  12  1  17 1 1 1
     678  12  1  18 1 1 1
     679  12  1  19 1 1 1
     680  12  1  20 1 1 1
     681  12  1  21 1 1 1
     682  12  1  22 1 1 1
     683  12  1  23 1 1 1
     684  12  1  24 1 1 1
     685  12  1  25 1 1 1
     686  12  1  26 1 1 1
     687  12  1  27 1 1 1
     688  12  1  28 1 1 1
     689  12  1  29 1 1 1
     690  12  1  30 1 1 1
     691  12  2  1 1 1 1
     692  12  2  2 1 1 1
     693  12  2  3 1 1 1
     694  12  2  4 1 1 1
     695  12  2  5 1 1 1
     696  12  2  6 1 1 1
     697  12  2  7 1 1 1
     698  12  2  8 1 1 1
     699  12  2  9 1 1 1
     700  12  2  10 1 1 1
     701  12  2  11 1 1 1
     702  12  2  12 1 1 1
     703  12  2  13 1 1 1
     704  12  2  14 1 1 1
     705  12  2  15 1 1 1
     706  12  2  16 1 1 1
     707  12  2  17 1 1 1
     708  12  2  18 1 1 1
     709  12  2  19 1 1 1
     710  12  2  20 1 1 1
     711  12  2  21 1 1 1
     712  12  2  22 1 1 1
     713  12  2  23 1 1 1
     714  12  2  24 1 1 1
     715  12  2  25 1 1 1
     716  12  2  26 1 1 1
     717  12  2  27 1 1 1
     718  12  2  28 1 1 1
     719  12  2  29 1 1 1
     720  12  2  30 1 1 1
     721  13  1  1 1 1 1
     722  13  1  2 1 1 1
     723  13  1  3 1 1 1
     724  13  1  4 1 1 1
     725  13  1  5 1 1 1
     726  13  1  6 1 1 1
     727  13  1  7 1 1 1
     728  13  1  8 1 1 1
     729  13  1  9 1 1 1
     730  13  1  10 1 1 1
     731  13  1  11 1 1 1
     732  13  1  12 1 1 1
     733  13  1  13 1 1 1
     734  13  1  14 1 1 1
     735  13  1  15 1 1 1
     736  13  1  16 1 1 1
     737  13  1  17 1 1 1
     738  13  1  18 1 1 1
     739  13  1  19 1 1 1
     740  13  1  20 1 1 1
     741  13  1  21 1 1 1
     742  13  1  22 1 1 1
     743  13  1  23 1 1 1
     744  13  1  24 1 1 1
     745  13  1  25 1 1 1
     746  13  1  26 1 1 1
     747  13  1  27 1 1 1
     748  13  1  28 1 1 1
     749  13  1  29 1 1 1
     750  13  1  30 1 1 1
     751  13  2  1 1 1 1
     752  13  2  2 1 1 1
     753  13  2  3 1 1 1
     754  13  2  4 1 1 1
     755  13  2  5 1 1 1
     756  13  2  6 1 1 1
     757  13  2  7 1 1 1
     758  13  2  8 1 1 1
     759  13  2  9 1 1 1
     760  13  2  10 1 1 1
     761  13  2  11 1 1 1
     762  13  2  12 1 1 1
     763  13  2  13 1 1 1
     764  13  2  14 1 1 1
     765  13  2  15 1 1 1
     766  13  2  16 1 1 1
     767  13  2  17 1 1 1
     768  13  2  18 1 1 1
     769  13  2  19 1 1 1
     770  13  2  20 1 1 1
     771  13  2  21 1 1 1
     772  13  2  22 1 1 1
     773  13  2  23 1 1 1
     774  13  2  24 1 1 1
     775  13  2  25 1 1 1
     776  13  2  26 1 1 1
     777  13  2  27 1 1 1
     778  13  2  28 1 1 1
     779  13  2  29 1 1 1
     780  13  2  30 1 1 1
     781  14  1  1 1 1 1
     782  14  1  2 1 1 1
     783  14  1  3 1 1 1
     784  14  1  4 1 1 1
     785  14  1  5 1 1 1
     786  14  1  6 1 1 1
     787  14  1  7 1 1 1
     788  14  1  8 1 1 1
     789  14  1  9 1 1 1
     790  14  1  10 1 1 1
     791  14  1  11 1 1 1
     792  14  1  12 1 1 1
     793  14  1  13 1 1 1
     794  14  1  14 1 1 1
     795  14  1  15 1 1 1
     796  14  1  16 1 1 1
     797  14  1  17 1 1 1
     798  14  1  18 1 1 1
     799  14  1  19 1 1 1
     800  14  1  20 1 1 1
     801  14  1  21 1 1 1
     802  14  1  22 1 1 1
     803  14  1  23 1 1 1
     804  14  1  24 1 1 1
     805  14  1  25 1 1 1
     806  14  1  26 1 1 1
     807  14  1  27 1 1 1
     808  14  1  28 1 1 1
     809  14  1  29 1 1 1
     810  14  1  30 1 1 1
     811  14  2  1 1 1 1
     812  14  2  2 1 1 1
     813  14  2  3 1 1 1
     814  14  2  4 1 1 1
     815  14  2  5 1 1 1
     816  14  2  6 1 1 1
     817  14  2  7 1 1 1
     818  14  2  8 1 1 1
     819  14  2  9 1 1 1
     820  14  2  10 1 1 1
     821  14  2  11 1 1 1
     822  14  2  12 1 1 1
     823  14  2  13 1 1 1
     824  14  2  14 1 1 1
     825  14  2  15 1 1 1
     826  14  2  16 1 1 1
     827  14  2  17 1 1 1
     828  14  2  18 1 1 1
     829  14  2  19 1 1 1
     830  14  2  20 1 1 1
     831  14  2  21 1 1 1
     832  14  2  22 1 1 1
     833  14  2  23 1 1 1
     834  14  2  24 1 1 1
     835  14  2  25 1 1 1
     836  14  2  26 1 1 1
     837  14  2  27 1 1 1
     838  14  2  28 1 1 1
     839  14  2  29 1 1 1
     840  14  2  30 1 1 1
     841  15  1  1 1 1 1
     842  15  1  2 1 1 1
     843  15  1  3 1 1 1
     844  15  1  4 1 1 1
     845  15  1  5 1 1 1
     846  15  1  6 1 1 1
     847  15  1  7 1 1 1
     848  15  1  8 1 1 1
     849  15  1  9 1 1 1
     850  15  1  10 1 1 1
     851  15  1  11 1 1 1
     852  15  1  12 1 1 1
     853  15  1  13 1 1 1
     854  15  1  14 1 1 1
     855  15  1  15 1 1 1
     856  15  1  16 1 1 1
     857  15  1  17 1 1 1
     858  15  1  18 1 1 1
     859  15  1  19 1 1 1
     860  15  1  20 1 1 1
     861  15  1  21 1 1 1
     862  15  1  22 1 1 1
     863  15  1  23 1 1 1
     864  15  1  24 1 1 1
     865  15  1  25 1 1 1
     866  15  1  26 1 1 1
     867  15  1  27 1 1 1
     868  15  1  28 1 1 1
     869  15  1  29 1 1 1
     870  15  1  30 1 1 1
     871  15  2  1 1 1 1
     872  15  2  2 1 1 1
     873  15  2  3 1 1 1
     874  15  2  4 1 1 1
     875  15  2  5 1 1 1
     876  15  2  6 1 1 1
     877  15  2  7 1 1 1
     878  15  2  8 1 1 1
     879  15  2  9 1 1 1
     880  15  2  10 1 1 1
     881  15  2  11 1 1 1
     882  15  2  12 1 1 1
     883  15  2  13 1 1 1
     884  15  2  14 1 1 1
     885  15  2  15 1 1 1
     886  15  2  16 1 1 1
     887  15  2  17 1 1 1
     888  15  2  18 1 1 1
     889  15  2  19 1 1 1
     890  15  2  20 1 1 1
     891  15  2  21 1 1 1
     892  15  2  22 1 1 1
     893  15  2  23 1 1 1
     894  15  2  24 1 1 1
     895  15  2  25 1 1 1
     896  15  2  26 1 1 1
     897  15  2  27 1 1 1
     898  15  2  28 1 1 1
     899  15  2  29 1 1 1
     900  15  2  30 1 1 1
     901  16  1  1 1 1 1
     902  16  1  2 1 1 1
     903  16  1  3 1 1 1
     904  16  1  4 1 1 1
     905  16  1  5 1 1 1
     906  16  1  6 1 1 1
     907  16  1  7 1 1 1
     908  16  1  8 1 1 1
     909  16  1  9 1 1 1
     910  16  1  10 1 1 1
     911  16  1  11 1 1 1
     912  16  1  12 1 1 1
     913  16  1  13 1 1 1
     914  16  1  14 1 1 1
     915  16  1  15 1 1 1
     916  16  1  16 1 1 1
     917  16  1  17 1 1 1
     918  16  1  18 1 1 1
     919  16  1  19 1 1 1
     920  16  1  20 1 1 1
     921  16  1  21 1 1 1
     922  16  1  22 1 1 1
     923  16  1  23 1 1 1
     924  16  1  24 1 1 1
     925  16  1  25 1 1 1
     926  16  1  26 1 1 1
     927  16  1  27 1 1 1
     928  16  1  28 1 1 1
     929  16  1  29 1 1 1
     930  16  1  30 1 1 1
     931  16  2  1 1 1 1
     932  16  2  2 1 1 1
     933  16  2  3 1 1 1
     934  16  2  4 1 1 1
     935  16  2  5 1 1 1
     936  16  2  6 1 1 1
     937  16  2  7 1 1 1
     938  16  2  8 1 1 1
     939  16  2  9 1 1 1
     940  16  2  10 1 1 1
     941  16  2  11 1 1 1
     942  16  2  12 1 1 1
     943  16  2  13 1 1 1
     944  16  2  14 1 1 1
     945  16  2  15 1 1 1
     946  16  2  16 1 1 1
     947  16  2  17 1 1 1
     948  16  2  18 1 1 1
     949  16  2  19 1 1 1
     950  16  2  20 1 1 1
     951  16  2  21 1 1 1
     952  16  2  22 1 1 1
     953  16  2  23 1 1 1
     954  16  2  24 1 1 1
     955  16  2  25 1 1 1
     956  16  2  26 1 1 1
     957  16  2  27 1 1 1
     958  16  2  28 1 1 1
     959  16  2  29 1 1 1
     960  16  2  30 1 1 1
     961  17  1  1 1 1 1
     962  17  1  2 1 1 1
     963  17  1  3 1 1 1
     964  17  1  4 1 1 1
     965  17  1  5 1 1 1
     966  17  1  6 1 1 1
     967  17  1  7 1 1 1
     968  17  1  8 1 1 1
     969  17  1  9 1 1 1
     970  17  1  10 1 1 1
     971  17  1  11 1 1 1
     972  17  1  12 1 1 1
     973  17  1  13 1 1 1
     974  17  1  14 1 1 1
     975  17  1  15 1 1 1
     976  17  1  16 1 1 1
     977  17  1  17 1 1 1
     978  17  1  18 1 1 1
     979  17  1  19 1 1 1
     980  17  1  20 1 1 1
     981  17  1  21 1 1 1
     982  17  1  22 1 1 1
     983  17  1  23 1 1 1
     984  17  1  24 1 1 1
     985  17  1  25 1 1 1
     986  17  1  26 1 1 1
     987  17  1  27 1 1 1
     988  17  1  28 1 1 1
     989  17  1  29 1 1 1
     990  17  1  30 1 1 1
     991  17  2  1 1 1 1
     992  17  2  2 1 1 1
     993  17  2  3 1 1 1
     994  17  2  4 1 1 1
     995  17  2  5 1 1 1
     996  17  2  6 1 1 1
     997  17  2  7 1 1 1
     998  17  2  8 1 1 1
     999  17  2  9 1 1 1
     1000  17  2  10 1 1 1
     1001  17  2  11 1 1 1
     1002  17  2  12 1 1 1
     1003  17  2  13 1 1 1
     1004  17  2  14 1 1 1
     1005  17  2  15 1 1 1
     1006  17  2  16 1 1 1
     1007  17  2  17 1 1 1
     1008  17  2  18 1 1 1
     1009  17  2  19 1 1 1
     1010  17  2  20 1 1 1
     1011  17  2  21 1 1 1
     1012  17  2  22 1 1 1
     1013  17  2  23 1 1 1
     1014  17  2  24 1 1 1
     1015  17  2  25 1 1 1
     1016  17  2  26 1 1 1
     1017  17  2  27 1 1 1
     1018  17  2  28 1 1 1
     1019  17  2  29 1 1 1
     1020  17  2  30 1 1 1
     1021  18  1  1 1 1 1
     1022  18  1  2 1 1 1
     1023  18  1  3 1 1 1
     1024  18  1  4 1 1 1
     1025  18  1  5 1 1 1
     1026  18  1  6 1 1 1
     1027  18  1  7 1 1 1
     1028  18  1  8 1 1 1
     1029  18  1  9 1 1 1
     1030  18  1  10 1 1 1
     1031  18  1  11 1 1 1
     1032  18  1  12 1 1 1
     1033  18  1  13 1 1 1
     1034  18  1  14 1 1 1
     1035  18  1  15 1 1 1
     1036  18  1  16 1 1 1
     1037  18  1  17 1 1 1
     1038  18  1  18 1 1 1
     1039  18  1  19 1 1 1
     1040  18  1  20 1 1 1
     1041  18  1  21 1 1 1
     1042  18  1  22 1 1 1
     1043  18  1  23 1 1 1
     1044  18  1  24 1 1 1
     1045  18  1  25 1 1 1
     1046  18  1  26 1 1 1
     1047  18  1  27 1 1 1
     1048  18  1  28 1 1 1
     1049  18  1  29 1 1 1
     1050  18  1  30 1 1 1
     1051  18  2  1 1 1 1
     1052  18  2  2 1 1 1
     1053  18  2  3 1 1 1
     1054  18  2  4 1 1 1
     1055  18  2  5 1 1 1
     1056  18  2  6 1 1 1
     1057  18  2  7 1 1 1
     1058  18  2  8 1 1 1
     1059  18  2  9 1 1 1
     1060  18  2  10 1 1 1
     1061  18  2  11 1 1 1
     1062  18  2  12 1 1 1
     1063  18  2  13 1 1 1
     1064  18  2  14 1 1 1
     1065  18  2  15 1 1 1
     1066  18  2  16 1 1 1
     1067  18  2  17 1 1 1
     1068  18  2  18 1 1 1
     1069  18  2  19 1 1 1
     1070  18  2  20 1 1 1
     1071  18  2  21 1 1 1
     1072  18  2  22 1 1 1
     1073  18  2  23 1 1 1
     1074  18  2  24 1 1 1
     1075  18  2  25 1 1 1
     1076  18  2  26 1 1 1
     1077  18  2  27 1 1 1
     1078  18  2  28 1 1 1
     1079  18  2  29 1 1 1
     1080  18  2  30 1 1 1
     1081  19  1  1 1 1 1
     1082  19  1  2 1 1 1
     1083  19  1  3 1 1 1
     1084  19  1  4 1 1 1
     1085  19  1  5 1 1 1
     1086  19  1  6 1 1 1
     1087  19  1  7 1 1 1
     1088  19  1  8 1 1 1
     1089  19  1  9 1 1 1
     1090  19  1  10 1 1 1
     1091  19  1  11 1 1 1
     1092  19  1  12 1 1 1
     1093  19  1  13 1 1 1
     1094  19  1  14 1 1 1
     1095  19  1  15 1 1 1
     1096  19  1  16 1 1 1
     1097  19  1  17 1 1 1
     1098  19  1  18 1 1 1
     1099  19  1  19 1 1 1
     1100  19  1  20 1 1 1
     1101  19  1  21 1 1 1
     1102  19  1  22 1 1 1
     1103  19  1  23 1 1 1
     1104  19  1  24 1 1 1
     1105  19  1  25 1 1 1
     1106  19  1  26 1 1 1
     1107  19  1  27 1 1 1
     1108  19  1  28 1 1 1
     1109  19  1  29 1 1 1
     1110  19  1  30 1 1 1
     1111  19  2  1 1 1 1
     1112  19  2  2 1 1 1
     1113  19  2  3 1 1 1
     1114  19  2  4 1 1 1
     1115  19  2  5 1 1 1
     1116  19  2  6 1 1 1
     1117  19  2  7 1 1 1
     1118  19  2  8 1 1 1
     1119  19  2  9 1 1 1
     1120  19  2  10 1 1 1
     1121  19  2  11 1 1 1
     1122  19  2  12 1 1 1
     1123  19  2  13 1 1 1
     1124  19  2  14 1 1 1
     1125  19  2  15 1 1 1
     1126  19  2  16 1 1 1
     1127  19  2  17 1 1 1
     1128  19  2  18 1 1 1
     1129  19  2  19 1 1 1
     1130  19  2  20 1 1 1
     1131  19  2  21 1 1 1
     1132  19  2  22 1 1 1
     1133  19  2  23 1 1 1
     1134  19  2  24 1 1 1
     1135  19  2  25 1 1 1
     1136  19  2  26 1 1 1
     1137  19  2  27 1 1 1
     1138  19  2  28 1 1 1
     1139  19  2  29 1 1 1
     1140  19  2  30 1 1 1
     1141  20  1  1 1 1 1
     1142  20  1  2 1 1 1
     1143  20  1  3 1 1 1
     1144  20  1  4 1 1 1
     1145  20  1  5 1 1 1
     1146  20  1  6 1 1 1
     1147  20  1  7 1 1 1
     1148  20  1  8 1 1 1
     1149  20  1  9 1 1 1
     1150  20  1  10 1 1 1
     1151  20  1  11 1 1 1
     1152  20  1  12 1 1 1
     1153  20  1  13 1 1 1
     1154  20  1  14 1 1 1
     1155  20  1  15 1 1 1
     1156  20  1  16 1 1 1
     1157  20  1  17 1 1 1
     1158  20  1  18 1 1 1
     1159  20  1  19 1 1 1
     1160  20  1  20 1 1 1
     1161  20  1  21 1 1 1
     1162  20  1  22 1 1 1
     1163  20  1  23 1 1 1
     1164  20  1  24 1 1 1
     1165  20  1  25 1 1 1
     1166  20  1  26 1 1 1
     1167  20  1  27 1 1 1
     1168  20  1  28 1 1 1
     1169  20  1  29 1 1 1
     1170  20  1  30 1 1 1
     1171  20  2  1 1 1 1
     1172  20  2  2 1 1 1
     1173  20  2  3 1 1 1
     1174  20  2  4 1 1 1
     1175  20  2  5 1 1 1
     1176  20  2  6 1 1 1
     1177  20  2  7 1 1 1
     1178  20  2  8 1 1 1
     1179  20  2  9 1 1 1
     1180  20  2  10 1 1 1
     1181  20  2  11 1 1 1
     1182  20  2  12 1 1 1
     1183  20  2  13 1 1 1
     1184  20  2  14 1 1 1
     1185  20  2  15 1 1 1
     1186  20  2  16 1 1 1
     1187  20  2  17 1 1 1
     1188  20  2  18 1 1 1
     1189  20  2  19 1 1 1
     1190  20  2  20 1 1 1
     1191  20  2  21 1 1 1
     1192  20  2  22 1 1 1
     1193  20  2  23 1 1 1
     1194  20  2  24 1 1 1
     1195  20  2  25 1 1 1
     1196  20  2  26 1 1 1
     1197  20  2  27 1 1 1
     1198  20  2  28 1 1 1
     1199  20  2  29 1 1 1
     1200  20  2  30 1 1 1
     1201  21  1  1 1 1 1
     1202  21  1  2 1 1 1
     1203  21  1  3 1 1 1
     1204  21  1  4 1 1 1
     1205  21  1  5 1 1 1
     1206  21  1  6 1 1 1
     1207  21  1  7 1 1 1
     1208  21  1  8 1 1 1
     1209  21  1  9 1 1 1
     1210  21  1  10 1 1 1
     1211  21  1  11 1 1 1
     1212  21  1  12 1 1 1
     1213  21  1  13 1 1 1
     1214  21  1  14 1 1 1
     1215  21  1  15 1 1 1
     1216  21  1  16 1 1 1
     1217  21  1  17 1 1 1
     1218  21  1  18 1 1 1
     1219  21  1  19 1 1 1
     1220  21  1  20 1 1 1
     1221  21  1  21 1 1 1
     1222  21  1  22 1 1 1
     1223  21  1  23 1 1 1
     1224  21  1  24 1 1 1
     1225  21  1  25 1 1 1
     1226  21  1  26 1 1 1
     1227  21  1  27 1 1 1
     1228  21  1  28 1 1 1
     1229  21  1  29 1 1 1
     1230  21  1  30 1 1 1
     1231  21  2  1 1 1 1
     1232  21  2  2 1 1 1
     1233  21  2  3 1 1 1
     1234  21  2  4 1 1 1
     1235  21  2  5 1 1 1
     1236  21  2  6 1 1 1
     1237  21  2  7 1 1 1
     1238  21  2  8 1 1 1
     1239  21  2  9 1 1 1
     1240  21  2  10 1 1 1
     1241  21  2  11 1 1 1
     1242  21  2  12 1 1 1
     1243  21  2  13 1 1 1
     1244  21  2  14 1 1 1
     1245  21  2  15 1 1 1
     1246  21  2  16 1 1 1
     1247  21  2  17 1 1 1
     1248  21  2  18 1 1 1
     1249  21  2  19 1 1 1
     1250  21  2  20 1 1 1
     1251  21  2  21 1 1 1
     1252  21  2  22 1 1 1
     1253  21  2  23 1 1 1
     1254  21  2  24 1 1 1
     1255  21  2  25 1 1 1
     1256  21  2  26 1 1 1
     1257  21  2  27 1 1 1
     1258  21  2  28 1 1 1
     1259  21  2  29 1 1 1
     1260  21  2  30 1 1 1
     1261  22  1  1 1 1 1
     1262  22  1  2 1 1 1
     1263  22  1  3 1 1 1
     1264  22  1  4 1 1 1
     1265  22  1  5 1 1 1
     1266  22  1  6 1 1 1
     1267  22  1  7 1 1 1
     1268  22  1  8 1 1 1
     1269  22  1  9 1 1 1
     1270  22  1  10 1 1 1
     1271  22  1  11 1 1 1
     1272  22  1  12 1 1 1
     1273  22  1  13 1 1 1
     1274  22  1  14 1 1 1
     1275  22  1  15 1 1 1
     1276  22  1  16 1 1 1
     1277  22  1  17 1 1 1
     1278  22  1  18 1 1 1
     1279  22  1  19 1 1 1
     1280  22  1  20 1 1 1
     1281  22  1  21 1 1 1
     1282  22  1  22 1 1 1
     1283  22  1  23 1 1 1
     1284  22  1  24 1 1 1
     1285  22  1  25 1 1 1
     1286  22  1  26 1 1 1
     1287  22  1  27 1 1 1
     1288  22  1  28 1 1 1
     1289  22  1  29 1 1 1
     1290  22  1  30 1 1 1
     1291  22  2  1 1 1 1
     1292  22  2  2 1 1 1
     1293  22  2  3 1 1 1
     1294  22  2  4 1 1 1
     1295  22  2  5 1 1 1
     1296  22  2  6 1 1 1
     1297  22  2  7 1 1 1
     1298  22  2  8 1 1 1
     1299  22  2  9 1 1 1
     1300  22  2  10 1 1 1
     1301  22  2  11 1 1 1
     1302  22  2  12 1 1 1
     1303  22  2  13 1 1 1
     1304  22  2  14 1 1 1
     1305  22  2  15 1 1 1
     1306  22  2  16 1 1 1
     1307  22  2  17 1 1 1
     1308  22  2  18 1 1 1
     1309  22  2  19 1 1 1
     1310  22  2  20 1 1 1
     1311  22  2  21 1 1 1
     1312  22  2  22 1 1 1
     1313  22  2  23 1 1 1
     1314  22  2  24 1 1 1
     1315  22  2  25 1 1 1
     1316  22  2  26 1 1 1
     1317  22  2  27 1 1 1
     1318  22  2  28 1 1 1
     1319  22  2  29 1 1 1
     1320  22  2  30 1 1 1
     1321  23  1  1 1 1 1
     1322  23  1  2 1 1 1
     1323  23  1  3 1 1 1
     1324  23  1  4 1 1 1
     1325  23  1  5 1 1 1
     1326  23  1  6 1 1 1
     1327  23  1  7 1 1 1
     1328  23  1  8 1 1 1
     1329  23  1  9 1 1 1
     1330  23  1  10 1 1 1
     1331  23  1  11 1 1 1
     1332  23  1  12 1 1 1
     1333  23  1  13 1 1 1
     1334  23  1  14 1 1 1
     1335  23  1  15 1 1 1
     1336  23  1  16 1 1 1
     1337  23  1  17 1 1 1
     1338  23  1  18 1 1 1
     1339  23  1  19 1 1 1
     1340  23  1  20 1 1 1
     1341  23  1  21 1 1 1
     1342  23  1  22 1 1 1
     1343  23  1  23 1 1 1
     1344  23  1  24 1 1 1
     1345  23  1  25 1 1 1
     1346  23  1  26 1 1 1
     1347  23  1  27 1 1 1
     1348  23  1  28 1 1 1
     1349  23  1  29 1 1 1
     1350  23  1  30 1 1 1
     1351  23  2  1 1 1 1
     1352  23  2  2 1 1 1
     1353  23  2  3 1 1 1
     1354  23  2  4 1 1 1
     1355  23  2  5 1 1 1
     1356  23  2  6 1 1 1
     1357  23  2  7 1 1 1
     1358  23  2  8 1 1 1
     1359  23  2  9 1 1 1
     1360  23  2  10 1 1 1
     1361  23  2  11 1 1 1
     1362  23  2  12 1 1 1
     1363  23  2  13 1 1 1
     1364  23  2  14 1 1 1
     1365  23  2  15 1 1 1
     1366  23  2  16 1 1 1
     1367  23  2  17 1 1 1
     1368  23  2  18 1 1 1
     1369  23  2  19 1 1 1
     1370  23  2  20 1 1 1
     1371  23  2  21 1 1 1
     1372  23  2  22 1 1 1
     1373  23  2  23 1 1 1
     1374  23  2  24 1 1 1
     1375  23  2  25 1 1 1
     1376  23  2  26 1 1 1
     1377  23  2  27 1 1 1
     1378  23  2  28 1 1 1
     1379  23  2  29 1 1 1
     1380  23  2  30 1 1 1
     1381  24  1  1 1 1 1
     1382  24  1  2 1 1 1
     1383  24  1  3 1 1 1
     1384  24  1  4 1 1 1
     1385  24  1  5 1 1 1
     1386  24  1  6 1 1 1
     1387  24  1  7 1 1 1
     1388  24  1  8 1 1 1
     1389  24  1  9 1 1 1
     1390  24  1  10 1 1 1
     1391  24  1  11 1 1 1
     1392  24  1  12 1 1 1
     1393  24  1  13 1 1 1
     1394  24  1  14 1 1 1
     1395  24  1  15 1 1 1
     1396  24  1  16 1 1 1
     1397  24  1  17 1 1 1
     1398  24  1  18 1 1 1
     1399  24  1  19 1 1 1
     1400  24  1  20 1 1 1
     1401  24  1  21 1 1 1
     1402  24  1  22 1 1 1
     1403  24  1  23 1 1 1
     1404  24  1  24 1 1 1
     1405  24  1  25 1 1 1
     1406  24  1  26 1 1 1
     1407  24  1  27 1 1 1
     1408  24  1  28 1 1 1
     1409  24  1  29 1 1 1
     1410  24  1  30 1 1 1
     1411  24  2  1 1 1 1
     1412  24  2  2 1 1 1
     1413  24  2  3 1 1 1
     1414  24  2  4 1 1 1
     1415  24  2  5 1 1 1
     1416  24  2  6 1 1 1
     1417  24  2  7 1 1 1
     1418  24  2  8 1 1 1
     1419  24  2  9 1 1 1
     1420  24  2  10 1 1 1
     1421  24  2  11 1 1 1
     1422  24  2  12 1 1 1
     1423  24  2  13 1 1 1
     1424  24  2  14 1 1 1
     1425  24  2  15 1 1 1
     1426  24  2  16 1 1 1
     1427  24  2  17 1 1 1
     1428  24  2  18 1 1 1
     1429  24  2  19 1 1 1
     1430  24  2  20 1 1 1
     1431  24  2  21 1 1 1
     1432  24  2  22 1 1 1
     1433  24  2  23 1 1 1
     1434  24  2  24 1 1 1
     1435  24  2  25 1 1 1
     1436  24  2  26 1 1 1
     1437  24  2  27 1 1 1
     1438  24  2  28 1 1 1
     1439  24  2  29 1 1 1
     1440  24  2  30 1 1 1
     1441  25  1  1 1 1 1
     1442  25  1  2 1 1 1
     1443  25  1  3 1 1 1
     1444  25  1  4 1 1 1
     1445  25  1  5 1 1 1
     1446  25  1  6 1 1 1
     1447  25  1  7 1 1 1
     1448  25  1  8 1 1 1
     1449  25  1  9 1 1 1
     1450  25  1  10 1 1 1
     1451  25  1  11 1 1 1
     1452  25  1  12 1 1 1
     1453  25  1  13 1 1 1
     1454  25  1  14 1 1 1
     1455  25  1  15 1 1 1
     1456  25  1  16 1 1 1
     1457  25  1  17 1 1 1
     1458  25  1  18 1 1 1
     1459  25  1  19 1 1 1
     1460  25  1  20 1 1 1
     1461  25  1  21 1 1 1
     1462  25  1  22 1 1 1
     1463  25  1  23 1 1 1
     1464  25  1  24 1 1 1
     1465  25  1  25 1 1 1
     1466  25  1  26 1 1 1
     1467  25  1  27 1 1 1
     1468  25  1  28 1 1 1
     1469  25  1  29 1 1 1
     1470  25  1  30 1 1 1
     1471  25  2  1 1 1 1
     1472  25  2  2 1 1 1
     1473  25  2  3 1 1 1
     1474  25  2  4 1 1 1
     1475  25  2  5 1 1 1
     1476  25  2  6 1 1 1
     1477  25  2  7 1 1 1
     1478  25  2  8 1 1 1
     1479  25  2  9 1 1 1
     1480  25  2  10 1 1 1
     1481  25  2  11 1 1 1
     1482  25  2  12 1 1 1
     1483  25  2  13 1 1 1
     1484  25  2  14 1 1 1
     1485  25  2  15 1 1 1
     1486  25  2  16 1 1 1
     1487  25  2  17 1 1 1
     1488  25  2  18 1 1 1
     1489  25  2  19 1 1 1
     1490  25  2  20 1 1 1
     1491  25  2  21 1 1 1
     1492  25  2  22 1 1 1
     1493  25  2  23 1 1 1
     1494  25  2  24 1 1 1
     1495  25  2  25 1 1 1
     1496  25  2  26 1 1 1
     1497  25  2  27 1 1 1
     1498  25  2  28 1 1 1
     1499  25  2  29 1 1 1
     1500  25  2  30 1 1 1
     1501  26  1  1 1 1 1
     1502  26  1  2 1 1 1
     1503  26  1  3 1 1 1
     1504  26  1  4 1 1 1
     1505  26  1  5 1 1 1
     1506  26  1  6 1 1 1
     1507  26  1  7 1 1 1
     1508  26  1  8 1 1 1
     1509  26  1  9 1 1 1
     1510  26  1  10 1 1 1
     1511  26  1  11 1 1 1
     1512  26  1  12 1 1 1
     1513  26  1  13 1 1 1
     1514  26  1  14 1 1 1
     1515  26  1  15 1 1 1
     1516  26  1  16 1 1 1
     1517  26  1  17 1 1 1
     1518  26  1  18 1 1 1
     1519  26  1  19 1 1 1
     1520  26  1  20 1 1 1
     1521  26  1  21 1 1 1
     1522  26  1  22 1 1 1
     1523  26  1  23 1 1 1
     1524  26  1  24 1 1 1
     1525  26  1  25 1 1 1
     1526  26  1  26 1 1 1
     1527  26  1  27 1 1 1
     1528  26  1  28 1 1 1
     1529  26  1  29 1 1 1
     1530  26  1  30 1 1 1
     1531  26  2  1 1 1 1
     1532  26  2  2 1 1 1
     1533  26  2  3 1 1 1
     1534  26  2  4 1 1 1
     1535  26  2  5 1 1 1
     1536  26  2  6 1 1 1
     1537  26  2  7 1 1 1
     1538  26  2  8 1 1 1
     1539  26  2  9 1 1 1
     1540  26  2  10 1 1 1
     1541  26  2  11 1 1 1
     1542  26  2  12 1 1 1
     1543  26  2  13 1 1 1
     1544  26  2  14 1 1 1
     1545  26  2  15 1 1 1
     1546  26  2  16 1 1 1
     1547  26  2  17 1 1 1
     1548  26  2  18 1 1 1
     1549  26  2  19 1 1 1
     1550  26  2  20 1 1 1
     1551  26  2  21 1 1 1
     1552  26  2  22 1 1 1
     1553  26  2  23 1 1 1
     1554  26  2  24 1 1 1
     1555  26  2  25 1 1 1
     1556  26  2  26 1 1 1
     1557  26  2  27 1 1 1
     1558  26  2  28 1 1 1
     1559  26  2  29 1 1 1
     1560  26  2  30 1 1 1
     1561  27  1  1 1 1 1
     1562  27  1  2 1 1 1
     1563  27  1  3 1 1 1
     1564  27  1  4 1 1 1
     1565  27  1  5 1 1 1
     1566  27  1  6 1 1 1
     1567  27  1  7 1 1 1
     1568  27  1  8 1 1 1
     1569  27  1  9 1 1 1
     1570  27  1  10 1 1 1
     1571  27  1  11 1 1 1
     1572  27  1  12 1 1 1
     1573  27  1  13 1 1 1
     1574  27  1  14 1 1 1
     1575  27  1  15 1 1 1
     1576  27  1  16 1 1 1
     1577  27  1  17 1 1 1
     1578  27  1  18 1 1 1
     1579  27  1  19 1 1 1
     1580  27  1  20 1 1 1
     1581  27  1  21 1 1 1
     1582  27  1  22 1 1 1
     1583  27  1  23 1 1 1
     1584  27  1  24 1 1 1
     1585  27  1  25 1 1 1
     1586  27  1  26 1 1 1
     1587  27  1  27 1 1 1
     1588  27  1  28 1 1 1
     1589  27  1  29 1 1 1
     1590  27  1  30 1 1 1
     1591  27  2  1 1 1 1
     1592  27  2  2 1 1 1
     1593  27  2  3 1 1 1
     1594  27  2  4 1 1 1
     1595  27  2  5 1 1 1
     1596  27  2  6 1 1 1
     1597  27  2  7 1 1 1
     1598  27  2  8 1 1 1
     1599  27  2  9 1 1 1
     1600  27  2  10 1 1 1
     1601  27  2  11 1 1 1
     1602  27  2  12 1 1 1
     1603  27  2  13 1 1 1
     1604  27  2  14 1 1 1
     1605  27  2  15 1 1 1
     1606  27  2  16 1 1 1
     1607  27  2  17 1 1 1
     1608  27  2  18 1 1 1
     1609  27  2  19 1 1 1
     1610  27  2  20 1 1 1
     1611  27  2  21 1 1 1
     1612  27  2  22 1 1 1
     1613  27  2  23 1 1 1
     1614  27  2  24 1 1 1
     1615  27  2  25 1 1 1
     1616  27  2  26 1 1 1
     1617  27  2  27 1 1 1
     1618  27  2  28 1 1 1
     1619  27  2  29 1 1 1
     1620  27  2  30 1 1 1
     1621  28  1  1 1 1 1
     1622  28  1  2 1 1 1
     1623  28  1  3 1 1 1
     1624  28  1  4 1 1 1
     1625  28  1  5 1 1 1
     1626  28  1  6 1 1 1
     1627  28  1  7 1 1 1
     1628  28  1  8 1 1 1
     1629  28  1  9 1 1 1
     1630  28  1  10 1 1 1
     1631  28  1  11 1 1 1
     1632  28  1  12 1 1 1
     1633  28  1  13 1 1 1
     1634  28  1  14 1 1 1
     1635  28  1  15 1 1 1
     1636  28  1  16 1 1 1
     1637  28  1  17 1 1 1
     1638  28  1  18 1 1 1
     1639  28  1  19 1 1 1
     1640  28  1  20 1 1 1
     1641  28  1  21 1 1 1
     1642  28  1  22 1 1 1
     1643  28  1  23 1 1 1
     1644  28  1  24 1 1 1
     1645  28  1  25 1 1 1
     1646  28  1  26 1 1 1
     1647  28  1  27 1 1 1
     1648  28  1  28 1 1 1
     1649  28  1  29 1 1 1
     1650  28  1  30 1 1 1
     1651  28  2  1 1 1 1
     1652  28  2  2 1 1 1
     1653  28  2  3 1 1 1
     1654  28  2  4 1 1 1
     1655  28  2  5 1 1 1
     1656  28  2  6 1 1 1
     1657  28  2  7 1 1 1
     1658  28  2  8 1 1 1
     1659  28  2  9 1 1 1
     1660  28  2  10 1 1 1
     1661  28  2  11 1 1 1
     1662  28  2  12 1 1 1
     1663  28  2  13 1 1 1
     1664  28  2  14 1 1 1
     1665  28  2  15 1 1 1
     1666  28  2  16 1 1 1
     1667  28  2  17 1 1 1
     1668  28  2  18 1 1 1
     1669  28  2  19 1 1 1
     1670  28  2  20 1 1 1
     1671  28  2  21 1 1 1
     1672  28  2  22 1 1 1
     1673  28  2  23 1 1 1
     1674  28  2  24 1 1 1
     1675  28  2  25 1 1 1
     1676  28  2  26 1 1 1
     1677  28  2  27 1 1 1
     1678  28  2  28 1 1 1
     1679  28  2  29 1 1 1
     1680  28  2  30 1 1 1