>GEOMETRY   sphere; AX,AY,AZ= 0.2000 0.2000 0.2000
     3544 = NAT 
  1.000000  0.000000  0.000000 = A_1 vector
  0.000000  1.000000  0.000000 = A_2 vector
  1.000000  1.000000  1.000000 = lattice spacings (d_x,d_y,d_z)/d
 -0.00000 -0.00000 -0.00000 = lattice offset x0(1-3) = (x_TF, y_TF, z_TF)/d for dipole 0 0 0
     JA  IX  IY  IZ ICOMP(x,y,z)
     1  1  6  8 1 1 1
     2  1  6  9 1 1 1
     3  1  6  10 1 1 1
     4  1  6  11 1 1 1
     5  1  7  7 1 1 1
     6  1  7  8 1 1 1
     7  1  7  9 1 1 1
     8  1  7  10 1 1 1
     9  1  7  11 1 1 1
     10  1  7  12 1 1 1
     11  1  8  6 1 1 1
     12  1  8  7 1 1 1
     13  1  8  8 1 1 1
     14  1  8  9 1 1 1
     15  1  8  10 1 1 1
     16  1  8  11 1 1 1
     17  1  8  12 1 1 1
     18  1  8  13 1 1 1
     19  1  9  6 1 1 1
     20  1  9  7 1 1 1
     21  1  9  8 1 1 1
     22  1  9  9 1 1 1
     23  1  9  10 1 1 1
     24  1  9  11 1 1 1
     25  1  9  12 1 1 1
     26  1  9  13 1 1 1
     27  1  10  6 1 1 1
     28  1  10  7 1 1 1
     29  1  10  8 1 1 1
     30  1  10  9 1 1 1
     31  1  10  10 1 1 1
     32  1  10  11 1 1 1
     33  1  10  12 1 1 1
     34  1  10  13 1 1 1
     35  1  11  6 1 1 1
     36  1  11  7 1 1 1
     37  1  11  8 1 1 1
     38  1  11  9 1 1 1
     39  1  11  10 1 1 1
     40  1  11  11 1 1 1
     41  1  11  12 1 1 1
     42  1  11  13 1 1 1
     43  1  12  7 1 1 1
     44  1  12  8 1 1 1
     45  1  12  9 1 1 1
     46  1  12  10 1 1 1
     47  1  12  11 1 1 1
     48  1  12  12 1 1 1
     49  1  13  8 1 1 1
     50  1  13  9 1 1 1
     51  1  13  10 1 1 1
     52  1  13  11 1 1 1
     53  2  4  8 1 1 1
     54  2  4  9 1 1 1
     55  2  4  10 1 1 1
     56  2  4  11 1 1 1
     57  2  5  6 1 1 1
     58  2  5  7 1 1 1
     59  2  5  8 1 1 1
     60  2  5  9 1 1 1
     61  2  5  10 1 1 1
     62  2  5  11 1 1 1
     63  2  5  12 1 1 1
     64  2  5  13 1 1 1
     65  2  6  5 1 1 1
     66  2  6  6 1 1 1
     67  2  6  7 1 1 1
     68  2  6  8 1 1 1
     69  2  6  9 1 1 1
     70  2  6  10 1 1 1
     71  2  6  11 1 1 1
     72  2  6  12 1 1 1
     73  2  6  13 1 1 1
     74  2  6  14 1 1 1
     75  2  7  5 1 1 1
     76  2  7  6 1 1 1
     77  2  7  7 1 1 1
     78  2  7  8 1 1 1
     79  2  7  9 1 1 1
     80  2  7  10 1 1 1
     81  2  7  11 1 1 1
     82  2  7  12 1 1 1
     83  2  7  13 1 1 1
     84  2  7  14 1 1 1
     85  2  8  4 1 1 1
     86  2  8  5 1 1 1
     87  2  8  6 1 1 1
     88  2  8  7 1 1 1
     89  2  8  8 1 1 1
     90  2  8  9 1 1 1
     91  2  8  10 1 1 1
     92  2  8  11 1 1 1
     93  2  8  12 1 1 1
     94  2  8  13 1 1 1
     95  2  8  14 1 1 1
     96  2  8  15 1 1 1
     97  2  9  4 1 1 1
     98  2  9  5 1 1 1
     99  2  9  6 1 1 1
     100  2  9  7 1 1 1
     101  2  9  8 1 1 1
     102  2  9  9 1 1 1
     103  2  9  10 1 1 1
     104  2  9  11 1 1 1
     105  2  9  12 1 1 1
     106  2  9  13 1 1 1
     107  2  9  14 1 1 1
     108  2  9  15 1 1 1
     109  2  10  4 1 1 1
     110  2  10  5 1 1 1
     111  2  10  6 1 1 1
     112  2  10  7 1 1 1
     113  2  10  8 1 1 1
     114  2  10  9 1 1 1
     115  2  10  10 1 1 1
     116  2  10  11 1 1 1
     117  2  10  12 1 1 1
     118  2  10  13 1 1 1
     119  2  10  14 1 1 1
     120  2  10  15 1 1 1
     121  2  11  4 1 1 1
     122  2  11  5 1 1 1
     123  2  11  6 1 1 1
     124  2  11  7 1 1 1
     125  2  11  8 1 1 1
     126  2  11  9 1 1 1
     127  2  11  10 1 1 1
     128  2  11  11 1 1 1
     129  2  11  12 1 1 1
     130  2  11  13 1 1 1
     131  2  11  14 1 1 1
     132  2  11  15 1 1 1
     133  2  12  5 1 1 1
     134  2  12  6 1 1 1
     135  2  12  7 1 1 1
     136  2  12  8 1 1 1
     137  2  12  9 1 1 1
     138  2  12  10 1 1 1
     139  2  12  11 1 1 1
     140  2  12  12 1 1 1
     141  2  12  13 1 1 1
     142  2  12  14 1 1 1
     143  2  13  5 1 1 1
     144  2  13  6 1 1 1
     145  2  13  7 1 1 1
     146  2  13  8 1 1 1
     147  2  13  9 1 1 1
     148  2  13  10 1 1 1
     149  2  13  11 1 1 1
     150  2  13  12 1 1 1
     151  2  13  13 1 1 1
     152  2  13  14 1 1 1
     153  2  14  6 1 1 1
     154  2  14  7 1 1 1
     155  2  14  8 1 1 1
     156  2  14  9 1 1 1
     157  2  14  10 1 1 1
     158  2  14  11 1 1 1
     159  2  14  12 1 1 1
     160  2  14  13 1 1 1
     161  2  15  8 1 1 1
     162  2  15  9 1 1 1
     163  2  15  10 1 1 1
     164  2  15  11 1 1 1
     165  3  3  8 1 1 1
     166  3  3  9 1 1 1
     167  3  3  10 1 1 1
     168  3  3  11 1 1 1
     169  3  4  6 1 1 1
     170  3  4  7 1 1 1
     171  3  4  8 1 1 1
     172  3  4  9 1 1 1
     173  3  4  10 1 1 1
     174  3  4  11 1 1 1
     175  3  4  12 1 1 1
     176  3  4  13 1 1 1
     177  3  5  5 1 1 1
     178  3  5  6 1 1 1
     179  3  5  7 1 1 1
     180  3  5  8 1 1 1
     181  3  5  9 1 1 1
     182  3  5  10 1 1 1
     183  3  5  11 1 1 1
     184  3  5  12 1 1 1
     185  3  5  13 1 1 1
     186  3  5  14 1 1 1
     187  3  6  4 1 1 1
     188  3  6  5 1 1 1
     189  3  6  6 1 1 1
     190  3  6  7 1 1 1
     191  3  6  8 1 1 1
     192  3  6  9 1 1 1
     193  3  6  10 1 1 1
     194  3  6  11 1 1 1
     195  3  6  12 1 1 1
     196  3  6  13 1 1 1
     197  3  6  14 1 1 1
     198  3  6  15 1 1 1
     199  3  7  4 1 1 1
     200  3  7  5 1 1 1
     201  3  7  6 1 1 1
     202  3  7  7 1 1 1
     203  3  7  8 1 1 1
     204  3  7  9 1 1 1
     205  3  7  10 1 1 1
     206  3  7  11 1 1 1
     207  3  7  12 1 1 1
     208  3  7  13 1 1 1
     209  3  7  14 1 1 1
     210  3  7  15 1 1 1
     211  3  8  3 1 1 1
     212  3  8  4 1 1 1
     213  3  8  5 1 1 1
     214  3  8  6 1 1 1
     215  3  8  7 1 1 1
     216  3  8  8 1 1 1
     217  3  8  9 1 1 1
     218  3  8  10 1 1 1
     219  3  8  11 1 1 1
     220  3  8  12 1 1 1
     221  3  8  13 1 1 1
     222  3  8  14 1 1 1
     223  3  8  15 1 1 1
     224  3  8  16 1 1 1
     225  3  9  3 1 1 1
     226  3  9  4 1 1 1
     227  3  9  5 1 1 1
     228  3  9  6 1 1 1
     229  3  9  7 1 1 1
     230  3  9  8 1 1 1
     231  3  9  9 1 1 1
     232  3  9  10 1 1 1
     233  3  9  11 1 1 1
     234  3  9  12 1 1 1
     235  3  9  13 1 1 1
     236  3  9  14 1 1 1
     237  3  9  15 1 1 1
     238  3  9  16 1 1 1
     239  3  10  3 1 1 1
     240  3  10  4 1 1 1
     241  3  10  5 1 1 1
     242  3  10  6 1 1 1
     243  3  10  7 1 1 1
     244  3  10  8 1 1 1
     245  3  10  9 1 1 1
     246  3  10  10 1 1 1
     247  3  10  11 1 1 1
     248  3  10  12 1 1 1
     249  3  10  13 1 1 1
     250  3  10  14 1 1 1
     251  3  10  15 1 1 1
     252  3  10  16 1 1 1
     253  3  11  3 1 1 1
     254  3  11  4 1 1 1
     255  3  11  5 1 1 1
     256  3  11  6 1 1 1
     257  3  11  7 1 1 1
     258  3  11  8 1 1 1
     259  3  11  9 1 1 1
     260  3  11  10 1 1 1
     261  3  11  11 1 1 1
     262  3  11  12 1 1 1
     263  3  11  13 1 1 1
     264  3  11  14 1 1 1
     265  3  11  15 1 1 1
     266  3  11  16 1 1 1
     267  3  12  4 1 1 1
     268  3  12  5 1 1 1
     269  3  12  6 1 1 1
     270  3  12  7 1 1 1
     271  3  12  8 1 1 1
     272  3  12  9 1 1 1
     273  3  12  10 1 1 1
     274  3  12  11 1 1 1
     275  3  12  12 1 1 1
     276  3  12  13 1 1 1
     277  3  12  14 1 1 1
     278  3  12  15 1 1 1
     279  3  13  4 1 1 1
     280  3  13  5 1 1 1
     281  3  13  6 1 1 1
     282  3  13  7 1 1 1
     283  3  13  8 1 1 1
     284  3  13  9 1 1 1
     285  3  13  10 1 1 1
     286  3  13  11 1 1 1
     287  3  13  12 1 1 1
     288  3  13  13 1 1 1
     289  3  13  14 1 1 1
     290  3  13  15 1 1 1
     291  3  14  5 1 1 1
     292  3  14  6 1 1 1
     293  3  14  7 1 1 1
     294  3  14  8 1 1 1
     295  3  14  9 1 1 1
     296  3  14  10 1 1 1
     297  3  14  11 1 1 1
     298  3  14  12 1 1 1
     299  3  14  13 1 1 1
     300  3  14  14 1 1 1
     301  3  15  6 1 1 1
     302  3  15  7 1 1 1
     303  3  15  8 1 1 1
     304  3  15  9 1 1 1
     305  3  15  10 1 1 1
     306  3  15  11 1 1 1
     307  3  15  12 1 1 1
     308  3  15  13 1 1 1
     309  3  16  8 1 1 1
     310  3  16  9 1 1 1
     311  3  16  10 1 1 1
     312  3  16  11 1 1 1
     313  4  2  8 1 1 1
     314  4  2  9 1 1 1
     315  4  2  10 1 1 1
     316  4  2  11 1 1 1
     317  4  3  6 1 1 1
     318  4  3  7 1 1 1
     319  4  3  8 1 1 1
     320  4  3  9 1 1 1
     321  4  3  10 1 1 1
     322  4  3  11 1 1 1
     323  4  3  12 1 1 1
     324  4  3  13 1 1 1
     325  4  4  5 1 1 1
     326  4  4  6 1 1 1
     327  4  4  7 1 1 1
     328  4  4  8 1 1 1
     329  4  4  9 1 1 1
     330  4  4  10 1 1 1
     331  4  4  11 1 1 1
     332  4  4  12 1 1 1
     333  4  4  13 1 1 1
     334  4  4  14 1 1 1
     335  4  5  4 1 1 1
     336  4  5  5 1 1 1
     337  4  5  6 1 1 1
     338  4  5  7 1 1 1
     339  4  5  8 1 1 1
     340  4  5  9 1 1 1
     341  4  5  10 1 1 1
     342  4  5  11 1 1 1
     343  4  5  12 1 1 1
     344  4  5  13 1 1 1
     345  4  5  14 1 1 1
     346  4  5  15 1 1 1
     347  4  6  3 1 1 1
     348  4  6  4 1 1 1
     349  4  6  5 1 1 1
     350  4  6  6 1 1 1
     351  4  6  7 1 1 1
     352  4  6  8 1 1 1
     353  4  6  9 1 1 1
     354  4  6  10 1 1 1
     355  4  6  11 1 1 1
     356  4  6  12 1 1 1
     357  4  6  13 1 1 1
     358  4  6  14 1 1 1
     359  4  6  15 1 1 1
     360  4  6  16 1 1 1
     361  4  7  3 1 1 1
     362  4  7  4 1 1 1
     363  4  7  5 1 1 1
     364  4  7  6 1 1 1
     365  4  7  7 1 1 1
     366  4  7  8 1 1 1
     367  4  7  9 1 1 1
     368  4  7  10 1 1 1
     369  4  7  11 1 1 1
     370  4  7  12 1 1 1
     371  4  7  13 1 1 1
     372  4  7  14 1 1 1
     373  4  7  15 1 1 1
     374  4  7  16 1 1 1
     375  4  8  2 1 1 1
     376  4  8  3 1 1 1
     377  4  8  4 1 1 1
     378  4  8  5 1 1 1
     379  4  8  6 1 1 1
     380  4  8  7 1 1 1
     381  4  8  8 1 1 1
     382  4  8  9 1 1 1
     383  4  8  10 1 1 1
     384  4  8  11 1 1 1
     385  4  8  12 1 1 1
     386  4  8  13 1 1 1
     387  4  8  14 1 1 1
     388  4  8  15 1 1 1
     389  4  8  16 1 1 1
     390  4  8  17 1 1 1
     391  4  9  2 1 1 1
     392  4  9  3 1 1 1
     393  4  9  4 1 1 1
     394  4  9  5 1 1 1
     395  4  9  6 1 1 1
     396  4  9  7 1 1 1
     397  4  9  8 1 1 1
     398  4  9  9 1 1 1
     399  4  9  10 1 1 1
     400  4  9  11 1 1 1
     401  4  9  12 1 1 1
     402  4  9  13 1 1 1
     403  4  9  14 1 1 1
     404  4  9  15 1 1 1
     405  4  9  16 1 1 1
     406  4  9  17 1 1 1
     407  4  10  2 1 1 1
     408  4  10  3 1 1 1
     409  4  10  4 1 1 1
     410  4  10  5 1 1 1
     411  4  10  6 1 1 1
     412  4  10  7 1 1 1
     413  4  10  8 1 1 1
     414  4  10  9 1 1 1
     415  4  10  10 1 1 1
     416  4  10  11 1 1 1
     417  4  10  12 1 1 1
     418  4  10  13 1 1 1
     419  4  10  14 1 1 1
     420  4  10  15 1 1 1
     421  4  10  16 1 1 1
     422  4  10  17 1 1 1
     423  4  11  2 1 1 1
     424  4  11  3 1 1 1
     425  4  11  4 1 1 1
     426  4  11  5 1 1 1
     427  4  11  6 1 1 1
     428  4  11  7 1 1 1
     429  4  11  8 1 1 1
     430  4  11  9 1 1 1
     431  4  11  10 1 1 1
     432  4  11  11 1 1 1
     433  4  11  12 1 1 1
     434  4  11  13 1 1 1
     435  4  11  14 1 1 1
     436  4  11  15 1 1 1
     437  4  11  16 1 1 1
     438  4  11  17 1 1 1
     439  4  12  3 1 1 1
     440  4  12  4 1 1 1
     441  4  12  5 1 1 1
     442  4  12  6 1 1 1
     443  4  12  7 1 1 1
     444  4  12  8 1 1 1
     445  4  12  9 1 1 1
     446  4  12  10 1 1 1
     447  4  12  11 1 1 1
     448  4  12  12 1 1 1
     449  4  12  13 1 1 1
     450  4  12  14 1 1 1
     451  4  12  15 1 1 1
     452  4  12  16 1 1 1
     453  4  13  3 1 1 1
     454  4  13  4 1 1 1
     455  4  13  5 1 1 1
     456  4  13  6 1 1 1
     457  4  13  7 1 1 1
     458  4  13  8 1 1 1
     459  4  13  9 1 1 1
     460  4  13  10 1 1 1
     461  4  13  11 1 1 1
     462  4  13  12 1 1 1
     463  4  13  13 1 1 1
     464  4  13  14 1 1 1
     465  4  13  15 1 1 1
     466  4  13  16 1 1 1
     467  4  14  4 1 1 1
     468  4  14  5 1 1 1
     469  4  14  6 1 1 1
     470  4  14  7 1 1 1
     471  4  14  8 1 1 1
     472  4  14  9 1 1 1
     473  4  14  10 1 1 1
     474  4  14  11 1 1 1
     475  4  14  12 1 1 1
     476  4  14  13 1 1 1
     477  4  14  14 1 1 1
     478  4  14  15 1 1 1
     479  4  15  5 1 1 1
     480  4  15  6 1 1 1
     481  4  15  7 1 1 1
     482  4  15  8 1 1 1
     483  4  15  9 1 1 1
     484  4  15  10 1 1 1
     485  4  15  11 1 1 1
     486  4  15  12 1 1 1
     487  4  15  13 1 1 1
     488  4  15  14 1 1 1
     489  4  16  6 1 1 1
     490  4  16  7 1 1 1
     491  4  16  8 1 1 1
     492  4  16  9 1 1 1
     493  4  16  10 1 1 1
     494  4  16  11 1 1 1
     495  4  16  12 1 1 1
     496  4  16  13 1 1 1
     497  4  17  8 1 1 1
     498  4  17  9 1 1 1
     499  4  17  10 1 1 1
     500  4  17  11 1 1 1
     501  5  2  6 1 1 1
     502  5  2  7 1 1 1
     503  5  2  8 1 1 1
     504  5  2  9 1 1 1
     505  5  2  10 1 1 1
     506  5  2  11 1 1 1
     507  5  2  12 1 1 1
     508  5  2  13 1 1 1
     509  5  3  5 1 1 1
     510  5  3  6 1 1 1
     511  5  3  7 1 1 1
     512  5  3  8 1 1 1
     513  5  3  9 1 1 1
     514  5  3  10 1 1 1
     515  5  3  11 1 1 1
     516  5  3  12 1 1 1
     517  5  3  13 1 1 1
     518  5  3  14 1 1 1
     519  5  4  4 1 1 1
     520  5  4  5 1 1 1
     521  5  4  6 1 1 1
     522  5  4  7 1 1 1
     523  5  4  8 1 1 1
     524  5  4  9 1 1 1
     525  5  4  10 1 1 1
     526  5  4  11 1 1 1
     527  5  4  12 1 1 1
     528  5  4  13 1 1 1
     529  5  4  14 1 1 1
     530  5  4  15 1 1 1
     531  5  5  3 1 1 1
     532  5  5  4 1 1 1
     533  5  5  5 1 1 1
     534  5  5  6 1 1 1
     535  5  5  7 1 1 1
     536  5  5  8 1 1 1
     537  5  5  9 1 1 1
     538  5  5  10 1 1 1
     539  5  5  11 1 1 1
     540  5  5  12 1 1 1
     541  5  5  13 1 1 1
     542  5  5  14 1 1 1
     543  5  5  15 1 1 1
     544  5  5  16 1 1 1
     545  5  6  2 1 1 1
     546  5  6  3 1 1 1
     547  5  6  4 1 1 1
     548  5  6  5 1 1 1
     549  5  6  6 1 1 1
     550  5  6  7 1 1 1
     551  5  6  8 1 1 1
     552  5  6  9 1 1 1
     553  5  6  10 1 1 1
     554  5  6  11 1 1 1
     555  5  6  12 1 1 1
     556  5  6  13 1 1 1
     557  5  6  14 1 1 1
     558  5  6  15 1 1 1
     559  5  6  16 1 1 1
     560  5  6  17 1 1 1
     561  5  7  2 1 1 1
     562  5  7  3 1 1 1
     563  5  7  4 1 1 1
     564  5  7  5 1 1 1
     565  5  7  6 1 1 1
     566  5  7  7 1 1 1
     567  5  7  8 1 1 1
     568  5  7  9 1 1 1
     569  5  7  10 1 1 1
     570  5  7  11 1 1 1
     571  5  7  12 1 1 1
     572  5  7  13 1 1 1
     573  5  7  14 1 1 1
     574  5  7  15 1 1 1
     575  5  7  16 1 1 1
     576  5  7  17 1 1 1
     577  5  8  2 1 1 1
     578  5  8  3 1 1 1
     579  5  8  4 1 1 1
     580  5  8  5 1 1 1
     581  5  8  6 1 1 1
     582  5  8  7 1 1 1
     583  5  8  8 1 1 1
     584  5  8  9 1 1 1
     585  5  8  10 1 1 1
     586  5  8  11 1 1 1
     587  5  8  12 1 1 1
     588  5  8  13 1 1 1
     589  5  8  14 1 1 1
     590  5  8  15 1 1 1
     591  5  8  16 1 1 1
     592  5  8  17 1 1 1
     593  5  9  2 1 1 1
     594  5  9  3 1 1 1
     595  5  9  4 1 1 1
     596  5  9  5 1 1 1
     597  5  9  6 1 1 1
     598  5  9  7 1 1 1
     599  5  9  8 1 1 1
     600  5  9  9 1 1 1
     601  5  9  10 1 1 1
     602  5  9  11 1 1 1
     603  5  9  12 1 1 1
     604  5  9  13 1 1 1
     605  5  9  14 1 1 1
     606  5  9  15 1 1 1
     607  5  9  16 1 1 1
     608  5  9  17 1 1 1
     609  5  10  2 1 1 1
     610  5  10  3 1 1 1
     611  5  10  4 1 1 1
     612  5  10  5 1 1 1
     613  5  10  6 1 1 1
     614  5  10  7 1 1 1
     615  5  10  8 1 1 1
     616  5  10  9 1 1 1
     617  5  10  10 1 1 1
     618  5  10  11 1 1 1
     619  5  10  12 1 1 1
     620  5  10  13 1 1 1
     621  5  10  14 1 1 1
     622  5  10  15 1 1 1
     623  5  10  16 1 1 1
     624  5  10  17 1 1 1
     625  5  11  2 1 1 1
     626  5  11  3 1 1 1
     627  5  11  4 1 1 1
     628  5  11  5 1 1 1
     629  5  11  6 1 1 1
     630  5  11  7 1 1 1
     631  5  11  8 1 1 1
     632  5  11  9 1 1 1
     633  5  11  10 1 1 1
     634  5  11  11 1 1 1
     635  5  11  12 1 1 1
     636  5  11  13 1 1 1
     637  5  11  14 1 1 1
     638  5  11  15 1 1 1
     639  5  11  16 1 1 1
     640  5  11  17 1 1 1
     641  5  12  2 1 1 1
     642  5  12  3 1 1 1
     643  5  12  4 1 1 1
     644  5  12  5 1 1 1
     645  5  12  6 1 1 1
     646  5  12  7 1 1 1
     647  5  12  8 1 1 1
     648  5  12  9 1 1 1
     649  5  12  10 1 1 1
     650  5  12  11 1 1 1
     651  5  12  12 1 1 1
     652  5  12  13 1 1 1
     653  5  12  14 1 1 1
     654  5  12  15 1 1 1
     655  5  12  16 1 1 1
     656  5  12  17 1 1 1
     657  5  13  2 1 1 1
     658  5  13  3 1 1 1
     659  5  13  4 1 1 1
     660  5  13  5 1 1 1
     661  5  13  6 1 1 1
     662  5  13  7 1 1 1
     663  5  13  8 1 1 1
     664  5  13  9 1 1 1
     665  5  13  10 1 1 1
     666  5  13  11 1 1 1
     667  5  13  12 1 1 1
     668  5  13  13 1 1 1
     669  5  13  14 1 1 1
     670  5  13  15 1 1 1
     671  5  13  16 1 1 1
     672  5  13  17 1 1 1
     673  5  14  3 1 1 1
     674  5  14  4 1 1 1
     675  5  14  5 1 1 1
     676  5  14  6 1 1 1
     677  5  14  7 1 1 1
     678  5  14  8 1 1 1
     679  5  14  9 1 1 1
     680  5  14  10 1 1 1
     681  5  14  11 1 1 1
     682  5  14  12 1 1 1
     683  5  14  13 1 1 1
     684  5  14  14 1 1 1
     685  5  14  15 1 1 1
     686  5  14  16 1 1 1
     687  5  15  4 1 1 1
     688  5  15  5 1 1 1
     689  5  15  6 1 1 1
     690  5  15  7 1 1 1
     691  5  15  8 1 1 1
     692  5  15  9 1 1 1
     693  5  15  10 1 1 1
     694  5  15  11 1 1 1
     695  5  15  12 1 1 1
     696  5  15  13 1 1 1
     697  5  15  14 1 1 1
     698  5  15  15 1 1 1
     699  5  16  5 1 1 1
     700  5  16  6 1 1 1
     701  5  16  7 1 1 1
     702  5  16  8 1 1 1
     703  5  16  9 1 1 1
     704  5  16  10 1 1 1
     705  5  16  11 1 1 1
     706  5  16  12 1 1 1
     707  5  16  13 1 1 1
     708  5  16  14 1 1 1
     709  5  17  6 1 1 1
     710  5  17  7 1 1 1
     711  5  17  8 1 1 1
     712  5  17  9 1 1 1
     713  5  17  10 1 1 1
     714  5  17  11 1 1 1
     715  5  17  12 1 1 1
     716  5  17  13 1 1 1
     717  6  1  8 1 1 1
     718  6  1  9 1 1 1
     719  6  1  10 1 1 1
     720  6  1  11 1 1 1
     721  6  2  5 1 1 1
     722  6  2  6 1 1 1
     723  6  2  7 1 1 1
     724  6  2  8 1 1 1
     725  6  2  9 1 1 1
     726  6  2  10 1 1 1
     727  6  2  11 1 1 1
     728  6  2  12 1 1 1
     729  6  2  13 1 1 1
     730  6  2  14 1 1 1
     731  6  3  4 1 1 1
     732  6  3  5 1 1 1
     733  6  3  6 1 1 1
     734  6  3  7 1 1 1
     735  6  3  8 1 1 1
     736  6  3  9 1 1 1
     737  6  3  10 1 1 1
     738  6  3  11 1 1 1
     739  6  3  12 1 1 1
     740  6  3  13 1 1 1
     741  6  3  14 1 1 1
     742  6  3  15 1 1 1
     743  6  4  3 1 1 1
     744  6  4  4 1 1 1
     745  6  4  5 1 1 1
     746  6  4  6 1 1 1
     747  6  4  7 1 1 1
     748  6  4  8 1 1 1
     749  6  4  9 1 1 1
     750  6  4  10 1 1 1
     751  6  4  11 1 1 1
     752  6  4  12 1 1 1
     753  6  4  13 1 1 1
     754  6  4  14 1 1 1
     755  6  4  15 1 1 1
     756  6  4  16 1 1 1
     757  6  5  2 1 1 1
     758  6  5  3 1 1 1
     759  6  5  4 1 1 1
     760  6  5  5 1 1 1
     761  6  5  6 1 1 1
     762  6  5  7 1 1 1
     763  6  5  8 1 1 1
     764  6  5  9 1 1 1
     765  6  5  10 1 1 1
     766  6  5  11 1 1 1
     767  6  5  12 1 1 1
     768  6  5  13 1 1 1
     769  6  5  14 1 1 1
     770  6  5  15 1 1 1
     771  6  5  16 1 1 1
     772  6  5  17 1 1 1
     773  6  6  2 1 1 1
     774  6  6  3 1 1 1
     775  6  6  4 1 1 1
     776  6  6  5 1 1 1
     777  6  6  6 1 1 1
     778  6  6  7 1 1 1
     779  6  6  8 1 1 1
     780  6  6  9 1 1 1
     781  6  6  10 1 1 1
     782  6  6  11 1 1 1
     783  6  6  12 1 1 1
     784  6  6  13 1 1 1
     785  6  6  14 1 1 1
     786  6  6  15 1 1 1
     787  6  6  16 1 1 1
     788  6  6  17 1 1 1
     789  6  7  2 1 1 1
     790  6  7  3 1 1 1
     791  6  7  4 1 1 1
     792  6  7  5 1 1 1
     793  6  7  6 1 1 1
     794  6  7  7 1 1 1
     795  6  7  8 1 1 1
     796  6  7  9 1 1 1
     797  6  7  10 1 1 1
     798  6  7  11 1 1 1
     799  6  7  12 1 1 1
     800  6  7  13 1 1 1
     801  6  7  14 1 1 1
     802  6  7  15 1 1 1
     803  6  7  16 1 1 1
     804  6  7  17 1 1 1
     805  6  8  1 1 1 1
     806  6  8  2 1 1 1
     807  6  8  3 1 1 1
     808  6  8  4 1 1 1
     809  6  8  5 1 1 1
     810  6  8  6 1 1 1
     811  6  8  7 1 1 1
     812  6  8  8 1 1 1
     813  6  8  9 1 1 1
     814  6  8  10 1 1 1
     815  6  8  11 1 1 1
     816  6  8  12 1 1 1
     817  6  8  13 1 1 1
     818  6  8  14 1 1 1
     819  6  8  15 1 1 1
     820  6  8  16 1 1 1
     821  6  8  17 1 1 1
     822  6  8  18 1 1 1
     823  6  9  1 1 1 1
     824  6  9  2 1 1 1
     825  6  9  3 1 1 1
     826  6  9  4 1 1 1
     827  6  9  5 1 1 1
     828  6  9  6 1 1 1
     829  6  9  7 1 1 1
     830  6  9  8 1 1 1
     831  6  9  9 1 1 1
     832  6  9  10 1 1 1
     833  6  9  11 1 1 1
     834  6  9  12 1 1 1
     835  6  9  13 1 1 1
     836  6  9  14 1 1 1
     837  6  9  15 1 1 1
     838  6  9  16 1 1 1
     839  6  9  17 1 1 1
     840  6  9  18 1 1 1
     841  6  10  1 1 1 1
     842  6  10  2 1 1 1
     843  6  10  3 1 1 1
     844  6  10  4 1 1 1
     845  6  10  5 1 1 1
     846  6  10  6 1 1 1
     847  6  10  7 1 1 1
     848  6  10  8 1 1 1
     849  6  10  9 1 1 1
     850  6  10  10 1 1 1
     851  6  10  11 1 1 1
     852  6  10  12 1 1 1
     853  6  10  13 1 1 1
     854  6  10  14 1 1 1
     855  6  10  15 1 1 1
     856  6  10  16 1 1 1
     857  6  10  17 1 1 1
     858  6  10  18 1 1 1
     859  6  11  1 1 1 1
     860  6  11  2 1 1 1
     861  6  11  3 1 1 1
     862  6  11  4 1 1 1
     863  6  11  5 1 1 1
     864  6  11  6 1 1 1
     865  6  11  7 1 1 1
     866  6  11  8 1 1 1
     867  6  11  9 1 1 1
     868  6  11  10 1 1 1
     869  6  11  11 1 1 1
     870  6  11  12 1 1 1
     871  6  11  13 1 1 1
     872  6  11  14 1 1 1
     873  6  11  15 1 1 1
     874  6  11  16 1 1 1
     875  6  11  17 1 1 1
     876  6  11  18 1 1 1
     877  6  12  2 1 1 1
     878  6  12  3 1 1 1
     879  6  12  4 1 1 1
     880  6  12  5 1 1 1
     881  6  12  6 1 1 1
     882  6  12  7 1 1 1
     883  6  12  8 1 1 1
     884  6  12  9 1 1 1
     885  6  12  10 1 1 1
     886  6  12  11 1 1 1
     887  6  12  12 1 1 1
     888  6  12  13 1 1 1
     889  6  12  14 1 1 1
     890  6  12  15 1 1 1
     891  6  12  16 1 1 1
     892  6  12  17 1 1 1
     893  6  13  2 1 1 1
     894  6  13  3 1 1 1
     895  6  13  4 1 1 1
     896  6  13  5 1 1 1
     897  6  13  6 1 1 1
     898  6  13  7 1 1 1
     899  6  13  8 1 1 1
     900  6  13  9 1 1 1
     901  6  13  10 1 1 1
     902  6  13  11 1 1 1
     903  6  13  12 1 1 1
     904  6  13  13 1 1 1
     905  6  13  14 1 1 1
     906  6  13  15 1 1 1
     907  6  13  16 1 1 1
     908  6  13  17 1 1 1
     909  6  14  2 1 1 1
     910  6  14  3 1 1 1
     911  6  14  4 1 1 1
     912  6  14  5 1 1 1
     913  6  14  6 1 1 1
     914  6  14  7 1 1 1
     915  6  14  8 1 1 1
     916  6  14  9 1 1 1
     917  6  14  10 1 1 1
     918  6  14  11 1 1 1
     919  6  14  12 1 1 1
     920  6  14  13 1 1 1
     921  6  14  14 1 1 1
     922  6  14  15 1 1 1
     923  6  14  16 1 1 1
     924  6  14  17 1 1 1
     925  6  15  3 1 1 1
     926  6  15  4 1 1 1
     927  6  15  5 1 1 1
     928  6  15  6 1 1 1
     929  6  15  7 1 1 1
     930  6  15  8 1 1 1
     931  6  15  9 1 1 1
     932  6  15  10 1 1 1
     933  6  15  11 1 1 1
     934  6  15  12 1 1 1
     935  6  15  13 1 1 1
     936  6  15  14 1 1 1
     937  6  15  15 1 1 1
     938  6  15  16 1 1 1
     939  6  16  4 1 1 1
     940  6  16  5 1 1 1
     941  6  16  6 1 1 1
     942  6  16  7 1 1 1
     943  6  16  8 1 1 1
     944  6  16  9 1 1 1
     945  6  16  10 1 1 1
     946  6  16  11 1 1 1
     947  6  16  12 1 1 1
     948  6  16  13 1 1 1
     949  6  16  14 1 1 1
     950  6  16  15 1 1 1
     951  6  17  5 1 1 1
     952  6  17  6 1 1 1
     953  6  17  7 1 1 1
     954  6  17  8 1 1 1
     955  6  17  9 1 1 1
     956  6  17  10 1 1 1
     957  6  17  11 1 1 1
     958  6  17  12 1 1 1
     959  6  17  13 1 1 1
     960  6  17  14 1 1 1
     961  6  18  8 1 1 1
     962  6  18  9 1 1 1
     963  6  18  10 1 1 1
     964  6  18  11 1 1 1
     965  7  1  7 1 1 1
     966  7  1  8 1 1 1
     967  7  1  9 1 1 1
     968  7  1  10 1 1 1
     969  7  1  11 1 1 1
     970  7  1  12 1 1 1
     971  7  2  5 1 1 1
     972  7  2  6 1 1 1
     973  7  2  7 1 1 1
     974  7  2  8 1 1 1
     975  7  2  9 1 1 1
     976  7  2  10 1 1 1
     977  7  2  11 1 1 1
     978  7  2  12 1 1 1
     979  7  2  13 1 1 1
     980  7  2  14 1 1 1
     981  7  3  4 1 1 1
     982  7  3  5 1 1 1
     983  7  3  6 1 1 1
     984  7  3  7 1 1 1
     985  7  3  8 1 1 1
     986  7  3  9 1 1 1
     987  7  3  10 1 1 1
     988  7  3  11 1 1 1
     989  7  3  12 1 1 1
     990  7  3  13 1 1 1
     991  7  3  14 1 1 1
     992  7  3  15 1 1 1
     993  7  4  3 1 1 1
     994  7  4  4 1 1 1
     995  7  4  5 1 1 1
     996  7  4  6 1 1 1
     997  7  4  7 1 1 1
     998  7  4  8 1 1 1
     999  7  4  9 1 1 1
     1000  7  4  10 1 1 1
     1001  7  4  11 1 1 1
     1002  7  4  12 1 1 1
     1003  7  4  13 1 1 1
     1004  7  4  14 1 1 1
     1005  7  4  15 1 1 1
     1006  7  4  16 1 1 1
     1007  7  5  2 1 1 1
     1008  7  5  3 1 1 1
     1009  7  5  4 1 1 1
     1010  7  5  5 1 1 1
     1011  7  5  6 1 1 1
     1012  7  5  7 1 1 1
     1013  7  5  8 1 1 1
     1014  7  5  9 1 1 1
     1015  7  5  10 1 1 1
     1016  7  5  11 1 1 1
     1017  7  5  12 1 1 1
     1018  7  5  13 1 1 1
     1019  7  5  14 1 1 1
     1020  7  5  15 1 1 1
     1021  7  5  16 1 1 1
     1022  7  5  17 1 1 1
     1023  7  6  2 1 1 1
     1024  7  6  3 1 1 1
     1025  7  6  4 1 1 1
     1026  7  6  5 1 1 1
     1027  7  6  6 1 1 1
     1028  7  6  7 1 1 1
     1029  7  6  8 1 1 1
     1030  7  6  9 1 1 1
     1031  7  6  10 1 1 1
     1032  7  6  11 1 1 1
     1033  7  6  12 1 1 1
     1034  7  6  13 1 1 1
     1035  7  6  14 1 1 1
     1036  7  6  15 1 1 1
     1037  7  6  16 1 1 1
     1038  7  6  17 1 1 1
     1039  7  7  1 1 1 1
     1040  7  7  2 1 1 1
     1041  7  7  3 1 1 1
     1042  7  7  4 1 1 1
     1043  7  7  5 1 1 1
     1044  7  7  6 1 1 1
     1045  7  7  7 1 1 1
     1046  7  7  8 1 1 1
     1047  7  7  9 1 1 1
     1048  7  7  10 1 1 1
     1049  7  7  11 1 1 1
     1050  7  7  12 1 1 1
     1051  7  7  13 1 1 1
     1052  7  7  14 1 1 1
     1053  7  7  15 1 1 1
     1054  7  7  16 1 1 1
     1055  7  7  17 1 1 1
     1056  7  7  18 1 1 1
     1057  7  8  1 1 1 1
     1058  7  8  2 1 1 1
     1059  7  8  3 1 1 1
     1060  7  8  4 1 1 1
     1061  7  8  5 1 1 1
     1062  7  8  6 1 1 1
     1063  7  8  7 1 1 1
     1064  7  8  8 1 1 1
     1065  7  8  9 1 1 1
     1066  7  8  10 1 1 1
     1067  7  8  11 1 1 1
     1068  7  8  12 1 1 1
     1069  7  8  13 1 1 1
     1070  7  8  14 1 1 1
     1071  7  8  15 1 1 1
     1072  7  8  16 1 1 1
     1073  7  8  17 1 1 1
     1074  7  8  18 1 1 1
     1075  7  9  1 1 1 1
     1076  7  9  2 1 1 1
     1077  7  9  3 1 1 1
     1078  7  9  4 1 1 1
     1079  7  9  5 1 1 1
     1080  7  9  6 1 1 1
     1081  7  9  7 1 1 1
     1082  7  9  8 1 1 1
     1083  7  9  9 1 1 1
     1084  7  9  10 1 1 1
     1085  7  9  11 1 1 1
     1086  7  9  12 1 1 1
     1087  7  9  13 1 1 1
     1088  7  9  14 1 1 1
     1089  7  9  15 1 1 1
     1090  7  9  16 1 1 1
     1091  7  9  17 1 1 1
     1092  7  9  18 1 1 1
     1093  7  10  1 1 1 1
     1094  7  10  2 1 1 1
     1095  7  10  3 1 1 1
     1096  7  10  4 1 1 1
     1097  7  10  5 1 1 1
     1098  7  10  6 1 1 1
     1099  7  10  7 1 1 1
     1100  7  10  8 1 1 1
     1101  7  10  9 1 1 1
     1102  7  10  10 1 1 1
     1103  7  10  11 1 1 1
     1104  7  10  12 1 1 1
     1105  7  10  13 1 1 1
     1106  7  10  14 1 1 1
     1107  7  10  15 1 1 1
     1108  7  10  16 1 1 1
     1109  7  10  17 1 1 1
     1110  7  10  18 1 1 1
     1111  7  11  1 1 1 1
     1112  7  11  2 1 1 1
     1113  7  11  3 1 1 1
     1114  7  11  4 1 1 1
     1115  7  11  5 1 1 1
     1116  7  11  6 1 1 1
     1117  7  11  7 1 1 1
     1118  7  11  8 1 1 1
     1119  7  11  9 1 1 1
     1120  7  11  10 1 1 1
     1121  7  11  11 1 1 1
     1122  7  11  12 1 1 1
     1123  7  11  13 1 1 1
     1124  7  11  14 1 1 1
     1125  7  11  15 1 1 1
     1126  7  11  16 1 1 1
     1127  7  11  17 1 1 1
     1128  7  11  18 1 1 1
     1129  7  12  1 1 1 1
     1130  7  12  2 1 1 1
     1131  7  12  3 1 1 1
     1132  7  12  4 1 1 1
     1133  7  12  5 1 1 1
     1134  7  12  6 1 1 1
     1135  7  12  7 1 1 1
     1136  7  12  8 1 1 1
     1137  7  12  9 1 1 1
     1138  7  12  10 1 1 1
     1139  7  12  11 1 1 1
     1140  7  12  12 1 1 1
     1141  7  12  13 1 1 1
     1142  7  12  14 1 1 1
     1143  7  12  15 1 1 1
     1144  7  12  16 1 1 1
     1145  7  12  17 1 1 1
     1146  7  12  18 1 1 1
     1147  7  13  2 1 1 1
     1148  7  13  3 1 1 1
     1149  7  13  4 1 1 1
     1150  7  13  5 1 1 1
     1151  7  13  6 1 1 1
     1152  7  13  7 1 1 1
     1153  7  13  8 1 1 1
     1154  7  13  9 1 1 1
     1155  7  13  10 1 1 1
     1156  7  13  11 1 1 1
     1157  7  13  12 1 1 1
     1158  7  13  13 1 1 1
     1159  7  13  14 1 1 1
     1160  7  13  15 1 1 1
     1161  7  13  16 1 1 1
     1162  7  13  17 1 1 1
     1163  7  14  2 1 1 1
     1164  7  14  3 1 1 1
     1165  7  14  4 1 1 1
     1166  7  14  5 1 1 1
     1167  7  14  6 1 1 1
     1168  7  14  7 1 1 1
     1169  7  14  8 1 1 1
     1170  7  14  9 1 1 1
     1171  7  14  10 1 1 1
     1172  7  14  11 1 1 1
     1173  7  14  12 1 1 1
     1174  7  14  13 1 1 1
     1175  7  14  14 1 1 1
     1176  7  14  15 1 1 1
     1177  7  14  16 1 1 1
     1178  7  14  17 1 1 1
     1179  7  15  3 1 1 1
     1180  7  15  4 1 1 1
     1181  7  15  5 1 1 1
     1182  7  15  6 1 1 1
     1183  7  15  7 1 1 1
     1184  7  15  8 1 1 1
     1185  7  15  9 1 1 1
     1186  7  15  10 1 1 1
     1187  7  15  11 1 1 1
     1188  7  15  12 1 1 1
     1189  7  15  13 1 1 1
     1190  7  15  14 1 1 1
     1191  7  15  15 1 1 1
     1192  7  15  16 1 1 1
     1193  7  16  4 1 1 1
     1194  7  16  5 1 1 1
     1195  7  16  6 1 1 1
     1196  7  16  7 1 1 1
     1197  7  16  8 1 1 1
     1198  7  16  9 1 1 1
     1199  7  16  10 1 1 1
     1200  7  16  11 1 1 1
     1201  7  16  12 1 1 1
     1202  7  16  13 1 1 1
     1203  7  16  14 1 1 1
     1204  7  16  15 1 1 1
     1205  7  17  5 1 1 1
     1206  7  17  6 1 1 1
     1207  7  17  7 1 1 1
     1208  7  17  8 1 1 1
     1209  7  17  9 1 1 1
     1210  7  17  10 1 1 1
     1211  7  17  11 1 1 1
     1212  7  17  12 1 1 1
     1213  7  17  13 1 1 1
     1214  7  17  14 1 1 1
     1215  7  18  7 1 1 1
     1216  7  18  8 1 1 1
     1217  7  18  9 1 1 1
     1218  7  18  10 1 1 1
     1219  7  18  11 1 1 1
     1220  7  18  12 1 1 1
     1221  8  1  6 1 1 1
     1222  8  1  7 1 1 1
     1223  8  1  8 1 1 1
     1224  8  1  9 1 1 1
     1225  8  1  10 1 1 1
     1226  8  1  11 1 1 1
     1227  8  1  12 1 1 1
     1228  8  1  13 1 1 1
     1229  8  2  4 1 1 1
     1230  8  2  5 1 1 1
     1231  8  2  6 1 1 1
     1232  8  2  7 1 1 1
     1233  8  2  8 1 1 1
     1234  8  2  9 1 1 1
     1235  8  2  10 1 1 1
     1236  8  2  11 1 1 1
     1237  8  2  12 1 1 1
     1238  8  2  13 1 1 1
     1239  8  2  14 1 1 1
     1240  8  2  15 1 1 1
     1241  8  3  3 1 1 1
     1242  8  3  4 1 1 1
     1243  8  3  5 1 1 1
     1244  8  3  6 1 1 1
     1245  8  3  7 1 1 1
     1246  8  3  8 1 1 1
     1247  8  3  9 1 1 1
     1248  8  3  10 1 1 1
     1249  8  3  11 1 1 1
     1250  8  3  12 1 1 1
     1251  8  3  13 1 1 1
     1252  8  3  14 1 1 1
     1253  8  3  15 1 1 1
     1254  8  3  16 1 1 1
     1255  8  4  2 1 1 1
     1256  8  4  3 1 1 1
     1257  8  4  4 1 1 1
     1258  8  4  5 1 1 1
     1259  8  4  6 1 1 1
     1260  8  4  7 1 1 1
     1261  8  4  8 1 1 1
     1262  8  4  9 1 1 1
     1263  8  4  10 1 1 1
     1264  8  4  11 1 1 1
     1265  8  4  12 1 1 1
     1266  8  4  13 1 1 1
     1267  8  4  14 1 1 1
     1268  8  4  15 1 1 1
     1269  8  4  16 1 1 1
     1270  8  4  17 1 1 1
     1271  8  5  2 1 1 1
     1272  8  5  3 1 1 1
     1273  8  5  4 1 1 1
     1274  8  5  5 1 1 1
     1275  8  5  6 1 1 1
     1276  8  5  7 1 1 1
     1277  8  5  8 1 1 1
     1278  8  5  9 1 1 1
     1279  8  5  10 1 1 1
     1280  8  5  11 1 1 1
     1281  8  5  12 1 1 1
     1282  8  5  13 1 1 1
     1283  8  5  14 1 1 1
     1284  8  5  15 1 1 1
     1285  8  5  16 1 1 1
     1286  8  5  17 1 1 1
     1287  8  6  1 1 1 1
     1288  8  6  2 1 1 1
     1289  8  6  3 1 1 1
     1290  8  6  4 1 1 1
     1291  8  6  5 1 1 1
     1292  8  6  6 1 1 1
     1293  8  6  7 1 1 1
     1294  8  6  8 1 1 1
     1295  8  6  9 1 1 1
     1296  8  6  10 1 1 1
     1297  8  6  11 1 1 1
     1298  8  6  12 1 1 1
     1299  8  6  13 1 1 1
     1300  8  6  14 1 1 1
     1301  8  6  15 1 1 1
     1302  8  6  16 1 1 1
     1303  8  6  17 1 1 1
     1304  8  6  18 1 1 1
     1305  8  7  1 1 1 1
     1306  8  7  2 1 1 1
     1307  8  7  3 1 1 1
     1308  8  7  4 1 1 1
     1309  8  7  5 1 1 1
     1310  8  7  6 1 1 1
     1311  8  7  7 1 1 1
     1312  8  7  8 1 1 1
     1313  8  7  9 1 1 1
     1314  8  7  10 1 1 1
     1315  8  7  11 1 1 1
     1316  8  7  12 1 1 1
     1317  8  7  13 1 1 1
     1318  8  7  14 1 1 1
     1319  8  7  15 1 1 1
     1320  8  7  16 1 1 1
     1321  8  7  17 1 1 1
     1322  8  7  18 1 1 1
     1323  8  8  1 1 1 1
     1324  8  8  2 1 1 1
     1325  8  8  3 1 1 1
     1326  8  8  4 1 1 1
     1327  8  8  5 1 1 1
     1328  8  8  6 1 1 1
     1329  8  8  7 1 1 1
     1330  8  8  8 1 1 1
     1331  8  8  9 1 1 1
     1332  8  8  10 1 1 1
     1333  8  8  11 1 1 1
     1334  8  8  12 1 1 1
     1335  8  8  13 1 1 1
     1336  8  8  14 1 1 1
     1337  8  8  15 1 1 1
     1338  8  8  16 1 1 1
     1339  8  8  17 1 1 1
     1340  8  8  18 1 1 1
     1341  8  9  1 1 1 1
     1342  8  9  2 1 1 1
     1343  8  9  3 1 1 1
     1344  8  9  4 1 1 1
     1345  8  9  5 1 1 1
     1346  8  9  6 1 1 1
     1347  8  9  7 1 1 1
     1348  8  9  8 1 1 1
     1349  8  9  9 1 1 1
     1350  8  9  10 1 1 1
     1351  8  9  11 1 1 1
     1352  8  9  12 1 1 1
     1353  8  9  13 1 1 1
     1354  8  9  14 1 1 1
     1355  8  9  15 1 1 1
     1356  8  9  16 1 1 1
     1357  8  9  17 1 1 1
     1358  8  9  18 1 1 1
     1359  8  10  1 1 1 1
     1360  8  10  2 1 1 1
     1361  8  10  3 1 1 1
     1362  8  10  4 1 1 1
     1363  8  10  5 1 1 1
     1364  8  10  6 1 1 1
     1365  8  10  7 1 1 1
     1366  8  10  8 1 1 1
     1367  8  10  9 1 1 1
     1368  8  10  10 1 1 1
     1369  8  10  11 1 1 1
     1370  8  10  12 1 1 1
     1371  8  10  13 1 1 1
     1372  8  10  14 1 1 1
     1373  8  10  15 1 1 1
     1374  8  10  16 1 1 1
     1375  8  10  17 1 1 1
     1376  8  10  18 1 1 1
     1377  8  11  1 1 1 1
     1378  8  11  2 1 1 1
     1379  8  11  3 1 1 1
     1380  8  11  4 1 1 1
     1381  8  11  5 1 1 1
     1382  8  11  6 1 1 1
     1383  8  11  7 1 1 1
     1384  8  11  8 1 1 1
     1385  8  11  9 1 1 1
     1386  8  11  10 1 1 1
     1387  8  11  11 1 1 1
     1388  8  11  12 1 1 1
     1389  8  11  13 1 1 1
     1390  8  11  14 1 1 1
     1391  8  11  15 1 1 1
     1392  8  11  16 1 1 1
     1393  8  11  17 1 1 1
     1394  8  11  18 1 1 1
     1395  8  12  1 1 1 1
     1396  8  12  2 1 1 1
     1397  8  12  3 1 1 1
     1398  8  12  4 1 1 1
     1399  8  12  5 1 1 1
     1400  8  12  6 1 1 1
     1401  8  12  7 1 1 1
     1402  8  12  8 1 1 1
     1403  8  12  9 1 1 1
     1404  8  12  10 1 1 1
     1405  8  12  11 1 1 1
     1406  8  12  12 1 1 1
     1407  8  12  13 1 1 1
     1408  8  12  14 1 1 1
     1409  8  12  15 1 1 1
     1410  8  12  16 1 1 1
     1411  8  12  17 1 1 1
     1412  8  12  18 1 1 1
     1413  8  13  1 1 1 1
     1414  8  13  2 1 1 1
     1415  8  13  3 1 1 1
     1416  8  13  4 1 1 1
     1417  8  13  5 1 1 1
     1418  8  13  6 1 1 1
     1419  8  13  7 1 1 1
     1420  8  13  8 1 1 1
     1421  8  13  9 1 1 1
     1422  8  13  10 1 1 1
     1423  8  13  11 1 1 1
     1424  8  13  12 1 1 1
     1425  8  13  13 1 1 1
     1426  8  13  14 1 1 1
     1427  8  13  15 1 1 1
     1428  8  13  16 1 1 1
     1429  8  13  17 1 1 1
     1430  8  13  18 1 1 1
     1431  8  14  2 1 1 1
     1432  8  14  3 1 1 1
     1433  8  14  4 1 1 1
     1434  8  14  5 1 1 1
     1435  8  14  6 1 1 1
     1436  8  14  7 1 1 1
     1437  8  14  8 1 1 1
     1438  8  14  9 1 1 1
     1439  8  14  10 1 1 1
     1440  8  14  11 1 1 1
     1441  8  14  12 1 1 1
     1442  8  14  13 1 1 1
     1443  8  14  14 1 1 1
     1444  8  14  15 1 1 1
     1445  8  14  16 1 1 1
     1446  8  14  17 1 1 1
     1447  8  15  2 1 1 1
     1448  8  15  3 1 1 1
     1449  8  15  4 1 1 1
     1450  8  15  5 1 1 1
     1451  8  15  6 1 1 1
     1452  8  15  7 1 1 1
     1453  8  15  8 1 1 1
     1454  8  15  9 1 1 1
     1455  8  15  10 1 1 1
     1456  8  15  11 1 1 1
     1457  8  15  12 1 1 1
     1458  8  15  13 1 1 1
     1459  8  15  14 1 1 1
     1460  8  15  15 1 1 1
     1461  8  15  16 1 1 1
     1462  8  15  17 1 1 1
     1463  8  16  3 1 1 1
     1464  8  16  4 1 1 1
     1465  8  16  5 1 1 1
     1466  8  16  6 1 1 1
     1467  8  16  7 1 1 1
     1468  8  16  8 1 1 1
     1469  8  16  9 1 1 1
     1470  8  16  10 1 1 1
     1471  8  16  11 1 1 1
     1472  8  16  12 1 1 1
     1473  8  16  13 1 1 1
     1474  8  16  14 1 1 1
     1475  8  16  15 1 1 1
     1476  8  16  16 1 1 1
     1477  8  17  4 1 1 1
     1478  8  17  5 1 1 1
     1479  8  17  6 1 1 1
     1480  8  17  7 1 1 1
     1481  8  17  8 1 1 1
     1482  8  17  9 1 1 1
     1483  8  17  10 1 1 1
     1484  8  17  11 1 1 1
     1485  8  17  12 1 1 1
     1486  8  17  13 1 1 1
     1487  8  17  14 1 1 1
     1488  8  17  15 1 1 1
     1489  8  18  6 1 1 1
     1490  8  18  7 1 1 1
     1491  8  18  8 1 1 1
     1492  8  18  9 1 1 1
     1493  8  18  10 1 1 1
     1494  8  18  11 1 1 1
     1495  8  18  12 1 1 1
     1496  8  18  13 1 1 1
     1497  9  1  6 1 1 1
     1498  9  1  7 1 1 1
     1499  9  1  8 1 1 1
     1500  9  1  9 1 1 1
     1501  9  1  10 1 1 1
     1502  9  1  11 1 1 1
     1503  9  1  12 1 1 1
     1504  9  1  13 1 1 1
     1505  9  2  4 1 1 1
     1506  9  2  5 1 1 1
     1507  9  2  6 1 1 1
     1508  9  2  7 1 1 1
     1509  9  2  8 1 1 1
     1510  9  2  9 1 1 1
     1511  9  2  10 1 1 1
     1512  9  2  11 1 1 1
     1513  9  2  12 1 1 1
     1514  9  2  13 1 1 1
     1515  9  2  14 1 1 1
     1516  9  2  15 1 1 1
     1517  9  3  3 1 1 1
     1518  9  3  4 1 1 1
     1519  9  3  5 1 1 1
     1520  9  3  6 1 1 1
     1521  9  3  7 1 1 1
     1522  9  3  8 1 1 1
     1523  9  3  9 1 1 1
     1524  9  3  10 1 1 1
     1525  9  3  11 1 1 1
     1526  9  3  12 1 1 1
     1527  9  3  13 1 1 1
     1528  9  3  14 1 1 1
     1529  9  3  15 1 1 1
     1530  9  3  16 1 1 1
     1531  9  4  2 1 1 1
     1532  9  4  3 1 1 1
     1533  9  4  4 1 1 1
     1534  9  4  5 1 1 1
     1535  9  4  6 1 1 1
     1536  9  4  7 1 1 1
     1537  9  4  8 1 1 1
     1538  9  4  9 1 1 1
     1539  9  4  10 1 1 1
     1540  9  4  11 1 1 1
     1541  9  4  12 1 1 1
     1542  9  4  13 1 1 1
     1543  9  4  14 1 1 1
     1544  9  4  15 1 1 1
     1545  9  4  16 1 1 1
     1546  9  4  17 1 1 1
     1547  9  5  2 1 1 1
     1548  9  5  3 1 1 1
     1549  9  5  4 1 1 1
     1550  9  5  5 1 1 1
     1551  9  5  6 1 1 1
     1552  9  5  7 1 1 1
     1553  9  5  8 1 1 1
     1554  9  5  9 1 1 1
     1555  9  5  10 1 1 1
     1556  9  5  11 1 1 1
     1557  9  5  12 1 1 1
     1558  9  5  13 1 1 1
     1559  9  5  14 1 1 1
     1560  9  5  15 1 1 1
     1561  9  5  16 1 1 1
     1562  9  5  17 1 1 1
     1563  9  6  1 1 1 1
     1564  9  6  2 1 1 1
     1565  9  6  3 1 1 1
     1566  9  6  4 1 1 1
     1567  9  6  5 1 1 1
     1568  9  6  6 1 1 1
     1569  9  6  7 1 1 1
     1570  9  6  8 1 1 1
     1571  9  6  9 1 1 1
     1572  9  6  10 1 1 1
     1573  9  6  11 1 1 1
     1574  9  6  12 1 1 1
     1575  9  6  13 1 1 1
     1576  9  6  14 1 1 1
     1577  9  6  15 1 1 1
     1578  9  6  16 1 1 1
     1579  9  6  17 1 1 1
     1580  9  6  18 1 1 1
     1581  9  7  1 1 1 1
     1582  9  7  2 1 1 1
     1583  9  7  3 1 1 1
     1584  9  7  4 1 1 1
     1585  9  7  5 1 1 1
     1586  9  7  6 1 1 1
     1587  9  7  7 1 1 1
     1588  9  7  8 1 1 1
     1589  9  7  9 1 1 1
     1590  9  7  10 1 1 1
     1591  9  7  11 1 1 1
     1592  9  7  12 1 1 1
     1593  9  7  13 1 1 1
     1594  9  7  14 1 1 1
     1595  9  7  15 1 1 1
     1596  9  7  16 1 1 1
     1597  9  7  17 1 1 1
     1598  9  7  18 1 1 1
     1599  9  8  1 1 1 1
     1600  9  8  2 1 1 1
     1601  9  8  3 1 1 1
     1602  9  8  4 1 1 1
     1603  9  8  5 1 1 1
     1604  9  8  6 1 1 1
     1605  9  8  7 1 1 1
     1606  9  8  8 1 1 1
     1607  9  8  9 1 1 1
     1608  9  8  10 1 1 1
     1609  9  8  11 1 1 1
     1610  9  8  12 1 1 1
     1611  9  8  13 1 1 1
     1612  9  8  14 1 1 1
     1613  9  8  15 1 1 1
     1614  9  8  16 1 1 1
     1615  9  8  17 1 1 1
     1616  9  8  18 1 1 1
     1617  9  9  1 1 1 1
     1618  9  9  2 1 1 1
     1619  9  9  3 1 1 1
     1620  9  9  4 1 1 1
     1621  9  9  5 1 1 1
     1622  9  9  6 1 1 1
     1623  9  9  7 1 1 1
     1624  9  9  8 1 1 1
     1625  9  9  9 1 1 1
     1626  9  9  10 1 1 1
     1627  9  9  11 1 1 1
     1628  9  9  12 1 1 1
     1629  9  9  13 1 1 1
     1630  9  9  14 1 1 1
     1631  9  9  15 1 1 1
     1632  9  9  16 1 1 1
     1633  9  9  17 1 1 1
     1634  9  9  18 1 1 1
     1635  9  10  1 1 1 1
     1636  9  10  2 1 1 1
     1637  9  10  3 1 1 1
     1638  9  10  4 1 1 1
     1639  9  10  5 1 1 1
     1640  9  10  6 1 1 1
     1641  9  10  7 1 1 1
     1642  9  10  8 1 1 1
     1643  9  10  9 1 1 1
     1644  9  10  10 1 1 1
     1645  9  10  11 1 1 1
     1646  9  10  12 1 1 1
     1647  9  10  13 1 1 1
     1648  9  10  14 1 1 1
     1649  9  10  15 1 1 1
     1650  9  10  16 1 1 1
     1651  9  10  17 1 1 1
     1652  9  10  18 1 1 1
     1653  9  11  1 1 1 1
     1654  9  11  2 1 1 1
     1655  9  11  3 1 1 1
     1656  9  11  4 1 1 1
     1657  9  11  5 1 1 1
     1658  9  11  6 1 1 1
     1659  9  11  7 1 1 1
     1660  9  11  8 1 1 1
     1661  9  11  9 1 1 1
     1662  9  11  10 1 1 1
     1663  9  11  11 1 1 1
     1664  9  11  12 1 1 1
     1665  9  11  13 1 1 1
     1666  9  11  14 1 1 1
     1667  9  11  15 1 1 1
     1668  9  11  16 1 1 1
     1669  9  11  17 1 1 1
     1670  9  11  18 1 1 1
     1671  9  12  1 1 1 1
     1672  9  12  2 1 1 1
     1673  9  12  3 1 1 1
     1674  9  12  4 1 1 1
     1675  9  12  5 1 1 1
     1676  9  12  6 1 1 1
     1677  9  12  7 1 1 1
     1678  9  12  8 1 1 1
     1679  9  12  9 1 1 1
     1680  9  12  10 1 1 1
     1681  9  12  11 1 1 1
     1682  9  12  12 1 1 1
     1683  9  12  13 1 1 1
     1684  9  12  14 1 1 1
     1685  9  12  15 1 1 1
     1686  9  12  16 1 1 1
     1687  9  12  17 1 1 1
     1688  9  12  18 1 1 1
     1689  9  13  1 1 1 1
     1690  9  13  2 1 1 1
     1691  9  13  3 1 1 1
     1692  9  13  4 1 1 1
     1693  9  13  5 1 1 1
     1694  9  13  6 1 1 1
     1695  9  13  7 1 1 1
     1696  9  13  8 1 1 1
     1697  9  13  9 1 1 1
     1698  9  13  10 1 1 1
     1699  9  13  11 1 1 1
     1700  9  13  12 1 1 1
     1701  9  13  13 1 1 1
     1702  9  13  14 1 1 1
     1703  9  13  15 1 1 1
     1704  9  13  16 1 1 1
     1705  9  13  17 1 1 1
     1706  9  13  18 1 1 1
     1707  9  14  2 1 1 1
     1708  9  14  3 1 1 1
     1709  9  14  4 1 1 1
     1710  9  14  5 1 1 1
     1711  9  14  6 1 1 1
     1712  9  14  7 1 1 1
     1713  9  14  8 1 1 1
     1714  9  14  9 1 1 1
     1715  9  14  10 1 1 1
     1716  9  14  11 1 1 1
     1717  9  14  12 1 1 1
     1718  9  14  13 1 1 1
     1719  9  14  14 1 1 1
     1720  9  14  15 1 1 1
     1721  9  14  16 1 1 1
     1722  9  14  17 1 1 1
     1723  9  15  2 1 1 1
     1724  9  15  3 1 1 1
     1725  9  15  4 1 1 1
     1726  9  15  5 1 1 1
     1727  9  15  6 1 1 1
     1728  9  15  7 1 1 1
     1729  9  15  8 1 1 1
     1730  9  15  9 1 1 1
     1731  9  15  10 1 1 1
     1732  9  15  11 1 1 1
     1733  9  15  12 1 1 1
     1734  9  15  13 1 1 1
     1735  9  15  14 1 1 1
     1736  9  15  15 1 1 1
     1737  9  15  16 1 1 1
     1738  9  15  17 1 1 1
     1739  9  16  3 1 1 1
     1740  9  16  4 1 1 1
     1741  9  16  5 1 1 1
     1742  9  16  6 1 1 1
     1743  9  16  7 1 1 1
     1744  9  16  8 1 1 1
     1745  9  16  9 1 1 1
     1746  9  16  10 1 1 1
     1747  9  16  11 1 1 1
     1748  9  16  12 1 1 1
     1749  9  16  13 1 1 1
     1750  9  16  14 1 1 1
     1751  9  16  15 1 1 1
     1752  9  16  16 1 1 1
     1753  9  17  4 1 1 1
     1754  9  17  5 1 1 1
     1755  9  17  6 1 1 1
     1756  9  17  7 1 1 1
     1757  9  17  8 1 1 1
     1758  9  17  9 1 1 1
     1759  9  17  10 1 1 1
     1760  9  17  11 1 1 1
     1761  9  17  12 1 1 1
     1762  9  17  13 1 1 1
     1763  9  17  14 1 1 1
     1764  9  17  15 1 1 1
     1765  9  18  6 1 1 1
     1766  9  18  7 1 1 1
     1767  9  18  8 1 1 1
     1768  9  18  9 1 1 1
     1769  9  18  10 1 1 1
     1770  9  18  11 1 1 1
     1771  9  18  12 1 1 1
     1772  9  18  13 1 1 1
     1773  10  1  6 1 1 1
     1774  10  1  7 1 1 1
     1775  10  1  8 1 1 1
     1776  10  1  9 1 1 1
     1777  10  1  10 1 1 1
     1778  10  1  11 1 1 1
     1779  10  1  12 1 1 1
     1780  10  1  13 1 1 1
     1781  10  2  4 1 1 1
     1782  10  2  5 1 1 1
     1783  10  2  6 1 1 1
     1784  10  2  7 1 1 1
     1785  10  2  8 1 1 1
     1786  10  2  9 1 1 1
     1787  10  2  10 1 1 1
     1788  10  2  11 1 1 1
     1789  10  2  12 1 1 1
     1790  10  2  13 1 1 1
     1791  10  2  14 1 1 1
     1792  10  2  15 1 1 1
     1793  10  3  3 1 1 1
     1794  10  3  4 1 1 1
     1795  10  3  5 1 1 1
     1796  10  3  6 1 1 1
     1797  10  3  7 1 1 1
     1798  10  3  8 1 1 1
     1799  10  3  9 1 1 1
     1800  10  3  10 1 1 1
     1801  10  3  11 1 1 1
     1802  10  3  12 1 1 1
     1803  10  3  13 1 1 1
     1804  10  3  14 1 1 1
     1805  10  3  15 1 1 1
     1806  10  3  16 1 1 1
     1807  10  4  2 1 1 1
     1808  10  4  3 1 1 1
     1809  10  4  4 1 1 1
     1810  10  4  5 1 1 1
     1811  10  4  6 1 1 1
     1812  10  4  7 1 1 1
     1813  10  4  8 1 1 1
     1814  10  4  9 1 1 1
     1815  10  4  10 1 1 1
     1816  10  4  11 1 1 1
     1817  10  4  12 1 1 1
     1818  10  4  13 1 1 1
     1819  10  4  14 1 1 1
     1820  10  4  15 1 1 1
     1821  10  4  16 1 1 1
     1822  10  4  17 1 1 1
     1823  10  5  2 1 1 1
     1824  10  5  3 1 1 1
     1825  10  5  4 1 1 1
     1826  10  5  5 1 1 1
     1827  10  5  6 1 1 1
     1828  10  5  7 1 1 1
     1829  10  5  8 1 1 1
     1830  10  5  9 1 1 1
     1831  10  5  10 1 1 1
     1832  10  5  11 1 1 1
     1833  10  5  12 1 1 1
     1834  10  5  13 1 1 1
     1835  10  5  14 1 1 1
     1836  10  5  15 1 1 1
     1837  10  5  16 1 1 1
     1838  10  5  17 1 1 1
     1839  10  6  1 1 1 1
     1840  10  6  2 1 1 1
     1841  10  6  3 1 1 1
     1842  10  6  4 1 1 1
     1843  10  6  5 1 1 1
     1844  10  6  6 1 1 1
     1845  10  6  7 1 1 1
     1846  10  6  8 1 1 1
     1847  10  6  9 1 1 1
     1848  10  6  10 1 1 1
     1849  10  6  11 1 1 1
     1850  10  6  12 1 1 1
     1851  10  6  13 1 1 1
     1852  10  6  14 1 1 1
     1853  10  6  15 1 1 1
     1854  10  6  16 1 1 1
     1855  10  6  17 1 1 1
     1856  10  6  18 1 1 1
     1857  10  7  1 1 1 1
     1858  10  7  2 1 1 1
     1859  10  7  3 1 1 1
     1860  10  7  4 1 1 1
     1861  10  7  5 1 1 1
     1862  10  7  6 1 1 1
     1863  10  7  7 1 1 1
     1864  10  7  8 1 1 1
     1865  10  7  9 1 1 1
     1866  10  7  10 1 1 1
     1867  10  7  11 1 1 1
     1868  10  7  12 1 1 1
     1869  10  7  13 1 1 1
     1870  10  7  14 1 1 1
     1871  10  7  15 1 1 1
     1872  10  7  16 1 1 1
     1873  10  7  17 1 1 1
     1874  10  7  18 1 1 1
     1875  10  8  1 1 1 1
     1876  10  8  2 1 1 1
     1877  10  8  3 1 1 1
     1878  10  8  4 1 1 1
     1879  10  8  5 1 1 1
     1880  10  8  6 1 1 1
     1881  10  8  7 1 1 1
     1882  10  8  8 1 1 1
     1883  10  8  9 1 1 1
     1884  10  8  10 1 1 1
     1885  10  8  11 1 1 1
     1886  10  8  12 1 1 1
     1887  10  8  13 1 1 1
     1888  10  8  14 1 1 1
     1889  10  8  15 1 1 1
     1890  10  8  16 1 1 1
     1891  10  8  17 1 1 1
     1892  10  8  18 1 1 1
     1893  10  9  1 1 1 1
     1894  10  9  2 1 1 1
     1895  10  9  3 1 1 1
     1896  10  9  4 1 1 1
     1897  10  9  5 1 1 1
     1898  10  9  6 1 1 1
     1899  10  9  7 1 1 1
     1900  10  9  8 1 1 1
     1901  10  9  9 1 1 1
     1902  10  9  10 1 1 1
     1903  10  9  11 1 1 1
     1904  10  9  12 1 1 1
     1905  10  9  13 1 1 1
     1906  10  9  14 1 1 1
     1907  10  9  15 1 1 1
     1908  10  9  16 1 1 1
     1909  10  9  17 1 1 1
     1910  10  9  18 1 1 1
     1911  10  10  1 1 1 1
     1912  10  10  2 1 1 1
     1913  10  10  3 1 1 1
     1914  10  10  4 1 1 1
     1915  10  10  5 1 1 1
     1916  10  10  6 1 1 1
     1917  10  10  7 1 1 1
     1918  10  10  8 1 1 1
     1919  10  10  9 1 1 1
     1920  10  10  10 1 1 1
     1921  10  10  11 1 1 1
     1922  10  10  12 1 1 1
     1923  10  10  13 1 1 1
     1924  10  10  14 1 1 1
     1925  10  10  15 1 1 1
     1926  10  10  16 1 1 1
     1927  10  10  17 1 1 1
     1928  10  10  18 1 1 1
     1929  10  11  1 1 1 1
     1930  10  11  2 1 1 1
     1931  10  11  3 1 1 1
     1932  10  11  4 1 1 1
     1933  10  11  5 1 1 1
     1934  10  11  6 1 1 1
     1935  10  11  7 1 1 1
     1936  10  11  8 1 1 1
     1937  10  11  9 1 1 1
     1938  10  11  10 1 1 1
     1939  10  11  11 1 1 1
     1940  10  11  12 1 1 1
     1941  10  11  13 1 1 1
     1942  10  11  14 1 1 1
     1943  10  11  15 1 1 1
     1944  10  11  16 1 1 1
     1945  10  11  17 1 1 1
     1946  10  11  18 1 1 1
     1947  10  12  1 1 1 1
     1948  10  12  2 1 1 1
     1949  10  12  3 1 1 1
     1950  10  12  4 1 1 1
     1951  10  12  5 1 1 1
     1952  10  12  6 1 1 1
     1953  10  12  7 1 1 1
     1954  10  12  8 1 1 1
     1955  10  12  9 1 1 1
     1956  10  12  10 1 1 1
     1957  10  12  11 1 1 1
     1958  10  12  12 1 1 1
     1959  10  12  13 1 1 1
     1960  10  12  14 1 1 1
     1961  10  12  15 1 1 1
     1962  10  12  16 1 1 1
     1963  10  12  17 1 1 1
     1964  10  12  18 1 1 1
     1965  10  13  1 1 1 1
     1966  10  13  2 1 1 1
     1967  10  13  3 1 1 1
     1968  10  13  4 1 1 1
     1969  10  13  5 1 1 1
     1970  10  13  6 1 1 1
     1971  10  13  7 1 1 1
     1972  10  13  8 1 1 1
     1973  10  13  9 1 1 1
     1974  10  13  10 1 1 1
     1975  10  13  11 1 1 1
     1976  10  13  12 1 1 1
     1977  10  13  13 1 1 1
     1978  10  13  14 1 1 1
     1979  10  13  15 1 1 1
     1980  10  13  16 1 1 1
     1981  10  13  17 1 1 1
     1982  10  13  18 1 1 1
     1983  10  14  2 1 1 1
     1984  10  14  3 1 1 1
     1985  10  14  4 1 1 1
     1986  10  14  5 1 1 1
     1987  10  14  6 1 1 1
     1988  10  14  7 1 1 1
     1989  10  14  8 1 1 1
     1990  10  14  9 1 1 1
     1991  10  14  10 1 1 1
     1992  10  14  11 1 1 1
     1993  10  14  12 1 1 1
     1994  10  14  13 1 1 1
     1995  10  14  14 1 1 1
     1996  10  14  15 1 1 1
     1997  10  14  16 1 1 1
     1998  10  14  17 1 1 1
     1999  10  15  2 1 1 1
     2000  10  15  3 1 1 1
     2001  10  15  4 1 1 1
     2002  10  15  5 1 1 1
     2003  10  15  6 1 1 1
     2004  10  15  7 1 1 1
     2005  10  15  8 1 1 1
     2006  10  15  9 1 1 1
     2007  10  15  10 1 1 1
     2008  10  15  11 1 1 1
     2009  10  15  12 1 1 1
     2010  10  15  13 1 1 1
     2011  10  15  14 1 1 1
     2012  10  15  15 1 1 1
     2013  10  15  16 1 1 1
     2014  10  15  17 1 1 1
     2015  10  16  3 1 1 1
     2016  10  16  4 1 1 1
     2017  10  16  5 1 1 1
     2018  10  16  6 1 1 1
     2019  10  16  7 1 1 1
     2020  10  16  8 1 1 1
     2021  10  16  9 1 1 1
     2022  10  16  10 1 1 1
     2023  10  16  11 1 1 1
     2024  10  16  12 1 1 1
     2025  10  16  13 1 1 1
     2026  10  16  14 1 1 1
     2027  10  16  15 1 1 1
     2028  10  16  16 1 1 1
     2029  10  17  4 1 1 1
     2030  10  17  5 1 1 1
     2031  10  17  6 1 1 1
     2032  10  17  7 1 1 1
     2033  10  17  8 1 1 1
     2034  10  17  9 1 1 1
     2035  10  17  10 1 1 1
     2036  10  17  11 1 1 1
     2037  10  17  12 1 1 1
     2038  10  17  13 1 1 1
     2039  10  17  14 1 1 1
     2040  10  17  15 1 1 1
     2041  10  18  6 1 1 1
     2042  10  18  7 1 1 1
     2043  10  18  8 1 1 1
     2044  10  18  9 1 1 1
     2045  10  18  10 1 1 1
     2046  10  18  11 1 1 1
     2047  10  18  12 1 1 1
     2048  10  18  13 1 1 1
     2049  11  1  6 1 1 1
     2050  11  1  7 1 1 1
     2051  11  1  8 1 1 1
     2052  11  1  9 1 1 1
     2053  11  1  10 1 1 1
     2054  11  1  11 1 1 1
     2055  11  1  12 1 1 1
     2056  11  1  13 1 1 1
     2057  11  2  4 1 1 1
     2058  11  2  5 1 1 1
     2059  11  2  6 1 1 1
     2060  11  2  7 1 1 1
     2061  11  2  8 1 1 1
     2062  11  2  9 1 1 1
     2063  11  2  10 1 1 1
     2064  11  2  11 1 1 1
     2065  11  2  12 1 1 1
     2066  11  2  13 1 1 1
     2067  11  2  14 1 1 1
     2068  11  2  15 1 1 1
     2069  11  3  3 1 1 1
     2070  11  3  4 1 1 1
     2071  11  3  5 1 1 1
     2072  11  3  6 1 1 1
     2073  11  3  7 1 1 1
     2074  11  3  8 1 1 1
     2075  11  3  9 1 1 1
     2076  11  3  10 1 1 1
     2077  11  3  11 1 1 1
     2078  11  3  12 1 1 1
     2079  11  3  13 1 1 1
     2080  11  3  14 1 1 1
     2081  11  3  15 1 1 1
     2082  11  3  16 1 1 1
     2083  11  4  2 1 1 1
     2084  11  4  3 1 1 1
     2085  11  4  4 1 1 1
     2086  11  4  5 1 1 1
     2087  11  4  6 1 1 1
     2088  11  4  7 1 1 1
     2089  11  4  8 1 1 1
     2090  11  4  9 1 1 1
     2091  11  4  10 1 1 1
     2092  11  4  11 1 1 1
     2093  11  4  12 1 1 1
     2094  11  4  13 1 1 1
     2095  11  4  14 1 1 1
     2096  11  4  15 1 1 1
     2097  11  4  16 1 1 1
     2098  11  4  17 1 1 1
     2099  11  5  2 1 1 1
     2100  11  5  3 1 1 1
     2101  11  5  4 1 1 1
     2102  11  5  5 1 1 1
     2103  11  5  6 1 1 1
     2104  11  5  7 1 1 1
     2105  11  5  8 1 1 1
     2106  11  5  9 1 1 1
     2107  11  5  10 1 1 1
     2108  11  5  11 1 1 1
     2109  11  5  12 1 1 1
     2110  11  5  13 1 1 1
     2111  11  5  14 1 1 1
     2112  11  5  15 1 1 1
     2113  11  5  16 1 1 1
     2114  11  5  17 1 1 1
     2115  11  6  1 1 1 1
     2116  11  6  2 1 1 1
     2117  11  6  3 1 1 1
     2118  11  6  4 1 1 1
     2119  11  6  5 1 1 1
     2120  11  6  6 1 1 1
     2121  11  6  7 1 1 1
     2122  11  6  8 1 1 1
     2123  11  6  9 1 1 1
     2124  11  6  10 1 1 1
     2125  11  6  11 1 1 1
     2126  11  6  12 1 1 1
     2127  11  6  13 1 1 1
     2128  11  6  14 1 1 1
     2129  11  6  15 1 1 1
     2130  11  6  16 1 1 1
     2131  11  6  17 1 1 1
     2132  11  6  18 1 1 1
     2133  11  7  1 1 1 1
     2134  11  7  2 1 1 1
     2135  11  7  3 1 1 1
     2136  11  7  4 1 1 1
     2137  11  7  5 1 1 1
     2138  11  7  6 1 1 1
     2139  11  7  7 1 1 1
     2140  11  7  8 1 1 1
     2141  11  7  9 1 1 1
     2142  11  7  10 1 1 1
     2143  11  7  11 1 1 1
     2144  11  7  12 1 1 1
     2145  11  7  13 1 1 1
     2146  11  7  14 1 1 1
     2147  11  7  15 1 1 1
     2148  11  7  16 1 1 1
     2149  11  7  17 1 1 1
     2150  11  7  18 1 1 1
     2151  11  8  1 1 1 1
     2152  11  8  2 1 1 1
     2153  11  8  3 1 1 1
     2154  11  8  4 1 1 1
     2155  11  8  5 1 1 1
     2156  11  8  6 1 1 1
     2157  11  8  7 1 1 1
     2158  11  8  8 1 1 1
     2159  11  8  9 1 1 1
     2160  11  8  10 1 1 1
     2161  11  8  11 1 1 1
     2162  11  8  12 1 1 1
     2163  11  8  13 1 1 1
     2164  11  8  14 1 1 1
     2165  11  8  15 1 1 1
     2166  11  8  16 1 1 1
     2167  11  8  17 1 1 1
     2168  11  8  18 1 1 1
     2169  11  9  1 1 1 1
     2170  11  9  2 1 1 1
     2171  11  9  3 1 1 1
     2172  11  9  4 1 1 1
     2173  11  9  5 1 1 1
     2174  11  9  6 1 1 1
     2175  11  9  7 1 1 1
     2176  11  9  8 1 1 1
     2177  11  9  9 1 1 1
     2178  11  9  10 1 1 1
     2179  11  9  11 1 1 1
     2180  11  9  12 1 1 1
     2181  11  9  13 1 1 1
     2182  11  9  14 1 1 1
     2183  11  9  15 1 1 1
     2184  11  9  16 1 1 1
     2185  11  9  17 1 1 1
     2186  11  9  18 1 1 1
     2187  11  10  1 1 1 1
     2188  11  10  2 1 1 1
     2189  11  10  3 1 1 1
     2190  11  10  4 1 1 1
     2191  11  10  5 1 1 1
     2192  11  10  6 1 1 1
     2193  11  10  7 1 1 1
     2194  11  10  8 1 1 1
     2195  11  10  9 1 1 1
     2196  11  10  10 1 1 1
     2197  11  10  11 1 1 1
     2198  11  10  12 1 1 1
     2199  11  10  13 1 1 1
     2200  11  10  14 1 1 1
     2201  11  10  15 1 1 1
     2202  11  10  16 1 1 1
     2203  11  10  17 1 1 1
     2204  11  10  18 1 1 1
     2205  11  11  1 1 1 1
     2206  11  11  2 1 1 1
     2207  11  11  3 1 1 1
     2208  11  11  4 1 1 1
     2209  11  11  5 1 1 1
     2210  11  11  6 1 1 1
     2211  11  11  7 1 1 1
     2212  11  11  8 1 1 1
     2213  11  11  9 1 1 1
     2214  11  11  10 1 1 1
     2215  11  11  11 1 1 1
     2216  11  11  12 1 1 1
     2217  11  11  13 1 1 1
     2218  11  11  14 1 1 1
     2219  11  11  15 1 1 1
     2220  11  11  16 1 1 1
     2221  11  11  17 1 1 1
     2222  11  11  18 1 1 1
     2223  11  12  1 1 1 1
     2224  11  12  2 1 1 1
     2225  11  12  3 1 1 1
     2226  11  12  4 1 1 1
     2227  11  12  5 1 1 1
     2228  11  12  6 1 1 1
     2229  11  12  7 1 1 1
     2230  11  12  8 1 1 1
     2231  11  12  9 1 1 1
     2232  11  12  10 1 1 1
     2233  11  12  11 1 1 1
     2234  11  12  12 1 1 1
     2235  11  12  13 1 1 1
     2236  11  12  14 1 1 1
     2237  11  12  15 1 1 1
     2238  11  12  16 1 1 1
     2239  11  12  17 1 1 1
     2240  11  12  18 1 1 1
     2241  11  13  1 1 1 1
     2242  11  13  2 1 1 1
     2243  11  13  3 1 1 1
     2244  11  13  4 1 1 1
     2245  11  13  5 1 1 1
     2246  11  13  6 1 1 1
     2247  11  13  7 1 1 1
     2248  11  13  8 1 1 1
     2249  11  13  9 1 1 1
     2250  11  13  10 1 1 1
     2251  11  13  11 1 1 1
     2252  11  13  12 1 1 1
     2253  11  13  13 1 1 1
     2254  11  13  14 1 1 1
     2255  11  13  15 1 1 1
     2256  11  13  16 1 1 1
     2257  11  13  17 1 1 1
     2258  11  13  18 1 1 1
     2259  11  14  2 1 1 1
     2260  11  14  3 1 1 1
     2261  11  14  4 1 1 1
     2262  11  14  5 1 1 1
     2263  11  14  6 1 1 1
     2264  11  14  7 1 1 1
     2265  11  14  8 1 1 1
     2266  11  14  9 1 1 1
     2267  11  14  10 1 1 1
     2268  11  14  11 1 1 1
     2269  11  14  12 1 1 1
     2270  11  14  13 1 1 1
     2271  11  14  14 1 1 1
     2272  11  14  15 1 1 1
     2273  11  14  16 1 1 1
     2274  11  14  17 1 1 1
     2275  11  15  2 1 1 1
     2276  11  15  3 1 1 1
     2277  11  15  4 1 1 1
     2278  11  15  5 1 1 1
     2279  11  15  6 1 1 1
     2280  11  15  7 1 1 1
     2281  11  15  8 1 1 1
     2282  11  15  9 1 1 1
     2283  11  15  10 1 1 1
     2284  11  15  11 1 1 1
     2285  11  15  12 1 1 1
     2286  11  15  13 1 1 1
     2287  11  15  14 1 1 1
     2288  11  15  15 1 1 1
     2289  11  15  16 1 1 1
     2290  11  15  17 1 1 1
     2291  11  16  3 1 1 1
     2292  11  16  4 1 1 1
     2293  11  16  5 1 1 1
     2294  11  16  6 1 1 1
     2295  11  16  7 1 1 1
     2296  11  16  8 1 1 1
     2297  11  16  9 1 1 1
     2298  11  16  10 1 1 1
     2299  11  16  11 1 1 1
     2300  11  16  12 1 1 1
     2301  11  16  13 1 1 1
     2302  11  16  14 1 1 1
     2303  11  16  15 1 1 1
     2304  11  16  16 1 1 1
     2305  11  17  4 1 1 1
     2306  11  17  5 1 1 1
     2307  11  17  6 1 1 1
     2308  11  17  7 1 1 1
     2309  11  17  8 1 1 1
     2310  11  17  9 1 1 1
     2311  11  17  10 1 1 1
     2312  11  17  11 1 1 1
     2313  11  17  12 1 1 1
     2314  11  17  13 1 1 1
     2315  11  17  14 1 1 1
     2316  11  17  15 1 1 1
     2317  11  18  6 1 1 1
     2318  11  18  7 1 1 1
     2319  11  18  8 1 1 1
     2320  11  18  9 1 1 1
     2321  11  18  10 1 1 1
     2322  11  18  11 1 1 1
     2323  11  18  12 1 1 1
     2324  11  18  13 1 1 1
     2325  12  1  7 1 1 1
     2326  12  1  8 1 1 1
     2327  12  1  9 1 1 1
     2328  12  1  10 1 1 1
     2329  12  1  11 1 1 1
     2330  12  1  12 1 1 1
     2331  12  2  5 1 1 1
     2332  12  2  6 1 1 1
     2333  12  2  7 1 1 1
     2334  12  2  8 1 1 1
     2335  12  2  9 1 1 1
     2336  12  2  10 1 1 1
     2337  12  2  11 1 1 1
     2338  12  2  12 1 1 1
     2339  12  2  13 1 1 1
     2340  12  2  14 1 1 1
     2341  12  3  4 1 1 1
     2342  12  3  5 1 1 1
     2343  12  3  6 1 1 1
     2344  12  3  7 1 1 1
     2345  12  3  8 1 1 1
     2346  12  3  9 1 1 1
     2347  12  3  10 1 1 1
     2348  12  3  11 1 1 1
     2349  12  3  12 1 1 1
     2350  12  3  13 1 1 1
     2351  12  3  14 1 1 1
     2352  12  3  15 1 1 1
     2353  12  4  3 1 1 1
     2354  12  4  4 1 1 1
     2355  12  4  5 1 1 1
     2356  12  4  6 1 1 1
     2357  12  4  7 1 1 1
     2358  12  4  8 1 1 1
     2359  12  4  9 1 1 1
     2360  12  4  10 1 1 1
     2361  12  4  11 1 1 1
     2362  12  4  12 1 1 1
     2363  12  4  13 1 1 1
     2364  12  4  14 1 1 1
     2365  12  4  15 1 1 1
     2366  12  4  16 1 1 1
     2367  12  5  2 1 1 1
     2368  12  5  3 1 1 1
     2369  12  5  4 1 1 1
     2370  12  5  5 1 1 1
     2371  12  5  6 1 1 1
     2372  12  5  7 1 1 1
     2373  12  5  8 1 1 1
     2374  12  5  9 1 1 1
     2375  12  5  10 1 1 1
     2376  12  5  11 1 1 1
     2377  12  5  12 1 1 1
     2378  12  5  13 1 1 1
     2379  12  5  14 1 1 1
     2380  12  5  15 1 1 1
     2381  12  5  16 1 1 1
     2382  12  5  17 1 1 1
     2383  12  6  2 1 1 1
     2384  12  6  3 1 1 1
     2385  12  6  4 1 1 1
     2386  12  6  5 1 1 1
     2387  12  6  6 1 1 1
     2388  12  6  7 1 1 1
     2389  12  6  8 1 1 1
     2390  12  6  9 1 1 1
     2391  12  6  10 1 1 1
     2392  12  6  11 1 1 1
     2393  12  6  12 1 1 1
     2394  12  6  13 1 1 1
     2395  12  6  14 1 1 1
     2396  12  6  15 1 1 1
     2397  12  6  16 1 1 1
     2398  12  6  17 1 1 1
     2399  12  7  1 1 1 1
     2400  12  7  2 1 1 1
     2401  12  7  3 1 1 1
     2402  12  7  4 1 1 1
     2403  12  7  5 1 1 1
     2404  12  7  6 1 1 1
     2405  12  7  7 1 1 1
     2406  12  7  8 1 1 1
     2407  12  7  9 1 1 1
     2408  12  7  10 1 1 1
     2409  12  7  11 1 1 1
     2410  12  7  12 1 1 1
     2411  12  7  13 1 1 1
     2412  12  7  14 1 1 1
     2413  12  7  15 1 1 1
     2414  12  7  16 1 1 1
     2415  12  7  17 1 1 1
     2416  12  7  18 1 1 1
     2417  12  8  1 1 1 1
     2418  12  8  2 1 1 1
     2419  12  8  3 1 1 1
     2420  12  8  4 1 1 1
     2421  12  8  5 1 1 1
     2422  12  8  6 1 1 1
     2423  12  8  7 1 1 1
     2424  12  8  8 1 1 1
     2425  12  8  9 1 1 1
     2426  12  8  10 1 1 1
     2427  12  8  11 1 1 1
     2428  12  8  12 1 1 1
     2429  12  8  13 1 1 1
     2430  12  8  14 1 1 1
     2431  12  8  15 1 1 1
     2432  12  8  16 1 1 1
     2433  12  8  17 1 1 1
     2434  12  8  18 1 1 1
     2435  12  9  1 1 1 1
     2436  12  9  2 1 1 1
     2437  12  9  3 1 1 1
     2438  12  9  4 1 1 1
     2439  12  9  5 1 1 1
     2440  12  9  6 1 1 1
     2441  12  9  7 1 1 1
     2442  12  9  8 1 1 1
     2443  12  9  9 1 1 1
     2444  12  9  10 1 1 1
     2445  12  9  11 1 1 1
     2446  12  9  12 1 1 1
     2447  12  9  13 1 1 1
     2448  12  9  14 1 1 1
     2449  12  9  15 1 1 1
     2450  12  9  16 1 1 1
     2451  12  9  17 1 1 1
     2452  12  9  18 1 1 1
     2453  12  10  1 1 1 1
     2454  12  10  2 1 1 1
     2455  12  10  3 1 1 1
     2456  12  10  4 1 1 1
     2457  12  10  5 1 1 1
     2458  12  10  6 1 1 1
     2459  12  10  7 1 1 1
     2460  12  10  8 1 1 1
     2461  12  10  9 1 1 1
     2462  12  10  10 1 1 1
     2463  12  10  11 1 1 1
     2464  12  10  12 1 1 1
     2465  12  10  13 1 1 1
     2466  12  10  14 1 1 1
     2467  12  10  15 1 1 1
     2468  12  10  16 1 1 1
     2469  12  10  17 1 1 1
     2470  12  10  18 1 1 1
     2471  12  11  1 1 1 1
     2472  12  11  2 1 1 1
     2473  12  11  3 1 1 1
     2474  12  11  4 1 1 1
     2475  12  11  5 1 1 1
     2476  12  11  6 1 1 1
     2477  12  11  7 1 1 1
     2478  12  11  8 1 1 1
     2479  12  11  9 1 1 1
     2480  12  11  10 1 1 1
     2481  12  11  11 1 1 1
     2482  12  11  12 1 1 1
     2483  12  11  13 1 1 1
     2484  12  11  14 1 1 1
     2485  12  11  15 1 1 1
     2486  12  11  16 1 1 1
     2487  12  11  17 1 1 1
     2488  12  11  18 1 1 1
     2489  12  12  1 1 1 1
     2490  12  12  2 1 1 1
     2491  12  12  3 1 1 1
     2492  12  12  4 1 1 1
     2493  12  12  5 1 1 1
     2494  12  12  6 1 1 1
     2495  12  12  7 1 1 1
     2496  12  12  8 1 1 1
     2497  12  12  9 1 1 1
     2498  12  12  10 1 1 1
     2499  12  12  11 1 1 1
     2500  12  12  12 1 1 1
     2501  12  12  13 1 1 1
     2502  12  12  14 1 1 1
     2503  12  12  15 1 1 1
     2504  12  12  16 1 1 1
     2505  12  12  17 1 1 1
     2506  12  12  18 1 1 1
     2507  12  13  2 1 1 1
     2508  12  13  3 1 1 1
     2509  12  13  4 1 1 1
     2510  12  13  5 1 1 1
     2511  12  13  6 1 1 1
     2512  12  13  7 1 1 1
     2513  12  13  8 1 1 1
     2514  12  13  9 1 1 1
     2515  12  13  10 1 1 1
     2516  12  13  11 1 1 1
     2517  12  13  12 1 1 1
     2518  12  13  13 1 1 1
     2519  12  13  14 1 1 1
     2520  12  13  15 1 1 1
     2521  12  13  16 1 1 1
     2522  12  13  17 1 1 1
     2523  12  14  2 1 1 1
     2524  12  14  3 1 1 1
     2525  12  14  4 1 1 1
     2526  12  14  5 1 1 1
     2527  12  14  6 1 1 1
     2528  12  14  7 1 1 1
     2529  12  14  8 1 1 1
     2530  12  14  9 1 1 1
     2531  12  14  10 1 1 1
     2532  12  14  11 1 1 1
     2533  12  14  12 1 1 1
     2534  12  14  13 1 1 1
     2535  12  14  14 1 1 1
     2536  12  14  15 1 1 1
     2537  12  14  16 1 1 1
     2538  12  14  17 1 1 1
     2539  12  15  3 1 1 1
     2540  12  15  4 1 1 1
     2541  12  15  5 1 1 1
     2542  12  15  6 1 1 1
     2543  12  15  7 1 1 1
     2544  12  15  8 1 1 1
     2545  12  15  9 1 1 1
     2546  12  15  10 1 1 1
     2547  12  15  11 1 1 1
     2548  12  15  12 1 1 1
     2549  12  15  13 1 1 1
     2550  12  15  14 1 1 1
     2551  12  15  15 1 1 1
     2552  12  15  16 1 1 1
     2553  12  16  4 1 1 1
     2554  12  16  5 1 1 1
     2555  12  16  6 1 1 1
     2556  12  16  7 1 1 1
     2557  12  16  8 1 1 1
     2558  12  16  9 1 1 1
     2559  12  16  10 1 1 1
     2560  12  16  11 1 1 1
     2561  12  16  12 1 1 1
     2562  12  16  13 1 1 1
     2563  12  16  14 1 1 1
     2564  12  16  15 1 1 1
     2565  12  17  5 1 1 1
     2566  12  17  6 1 1 1
     2567  12  17  7 1 1 1
     2568  12  17  8 1 1 1
     2569  12  17  9 1 1 1
     2570  12  17  10 1 1 1
     2571  12  17  11 1 1 1
     2572  12  17  12 1 1 1
     2573  12  17  13 1 1 1
     2574  12  17  14 1 1 1
     2575  12  18  7 1 1 1
     2576  12  18  8 1 1 1
     2577  12  18  9 1 1 1
     2578  12  18  10 1 1 1
     2579  12  18  11 1 1 1
     2580  12  18  12 1 1 1
     2581  13  1  8 1 1 1
     2582  13  1  9 1 1 1
     2583  13  1  10 1 1 1
     2584  13  1  11 1 1 1
     2585  13  2  5 1 1 1
     2586  13  2  6 1 1 1
     2587  13  2  7 1 1 1
     2588  13  2  8 1 1 1
     2589  13  2  9 1 1 1
     2590  13  2  10 1 1 1
     2591  13  2  11 1 1 1
     2592  13  2  12 1 1 1
     2593  13  2  13 1 1 1
     2594  13  2  14 1 1 1
     2595  13  3  4 1 1 1
     2596  13  3  5 1 1 1
     2597  13  3  6 1 1 1
     2598  13  3  7 1 1 1
     2599  13  3  8 1 1 1
     2600  13  3  9 1 1 1
     2601  13  3  10 1 1 1
     2602  13  3  11 1 1 1
     2603  13  3  12 1 1 1
     2604  13  3  13 1 1 1
     2605  13  3  14 1 1 1
     2606  13  3  15 1 1 1
     2607  13  4  3 1 1 1
     2608  13  4  4 1 1 1
     2609  13  4  5 1 1 1
     2610  13  4  6 1 1 1
     2611  13  4  7 1 1 1
     2612  13  4  8 1 1 1
     2613  13  4  9 1 1 1
     2614  13  4  10 1 1 1
     2615  13  4  11 1 1 1
     2616  13  4  12 1 1 1
     2617  13  4  13 1 1 1
     2618  13  4  14 1 1 1
     2619  13  4  15 1 1 1
     2620  13  4  16 1 1 1
     2621  13  5  2 1 1 1
     2622  13  5  3 1 1 1
     2623  13  5  4 1 1 1
     2624  13  5  5 1 1 1
     2625  13  5  6 1 1 1
     2626  13  5  7 1 1 1
     2627  13  5  8 1 1 1
     2628  13  5  9 1 1 1
     2629  13  5  10 1 1 1
     2630  13  5  11 1 1 1
     2631  13  5  12 1 1 1
     2632  13  5  13 1 1 1
     2633  13  5  14 1 1 1
     2634  13  5  15 1 1 1
     2635  13  5  16 1 1 1
     2636  13  5  17 1 1 1
     2637  13  6  2 1 1 1
     2638  13  6  3 1 1 1
     2639  13  6  4 1 1 1
     2640  13  6  5 1 1 1
     2641  13  6  6 1 1 1
     2642  13  6  7 1 1 1
     2643  13  6  8 1 1 1
     2644  13  6  9 1 1 1
     2645  13  6  10 1 1 1
     2646  13  6  11 1 1 1
     2647  13  6  12 1 1 1
     2648  13  6  13 1 1 1
     2649  13  6  14 1 1 1
     2650  13  6  15 1 1 1
     2651  13  6  16 1 1 1
     2652  13  6  17 1 1 1
     2653  13  7  2 1 1 1
     2654  13  7  3 1 1 1
     2655  13  7  4 1 1 1
     2656  13  7  5 1 1 1
     2657  13  7  6 1 1 1
     2658  13  7  7 1 1 1
     2659  13  7  8 1 1 1
     2660  13  7  9 1 1 1
     2661  13  7  10 1 1 1
     2662  13  7  11 1 1 1
     2663  13  7  12 1 1 1
     2664  13  7  13 1 1 1
     2665  13  7  14 1 1 1
     2666  13  7  15 1 1 1
     2667  13  7  16 1 1 1
     2668  13  7  17 1 1 1
     2669  13  8  1 1 1 1
     2670  13  8  2 1 1 1
     2671  13  8  3 1 1 1
     2672  13  8  4 1 1 1
     2673  13  8  5 1 1 1
     2674  13  8  6 1 1 1
     2675  13  8  7 1 1 1
     2676  13  8  8 1 1 1
     2677  13  8  9 1 1 1
     2678  13  8  10 1 1 1
     2679  13  8  11 1 1 1
     2680  13  8  12 1 1 1
     2681  13  8  13 1 1 1
     2682  13  8  14 1 1 1
     2683  13  8  15 1 1 1
     2684  13  8  16 1 1 1
     2685  13  8  17 1 1 1
     2686  13  8  18 1 1 1
     2687  13  9  1 1 1 1
     2688  13  9  2 1 1 1
     2689  13  9  3 1 1 1
     2690  13  9  4 1 1 1
     2691  13  9  5 1 1 1
     2692  13  9  6 1 1 1
     2693  13  9  7 1 1 1
     2694  13  9  8 1 1 1
     2695  13  9  9 1 1 1
     2696  13  9  10 1 1 1
     2697  13  9  11 1 1 1
     2698  13  9  12 1 1 1
     2699  13  9  13 1 1 1
     2700  13  9  14 1 1 1
     2701  13  9  15 1 1 1
     2702  13  9  16 1 1 1
     2703  13  9  17 1 1 1
     2704  13  9  18 1 1 1
     2705  13  10  1 1 1 1
     2706  13  10  2 1 1 1
     2707  13  10  3 1 1 1
     2708  13  10  4 1 1 1
     2709  13  10  5 1 1 1
     2710  13  10  6 1 1 1
     2711  13  10  7 1 1 1
     2712  13  10  8 1 1 1
     2713  13  10  9 1 1 1
     2714  13  10  10 1 1 1
     2715  13  10  11 1 1 1
     2716  13  10  12 1 1 1
     2717  13  10  13 1 1 1
     2718  13  10  14 1 1 1
     2719  13  10  15 1 1 1
     2720  13  10  16 1 1 1
     2721  13  10  17 1 1 1
     2722  13  10  18 1 1 1
     2723  13  11  1 1 1 1
     2724  13  11  2 1 1 1
     2725  13  11  3 1 1 1
     2726  13  11  4 1 1 1
     2727  13  11  5 1 1 1
     2728  13  11  6 1 1 1
     2729  13  11  7 1 1 1
     2730  13  11  8 1 1 1
     2731  13  11  9 1 1 1
     2732  13  11  10 1 1 1
     2733  13  11  11 1 1 1
     2734  13  11  12 1 1 1
     2735  13  11  13 1 1 1
     2736  13  11  14 1 1 1
     2737  13  11  15 1 1 1
     2738  13  11  16 1 1 1
     2739  13  11  17 1 1 1
     2740  13  11  18 1 1 1
     2741  13  12  2 1 1 1
     2742  13  12  3 1 1 1
     2743  13  12  4 1 1 1
     2744  13  12  5 1 1 1
     2745  13  12  6 1 1 1
     2746  13  12  7 1 1 1
     2747  13  12  8 1 1 1
     2748  13  12  9 1 1 1
     2749  13  12  10 1 1 1
     2750  13  12  11 1 1 1
     2751  13  12  12 1 1 1
     2752  13  12  13 1 1 1
     2753  13  12  14 1 1 1
     2754  13  12  15 1 1 1
     2755  13  12  16 1 1 1
     2756  13  12  17 1 1 1
     2757  13  13  2 1 1 1
     2758  13  13  3 1 1 1
     2759  13  13  4 1 1 1
     2760  13  13  5 1 1 1
     2761  13  13  6 1 1 1
     2762  13  13  7 1 1 1
     2763  13  13  8 1 1 1
     2764  13  13  9 1 1 1
     2765  13  13  10 1 1 1
     2766  13  13  11 1 1 1
     2767  13  13  12 1 1 1
     2768  13  13  13 1 1 1
     2769  13  13  14 1 1 1
     2770  13  13  15 1 1 1
     2771  13  13  16 1 1 1
     2772  13  13  17 1 1 1
     2773  13  14  2 1 1 1
     2774  13  14  3 1 1 1
     2775  13  14  4 1 1 1
     2776  13  14  5 1 1 1
     2777  13  14  6 1 1 1
     2778  13  14  7 1 1 1
     2779  13  14  8 1 1 1
     2780  13  14  9 1 1 1
     2781  13  14  10 1 1 1
     2782  13  14  11 1 1 1
     2783  13  14  12 1 1 1
     2784  13  14  13 1 1 1
     2785  13  14  14 1 1 1
     2786  13  14  15 1 1 1
     2787  13  14  16 1 1 1
     2788  13  14  17 1 1 1
     2789  13  15  3 1 1 1
     2790  13  15  4 1 1 1
     2791  13  15  5 1 1 1
     2792  13  15  6 1 1 1
     2793  13  15  7 1 1 1
     2794  13  15  8 1 1 1
     2795  13  15  9 1 1 1
     2796  13  15  10 1 1 1
     2797  13  15  11 1 1 1
     2798  13  15  12 1 1 1
     2799  13  15  13 1 1 1
     2800  13  15  14 1 1 1
     2801  13  15  15 1 1 1
     2802  13  15  16 1 1 1
     2803  13  16  4 1 1 1
     2804  13  16  5 1 1 1
     2805  13  16  6 1 1 1
     2806  13  16  7 1 1 1
     2807  13  16  8 1 1 1
     2808  13  16  9 1 1 1
     2809  13  16  10 1 1 1
     2810  13  16  11 1 1 1
     2811  13  16  12 1 1 1
     2812  13  16  13 1 1 1
     2813  13  16  14 1 1 1
     2814  13  16  15 1 1 1
     2815  13  17  5 1 1 1
     2816  13  17  6 1 1 1
     2817  13  17  7 1 1 1
     2818  13  17  8 1 1 1
     2819  13  17  9 1 1 1
     2820  13  17  10 1 1 1
     2821  13  17  11 1 1 1
     2822  13  17  12 1 1 1
     2823  13  17  13 1 1 1
     2824  13  17  14 1 1 1
     2825  13  18  8 1 1 1
     2826  13  18  9 1 1 1
     2827  13  18  10 1 1 1
     2828  13  18  11 1 1 1
     2829  14  2  6 1 1 1
     2830  14  2  7 1 1 1
     2831  14  2  8 1 1 1
     2832  14  2  9 1 1 1
     2833  14  2  10 1 1 1
     2834  14  2  11 1 1 1
     2835  14  2  12 1 1 1
     2836  14  2  13 1 1 1
     2837  14  3  5 1 1 1
     2838  14  3  6 1 1 1
     2839  14  3  7 1 1 1
     2840  14  3  8 1 1 1
     2841  14  3  9 1 1 1
     2842  14  3  10 1 1 1
     2843  14  3  11 1 1 1
     2844  14  3  12 1 1 1
     2845  14  3  13 1 1 1
     2846  14  3  14 1 1 1
     2847  14  4  4 1 1 1
     2848  14  4  5 1 1 1
     2849  14  4  6 1 1 1
     2850  14  4  7 1 1 1
     2851  14  4  8 1 1 1
     2852  14  4  9 1 1 1
     2853  14  4  10 1 1 1
     2854  14  4  11 1 1 1
     2855  14  4  12 1 1 1
     2856  14  4  13 1 1 1
     2857  14  4  14 1 1 1
     2858  14  4  15 1 1 1
     2859  14  5  3 1 1 1
     2860  14  5  4 1 1 1
     2861  14  5  5 1 1 1
     2862  14  5  6 1 1 1
     2863  14  5  7 1 1 1
     2864  14  5  8 1 1 1
     2865  14  5  9 1 1 1
     2866  14  5  10 1 1 1
     2867  14  5  11 1 1 1
     2868  14  5  12 1 1 1
     2869  14  5  13 1 1 1
     2870  14  5  14 1 1 1
     2871  14  5  15 1 1 1
     2872  14  5  16 1 1 1
     2873  14  6  2 1 1 1
     2874  14  6  3 1 1 1
     2875  14  6  4 1 1 1
     2876  14  6  5 1 1 1
     2877  14  6  6 1 1 1
     2878  14  6  7 1 1 1
     2879  14  6  8 1 1 1
     2880  14  6  9 1 1 1
     2881  14  6  10 1 1 1
     2882  14  6  11 1 1 1
     2883  14  6  12 1 1 1
     2884  14  6  13 1 1 1
     2885  14  6  14 1 1 1
     2886  14  6  15 1 1 1
     2887  14  6  16 1 1 1
     2888  14  6  17 1 1 1
     2889  14  7  2 1 1 1
     2890  14  7  3 1 1 1
     2891  14  7  4 1 1 1
     2892  14  7  5 1 1 1
     2893  14  7  6 1 1 1
     2894  14  7  7 1 1 1
     2895  14  7  8 1 1 1
     2896  14  7  9 1 1 1
     2897  14  7  10 1 1 1
     2898  14  7  11 1 1 1
     2899  14  7  12 1 1 1
     2900  14  7  13 1 1 1
     2901  14  7  14 1 1 1
     2902  14  7  15 1 1 1
     2903  14  7  16 1 1 1
     2904  14  7  17 1 1 1
     2905  14  8  2 1 1 1
     2906  14  8  3 1 1 1
     2907  14  8  4 1 1 1
     2908  14  8  5 1 1 1
     2909  14  8  6 1 1 1
     2910  14  8  7 1 1 1
     2911  14  8  8 1 1 1
     2912  14  8  9 1 1 1
     2913  14  8  10 1 1 1
     2914  14  8  11 1 1 1
     2915  14  8  12 1 1 1
     2916  14  8  13 1 1 1
     2917  14  8  14 1 1 1
     2918  14  8  15 1 1 1
     2919  14  8  16 1 1 1
     2920  14  8  17 1 1 1
     2921  14  9  2 1 1 1
     2922  14  9  3 1 1 1
     2923  14  9  4 1 1 1
     2924  14  9  5 1 1 1
     2925  14  9  6 1 1 1
     2926  14  9  7 1 1 1
     2927  14  9  8 1 1 1
     2928  14  9  9 1 1 1
     2929  14  9  10 1 1 1
     2930  14  9  11 1 1 1
     2931  14  9  12 1 1 1
     2932  14  9  13 1 1 1
     2933  14  9  14 1 1 1
     2934  14  9  15 1 1 1
     2935  14  9  16 1 1 1
     2936  14  9  17 1 1 1
     2937  14  10  2 1 1 1
     2938  14  10  3 1 1 1
     2939  14  10  4 1 1 1
     2940  14  10  5 1 1 1
     2941  14  10  6 1 1 1
     2942  14  10  7 1 1 1
     2943  14  10  8 1 1 1
     2944  14  10  9 1 1 1
     2945  14  10  10 1 1 1
     2946  14  10  11 1 1 1
     2947  14  10  12 1 1 1
     2948  14  10  13 1 1 1
     2949  14  10  14 1 1 1
     2950  14  10  15 1 1 1
     2951  14  10  16 1 1 1
     2952  14  10  17 1 1 1
     2953  14  11  2 1 1 1
     2954  14  11  3 1 1 1
     2955  14  11  4 1 1 1
     2956  14  11  5 1 1 1
     2957  14  11  6 1 1 1
     2958  14  11  7 1 1 1
     2959  14  11  8 1 1 1
     2960  14  11  9 1 1 1
     2961  14  11  10 1 1 1
     2962  14  11  11 1 1 1
     2963  14  11  12 1 1 1
     2964  14  11  13 1 1 1
     2965  14  11  14 1 1 1
     2966  14  11  15 1 1 1
     2967  14  11  16 1 1 1
     2968  14  11  17 1 1 1
     2969  14  12  2 1 1 1
     2970  14  12  3 1 1 1
     2971  14  12  4 1 1 1
     2972  14  12  5 1 1 1
     2973  14  12  6 1 1 1
     2974  14  12  7 1 1 1
     2975  14  12  8 1 1 1
     2976  14  12  9 1 1 1
     2977  14  12  10 1 1 1
     2978  14  12  11 1 1 1
     2979  14  12  12 1 1 1
     2980  14  12  13 1 1 1
     2981  14  12  14 1 1 1
     2982  14  12  15 1 1 1
     2983  14  12  16 1 1 1
     2984  14  12  17 1 1 1
     2985  14  13  2 1 1 1
     2986  14  13  3 1 1 1
     2987  14  13  4 1 1 1
     2988  14  13  5 1 1 1
     2989  14  13  6 1 1 1
     2990  14  13  7 1 1 1
     2991  14  13  8 1 1 1
     2992  14  13  9 1 1 1
     2993  14  13  10 1 1 1
     2994  14  13  11 1 1 1
     2995  14  13  12 1 1 1
     2996  14  13  13 1 1 1
     2997  14  13  14 1 1 1
     2998  14  13  15 1 1 1
     2999  14  13  16 1 1 1
     3000  14  13  17 1 1 1
     3001  14  14  3 1 1 1
     3002  14  14  4 1 1 1
     3003  14  14  5 1 1 1
     3004  14  14  6 1 1 1
     3005  14  14  7 1 1 1
     3006  14  14  8 1 1 1
     3007  14  14  9 1 1 1
     3008  14  14  10 1 1 1
     3009  14  14  11 1 1 1
     3010  14  14  12 1 1 1
     3011  14  14  13 1 1 1
     3012  14  14  14 1 1 1
     3013  14  14  15 1 1 1
     3014  14  14  16 1 1 1
     3015  14  15  4 1 1 1
     3016  14  15  5 1 1 1
     3017  14  15  6 1 1 1
     3018  14  15  7 1 1 1
     3019  14  15  8 1 1 1
     3020  14  15  9 1 1 1
     3021  14  15  10 1 1 1
     3022  14  15  11 1 1 1
     3023  14  15  12 1 1 1
     3024  14  15  13 1 1 1
     3025  14  15  14 1 1 1
     3026  14  15  15 1 1 1
     3027  14  16  5 1 1 1
     3028  14  16  6 1 1 1
     3029  14  16  7 1 1 1
     3030  14  16  8 1 1 1
     3031  14  16  9 1 1 1
     3032  14  16  10 1 1 1
     3033  14  16  11 1 1 1
     3034  14  16  12 1 1 1
     3035  14  16  13 1 1 1
     3036  14  16  14 1 1 1
     3037  14  17  6 1 1 1
     3038  14  17  7 1 1 1
     3039  14  17  8 1 1 1
     3040  14  17  9 1 1 1
     3041  14  17  10 1 1 1
     3042  14  17  11 1 1 1
     3043  14  17  12 1 1 1
     3044  14  17  13 1 1 1
     3045  15  2  8 1 1 1
     3046  15  2  9 1 1 1
     3047  15  2  10 1 1 1
     3048  15  2  11 1 1 1
     3049  15  3  6 1 1 1
     3050  15  3  7 1 1 1
     3051  15  3  8 1 1 1
     3052  15  3  9 1 1 1
     3053  15  3  10 1 1 1
     3054  15  3  11 1 1 1
     3055  15  3  12 1 1 1
     3056  15  3  13 1 1 1
     3057  15  4  5 1 1 1
     3058  15  4  6 1 1 1
     3059  15  4  7 1 1 1
     3060  15  4  8 1 1 1
     3061  15  4  9 1 1 1
     3062  15  4  10 1 1 1
     3063  15  4  11 1 1 1
     3064  15  4  12 1 1 1
     3065  15  4  13 1 1 1
     3066  15  4  14 1 1 1
     3067  15  5  4 1 1 1
     3068  15  5  5 1 1 1
     3069  15  5  6 1 1 1
     3070  15  5  7 1 1 1
     3071  15  5  8 1 1 1
     3072  15  5  9 1 1 1
     3073  15  5  10 1 1 1
     3074  15  5  11 1 1 1
     3075  15  5  12 1 1 1
     3076  15  5  13 1 1 1
     3077  15  5  14 1 1 1
     3078  15  5  15 1 1 1
     3079  15  6  3 1 1 1
     3080  15  6  4 1 1 1
     3081  15  6  5 1 1 1
     3082  15  6  6 1 1 1
     3083  15  6  7 1 1 1
     3084  15  6  8 1 1 1
     3085  15  6  9 1 1 1
     3086  15  6  10 1 1 1
     3087  15  6  11 1 1 1
     3088  15  6  12 1 1 1
     3089  15  6  13 1 1 1
     3090  15  6  14 1 1 1
     3091  15  6  15 1 1 1
     3092  15  6  16 1 1 1
     3093  15  7  3 1 1 1
     3094  15  7  4 1 1 1
     3095  15  7  5 1 1 1
     3096  15  7  6 1 1 1
     3097  15  7  7 1 1 1
     3098  15  7  8 1 1 1
     3099  15  7  9 1 1 1
     3100  15  7  10 1 1 1
     3101  15  7  11 1 1 1
     3102  15  7  12 1 1 1
     3103  15  7  13 1 1 1
     3104  15  7  14 1 1 1
     3105  15  7  15 1 1 1
     3106  15  7  16 1 1 1
     3107  15  8  2 1 1 1
     3108  15  8  3 1 1 1
     3109  15  8  4 1 1 1
     3110  15  8  5 1 1 1
     3111  15  8  6 1 1 1
     3112  15  8  7 1 1 1
     3113  15  8  8 1 1 1
     3114  15  8  9 1 1 1
     3115  15  8  10 1 1 1
     3116  15  8  11 1 1 1
     3117  15  8  12 1 1 1
     3118  15  8  13 1 1 1
     3119  15  8  14 1 1 1
     3120  15  8  15 1 1 1
     3121  15  8  16 1 1 1
     3122  15  8  17 1 1 1
     3123  15  9  2 1 1 1
     3124  15  9  3 1 1 1
     3125  15  9  4 1 1 1
     3126  15  9  5 1 1 1
     3127  15  9  6 1 1 1
     3128  15  9  7 1 1 1
     3129  15  9  8 1 1 1
     3130  15  9  9 1 1 1
     3131  15  9  10 1 1 1
     3132  15  9  11 1 1 1
     3133  15  9  12 1 1 1
     3134  15  9  13 1 1 1
     3135  15  9  14 1 1 1
     3136  15  9  15 1 1 1
     3137  15  9  16 1 1 1
     3138  15  9  17 1 1 1
     3139  15  10  2 1 1 1
     3140  15  10  3 1 1 1
     3141  15  10  4 1 1 1
     3142  15  10  5 1 1 1
     3143  15  10  6 1 1 1
     3144  15  10  7 1 1 1
     3145  15  10  8 1 1 1
     3146  15  10  9 1 1 1
     3147  15  10  10 1 1 1
     3148  15  10  11 1 1 1
     3149  15  10  12 1 1 1
     3150  15  10  13 1 1 1
     3151  15  10  14 1 1 1
     3152  15  10  15 1 1 1
     3153  15  10  16 1 1 1
     3154  15  10  17 1 1 1
     3155  15  11  2 1 1 1
     3156  15  11  3 1 1 1
     3157  15  11  4 1 1 1
     3158  15  11  5 1 1 1
     3159  15  11  6 1 1 1
     3160  15  11  7 1 1 1
     3161  15  11  8 1 1 1
     3162  15  11  9 1 1 1
     3163  15  11  10 1 1 1
     3164  15  11  11 1 1 1
     3165  15  11  12 1 1 1
     3166  15  11  13 1 1 1
     3167  15  11  14 1 1 1
     3168  15  11  15 1 1 1
     3169  15  11  16 1 1 1
     3170  15  11  17 1 1 1
     3171  15  12  3 1 1 1
     3172  15  12  4 1 1 1
     3173  15  12  5 1 1 1
     3174  15  12  6 1 1 1
     3175  15  12  7 1 1 1
     3176  15  12  8 1 1 1
     3177  15  12  9 1 1 1
     3178  15  12  10 1 1 1
     3179  15  12  11 1 1 1
     3180  15  12  12 1 1 1
     3181  15  12  13 1 1 1
     3182  15  12  14 1 1 1
     3183  15  12  15 1 1 1
     3184  15  12  16 1 1 1
     3185  15  13  3 1 1 1
     3186  15  13  4 1 1 1
     3187  15  13  5 1 1 1
     3188  15  13  6 1 1 1
     3189  15  13  7 1 1 1
     3190  15  13  8 1 1 1
     3191  15  13  9 1 1 1
     3192  15  13  10 1 1 1
     3193  15  13  11 1 1 1
     3194  15  13  12 1 1 1
     3195  15  13  13 1 1 1
     3196  15  13  14 1 1 1
     3197  15  13  15 1 1 1
     3198  15  13  16 1 1 1
     3199  15  14  4 1 1 1
     3200  15  14  5 1 1 1
     3201  15  14  6 1 1 1
     3202  15  14  7 1 1 1
     3203  15  14  8 1 1 1
     3204  15  14  9 1 1 1
     3205  15  14  10 1 1 1
     3206  15  14  11 1 1 1
     3207  15  14  12 1 1 1
     3208  15  14  13 1 1 1
     3209  15  14  14 1 1 1
     3210  15  14  15 1 1 1
     3211  15  15  5 1 1 1
     3212  15  15  6 1 1 1
     3213  15  15  7 1 1 1
     3214  15  15  8 1 1 1
     3215  15  15  9 1 1 1
     3216  15  15  10 1 1 1
     3217  15  15  11 1 1 1
     3218  15  15  12 1 1 1
     3219  15  15  13 1 1 1
     3220  15  15  14 1 1 1
     3221  15  16  6 1 1 1
     3222  15  16  7 1 1 1
     3223  15  16  8 1 1 1
     3224  15  16  9 1 1 1
     3225  15  16  10 1 1 1
     3226  15  16  11 1 1 1
     3227  15  16  12 1 1 1
     3228  15  16  13 1 1 1
     3229  15  17  8 1 1 1
     3230  15  17  9 1 1 1
     3231  15  17  10 1 1 1
     3232  15  17  11 1 1 1
     3233  16  3  8 1 1 1
     3234  16  3  9 1 1 1
     3235  16  3  10 1 1 1
     3236  16  3  11 1 1 1
     3237  16  4  6 1 1 1
     3238  16  4  7 1 1 1
     3239  16  4  8 1 1 1
     3240  16  4  9 1 1 1
     3241  16  4  10 1 1 1
     3242  16  4  11 1 1 1
     3243  16  4  12 1 1 1
     3244  16  4  13 1 1 1
     3245  16  5  5 1 1 1
     3246  16  5  6 1 1 1
     3247  16  5  7 1 1 1
     3248  16  5  8 1 1 1
     3249  16  5  9 1 1 1
     3250  16  5  10 1 1 1
     3251  16  5  11 1 1 1
     3252  16  5  12 1 1 1
     3253  16  5  13 1 1 1
     3254  16  5  14 1 1 1
     3255  16  6  4 1 1 1
     3256  16  6  5 1 1 1
     3257  16  6  6 1 1 1
     3258  16  6  7 1 1 1
     3259  16  6  8 1 1 1
     3260  16  6  9 1 1 1
     3261  16  6  10 1 1 1
     3262  16  6  11 1 1 1
     3263  16  6  12 1 1 1
     3264  16  6  13 1 1 1
     3265  16  6  14 1 1 1
     3266  16  6  15 1 1 1
     3267  16  7  4 1 1 1
     3268  16  7  5 1 1 1
     3269  16  7  6 1 1 1
     3270  16  7  7 1 1 1
     3271  16  7  8 1 1 1
     3272  16  7  9 1 1 1
     3273  16  7  10 1 1 1
     3274  16  7  11 1 1 1
     3275  16  7  12 1 1 1
     3276  16  7  13 1 1 1
     3277  16  7  14 1 1 1
     3278  16  7  15 1 1 1
     3279  16  8  3 1 1 1
     3280  16  8  4 1 1 1
     3281  16  8  5 1 1 1
     3282  16  8  6 1 1 1
     3283  16  8  7 1 1 1
     3284  16  8  8 1 1 1
     3285  16  8  9 1 1 1
     3286  16  8  10 1 1 1
     3287  16  8  11 1 1 1
     3288  16  8  12 1 1 1
     3289  16  8  13 1 1 1
     3290  16  8  14 1 1 1
     3291  16  8  15 1 1 1
     3292  16  8  16 1 1 1
     3293  16  9  3 1 1 1
     3294  16  9  4 1 1 1
     3295  16  9  5 1 1 1
     3296  16  9  6 1 1 1
     3297  16  9  7 1 1 1
     3298  16  9  8 1 1 1
     3299  16  9  9 1 1 1
     3300  16  9  10 1 1 1
     3301  16  9  11 1 1 1
     3302  16  9  12 1 1 1
     3303  16  9  13 1 1 1
     3304  16  9  14 1 1 1
     3305  16  9  15 1 1 1
     3306  16  9  16 1 1 1
     3307  16  10  3 1 1 1
     3308  16  10  4 1 1 1
     3309  16  10  5 1 1 1
     3310  16  10  6 1 1 1
     3311  16  10  7 1 1 1
     3312  16  10  8 1 1 1
     3313  16  10  9 1 1 1
     3314  16  10  10 1 1 1
     3315  16  10  11 1 1 1
     3316  16  10  12 1 1 1
     3317  16  10  13 1 1 1
     3318  16  10  14 1 1 1
     3319  16  10  15 1 1 1
     3320  16  10  16 1 1 1
     3321  16  11  3 1 1 1
     3322  16  11  4 1 1 1
     3323  16  11  5 1 1 1
     3324  16  11  6 1 1 1
     3325  16  11  7 1 1 1
     3326  16  11  8 1 1 1
     3327  16  11  9 1 1 1
     3328  16  11  10 1 1 1
     3329  16  11  11 1 1 1
     3330  16  11  12 1 1 1
     3331  16  11  13 1 1 1
     3332  16  11  14 1 1 1
     3333  16  11  15 1 1 1
     3334  16  11  16 1 1 1
     3335  16  12  4 1 1 1
     3336  16  12  5 1 1 1
     3337  16  12  6 1 1 1
     3338  16  12  7 1 1 1
     3339  16  12  8 1 1 1
     3340  16  12  9 1 1 1
     3341  16  12  10 1 1 1
     3342  16  12  11 1 1 1
     3343  16  12  12 1 1 1
     3344  16  12  13 1 1 1
     3345  16  12  14 1 1 1
     3346  16  12  15 1 1 1
     3347  16  13  4 1 1 1
     3348  16  13  5 1 1 1
     3349  16  13  6 1 1 1
     3350  16  13  7 1 1 1
     3351  16  13  8 1 1 1
     3352  16  13  9 1 1 1
     3353  16  13  10 1 1 1
     3354  16  13  11 1 1 1
     3355  16  13  12 1 1 1
     3356  16  13  13 1 1 1
     3357  16  13  14 1 1 1
     3358  16  13  15 1 1 1
     3359  16  14  5 1 1 1
     3360  16  14  6 1 1 1
     3361  16  14  7 1 1 1
     3362  16  14  8 1 1 1
     3363  16  14  9 1 1 1
     3364  16  14  10 1 1 1
     3365  16  14  11 1 1 1
     3366  16  14  12 1 1 1
     3367  16  14  13 1 1 1
     3368  16  14  14 1 1 1
     3369  16  15  6 1 1 1
     3370  16  15  7 1 1 1
     3371  16  15  8 1 1 1
     3372  16  15  9 1 1 1
     3373  16  15  10 1 1 1
     3374  16  15  11 1 1 1
     3375  16  15  12 1 1 1
     3376  16  15  13 1 1 1
     3377  16  16  8 1 1 1
     3378  16  16  9 1 1 1
     3379  16  16  10 1 1 1
     3380  16  16  11 1 1 1
     3381  17  4  8 1 1 1
     3382  17  4  9 1 1 1
     3383  17  4  10 1 1 1
     3384  17  4  11 1 1 1
     3385  17  5  6 1 1 1
     3386  17  5  7 1 1 1
     3387  17  5  8 1 1 1
     3388  17  5  9 1 1 1
     3389  17  5  10 1 1 1
     3390  17  5  11 1 1 1
     3391  17  5  12 1 1 1
     3392  17  5  13 1 1 1
     3393  17  6  5 1 1 1
     3394  17  6  6 1 1 1
     3395  17  6  7 1 1 1
     3396  17  6  8 1 1 1
     3397  17  6  9 1 1 1
     3398  17  6  10 1 1 1
     3399  17  6  11 1 1 1
     3400  17  6  12 1 1 1
     3401  17  6  13 1 1 1
     3402  17  6  14 1 1 1
     3403  17  7  5 1 1 1
     3404  17  7  6 1 1 1
     3405  17  7  7 1 1 1
     3406  17  7  8 1 1 1
     3407  17  7  9 1 1 1
     3408  17  7  10 1 1 1
     3409  17  7  11 1 1 1
     3410  17  7  12 1 1 1
     3411  17  7  13 1 1 1
     3412  17  7  14 1 1 1
     3413  17  8  4 1 1 1
     3414  17  8  5 1 1 1
     3415  17  8  6 1 1 1
     3416  17  8  7 1 1 1
     3417  17  8  8 1 1 1
     3418  17  8  9 1 1 1
     3419  17  8  10 1 1 1
     3420  17  8  11 1 1 1
     3421  17  8  12 1 1 1
     3422  17  8  13 1 1 1
     3423  17  8  14 1 1 1
     3424  17  8  15 1 1 1
     3425  17  9  4 1 1 1
     3426  17  9  5 1 1 1
     3427  17  9  6 1 1 1
     3428  17  9  7 1 1 1
     3429  17  9  8 1 1 1
     3430  17  9  9 1 1 1
     3431  17  9  10 1 1 1
     3432  17  9  11 1 1 1
     3433  17  9  12 1 1 1
     3434  17  9  13 1 1 1
     3435  17  9  14 1 1 1
     3436  17  9  15 1 1 1
     3437  17  10  4 1 1 1
     3438  17  10  5 1 1 1
     3439  17  10  6 1 1 1
     3440  17  10  7 1 1 1
     3441  17  10  8 1 1 1
     3442  17  10  9 1 1 1
     3443  17  10  10 1 1 1
     3444  17  10  11 1 1 1
     3445  17  10  12 1 1 1
     3446  17  10  13 1 1 1
     3447  17  10  14 1 1 1
     3448  17  10  15 1 1 1
     3449  17  11  4 1 1 1
     3450  17  11  5 1 1 1
     3451  17  11  6 1 1 1
     3452  17  11  7 1 1 1
     3453  17  11  8 1 1 1
     3454  17  11  9 1 1 1
     3455  17  11  10 1 1 1
     3456  17  11  11 1 1 1
     3457  17  11  12 1 1 1
     3458  17  11  13 1 1 1
     3459  17  11  14 1 1 1
     3460  17  11  15 1 1 1
     3461  17  12  5 1 1 1
     3462  17  12  6 1 1 1
     3463  17  12  7 1 1 1
     3464  17  12  8 1 1 1
     3465  17  12  9 1 1 1
     3466  17  12  10 1 1 1
     3467  17  12  11 1 1 1
     3468  17  12  12 1 1 1
     3469  17  12  13 1 1 1
     3470  17  12  14 1 1 1
     3471  17  13  5 1 1 1
     3472  17  13  6 1 1 1
     3473  17  13  7 1 1 1
     3474  17  13  8 1 1 1
     3475  17  13  9 1 1 1
     3476  17  13  10 1 1 1
     3477  17  13  11 1 1 1
     3478  17  13  12 1 1 1
     3479  17  13  13 1 1 1
     3480  17  13  14 1 1 1
     3481  17  14  6 1 1 1
     3482  17  14  7 1 1 1
     3483  17  14  8 1 1 1
     3484  17  14  9 1 1 1
     3485  17  14  10 1 1 1
     3486  17  14  11 1 1 1
     3487  17  14  12 1 1 1
     3488  17  14  13 1 1 1
     3489  17  15  8 1 1 1
     3490  17  15  9 1 1 1
     3491  17  15  10 1 1 1
     3492  17  15  11 1 1 1
     3493  18  6  8 1 1 1
     3494  18  6  9 1 1 1
     3495  18  6  10 1 1 1
     3496  18  6  11 1 1 1
     3497  18  7  7 1 1 1
     3498  18  7  8 1 1 1
     3499  18  7  9 1 1 1
     3500  18  7  10 1 1 1
     3501  18  7  11 1 1 1
     3502  18  7  12 1 1 1
     3503  18  8  6 1 1 1
     3504  18  8  7 1 1 1
     3505  18  8  8 1 1 1
     3506  18  8  9 1 1 1
     3507  18  8  10 1 1 1
     3508  18  8  11 1 1 1
     3509  18  8  12 1 1 1
     3510  18  8  13 1 1 1
     3511  18  9  6 1 1 1
     3512  18  9  7 1 1 1
     3513  18  9  8 1 1 1
     3514  18  9  9 1 1 1
     3515  18  9  10 1 1 1
     3516  18  9  11 1 1 1
     3517  18  9  12 1 1 1
     3518  18  9  13 1 1 1
     3519  18  10  6 1 1 1
     3520  18  10  7 1 1 1
     3521  18  10  8 1 1 1
     3522  18  10  9 1 1 1
     3523  18  10  10 1 1 1
     3524  18  10  11 1 1 1
     3525  18  10  12 1 1 1
     3526  18  10  13 1 1 1
     3527  18  11  6 1 1 1
     3528  18  11  7 1 1 1
     3529  18  11  8 1 1 1
     3530  18  11  9 1 1 1
     3531  18  11  10 1 1 1
     3532  18  11  11 1 1 1
     3533  18  11  12 1 1 1
     3534  18  11  13 1 1 1
     3535  18  12  7 1 1 1
     3536  18  12  8 1 1 1
     3537  18  12  9 1 1 1
     3538  18  12  10 1 1 1
     3539  18  12  11 1 1 1
     3540  18  12  12 1 1 1
     3541  18  13  8 1 1 1
     3542  18  13  9 1 1 1
     3543  18  13  10 1 1 1
     3544  18  13  11 1 1 1