>GEOMETRY   rect_prism; AX,AY,AZ= 0.4136 0.4136 0.4136
     2800 = NAT 
  1.000000  0.000000  0.000000 = A_1 vector
  0.000000  1.000000  0.000000 = A_2 vector
  1.000000  1.000000  1.000000 = lattice spacings (d_x,d_y,d_z)/d
 -0.06980 -0.04945 -0.09840 = lattice offset x0(1-3) = (x_TF, y_TF, z_TF)/d for dipole 0 0 0
     JA  IX  IY  IZ ICOMP(x,y,z)
     1  1  1  1 1 1 1
     2  1  1  2 1 1 1
     3  1  1  3 1 1 1
     4  1  1  4 1 1 1
     5  1  1  5 1 1 1
     6  1  1  6 1 1 1
     7  1  1  7 1 1 1
     8  1  1  8 1 1 1
     9  1  1  9 1 1 1
     10  1  1  10 1 1 1
     11  1  1  11 1 1 1
     12  1  1  12 1 1 1
     13  1  1  13 1 1 1
     14  1  1  14 1 1 1
     15  1  1  15 1 1 1
     16  1  1  16 1 1 1
     17  1  1  17 1 1 1
     18  1  1  18 1 1 1
     19  1  1  19 1 1 1
     20  1  1  20 1 1 1
     21  1  2  1 1 1 1
     22  1  2  2 1 1 1
     23  1  2  3 1 1 1
     24  1  2  4 1 1 1
     25  1  2  5 1 1 1
     26  1  2  6 1 1 1
     27  1  2  7 1 1 1
     28  1  2  8 1 1 1
     29  1  2  9 1 1 1
     30  1  2  10 1 1 1
     31  1  2  11 1 1 1
     32  1  2  12 1 1 1
     33  1  2  13 1 1 1
     34  1  2  14 1 1 1
     35  1  2  15 1 1 1
     36  1  2  16 1 1 1
     37  1  2  17 1 1 1
     38  1  2  18 1 1 1
     39  1  2  19 1 1 1
     40  1  2  20 1 1 1
     41  1  3  1 1 1 1
     42  1  3  2 1 1 1
     43  1  3  3 1 1 1
     44  1  3  4 1 1 1
     45  1  3  5 1 1 1
     46  1  3  6 1 1 1
     47  1  3  7 1 1 1
     48  1  3  8 1 1 1
     49  1  3  9 1 1 1
     50  1  3  10 1 1 1
     51  1  3  11 1 1 1
     52  1  3  12 1 1 1
     53  1  3  13 1 1 1
     54  1  3  14 1 1 1
     55  1  3  15 1 1 1
     56  1  3  16 1 1 1
     57  1  3  17 1 1 1
     58  1  3  18 1 1 1
     59  1  3  19 1 1 1
     60  1  3  20 1 1 1
     61  1  4  1 1 1 1
     62  1  4  2 1 1 1
     63  1  4  3 1 1 1
     64  1  4  4 1 1 1
     65  1  4  5 1 1 1
     66  1  4  6 1 1 1
     67  1  4  7 1 1 1
     68  1  4  8 1 1 1
     69  1  4  9 1 1 1
     70  1  4  10 1 1 1
     71  1  4  11 1 1 1
     72  1  4  12 1 1 1
     73  1  4  13 1 1 1
     74  1  4  14 1 1 1
     75  1  4  15 1 1 1
     76  1  4  16 1 1 1
     77  1  4  17 1 1 1
     78  1  4  18 1 1 1
     79  1  4  19 1 1 1
     80  1  4  20 1 1 1
     81  1  5  1 1 1 1
     82  1  5  2 1 1 1
     83  1  5  3 1 1 1
     84  1  5  4 1 1 1
     85  1  5  5 1 1 1
     86  1  5  6 1 1 1
     87  1  5  7 1 1 1
     88  1  5  8 1 1 1
     89  1  5  9 1 1 1
     90  1  5  10 1 1 1
     91  1  5  11 1 1 1
     92  1  5  12 1 1 1
     93  1  5  13 1 1 1
     94  1  5  14 1 1 1
     95  1  5  15 1 1 1
     96  1  5  16 1 1 1
     97  1  5  17 1 1 1
     98  1  5  18 1 1 1
     99  1  5  19 1 1 1
     100  1  5  20 1 1 1
     101  1  6  1 1 1 1
     102  1  6  2 1 1 1
     103  1  6  3 1 1 1
     104  1  6  4 1 1 1
     105  1  6  5 1 1 1
     106  1  6  6 1 1 1
     107  1  6  7 1 1 1
     108  1  6  8 1 1 1
     109  1  6  9 1 1 1
     110  1  6  10 1 1 1
     111  1  6  11 1 1 1
     112  1  6  12 1 1 1
     113  1  6  13 1 1 1
     114  1  6  14 1 1 1
     115  1  6  15 1 1 1
     116  1  6  16 1 1 1
     117  1  6  17 1 1 1
     118  1  6  18 1 1 1
     119  1  6  19 1 1 1
     120  1  6  20 1 1 1
     121  1  7  1 1 1 1
     122  1  7  2 1 1 1
     123  1  7  3 1 1 1
     124  1  7  4 1 1 1
     125  1  7  5 1 1 1
     126  1  7  6 1 1 1
     127  1  7  7 1 1 1
     128  1  7  8 1 1 1
     129  1  7  9 1 1 1
     130  1  7  10 1 1 1
     131  1  7  11 1 1 1
     132  1  7  12 1 1 1
     133  1  7  13 1 1 1
     134  1  7  14 1 1 1
     135  1  7  15 1 1 1
     136  1  7  16 1 1 1
     137  1  7  17 1 1 1
     138  1  7  18 1 1 1
     139  1  7  19 1 1 1
     140  1  7  20 1 1 1
     141  1  8  1 1 1 1
     142  1  8  2 1 1 1
     143  1  8  3 1 1 1
     144  1  8  4 1 1 1
     145  1  8  5 1 1 1
     146  1  8  6 1 1 1
     147  1  8  7 1 1 1
     148  1  8  8 1 1 1
     149  1  8  9 1 1 1
     150  1  8  10 1 1 1
     151  1  8  11 1 1 1
     152  1  8  12 1 1 1
     153  1  8  13 1 1 1
     154  1  8  14 1 1 1
     155  1  8  15 1 1 1
     156  1  8  16 1 1 1
     157  1  8  17 1 1 1
     158  1  8  18 1 1 1
     159  1  8  19 1 1 1
     160  1  8  20 1 1 1
     161  1  9  1 1 1 1
     162  1  9  2 1 1 1
     163  1  9  3 1 1 1
     164  1  9  4 1 1 1
     165  1  9  5 1 1 1
     166  1  9  6 1 1 1
     167  1  9  7 1 1 1
     168  1  9  8 1 1 1
     169  1  9  9 1 1 1
     170  1  9  10 1 1 1
     171  1  9  11 1 1 1
     172  1  9  12 1 1 1
     173  1  9  13 1 1 1
     174  1  9  14 1 1 1
     175  1  9  15 1 1 1
     176  1  9  16 1 1 1
     177  1  9  17 1 1 1
     178  1  9  18 1 1 1
     179  1  9  19 1 1 1
     180  1  9  20 1 1 1
     181  1  10  1 1 1 1
     182  1  10  2 1 1 1
     183  1  10  3 1 1 1
     184  1  10  4 1 1 1
     185  1  10  5 1 1 1
     186  1  10  6 1 1 1
     187  1  10  7 1 1 1
     188  1  10  8 1 1 1
     189  1  10  9 1 1 1
     190  1  10  10 1 1 1
     191  1  10  11 1 1 1
     192  1  10  12 1 1 1
     193  1  10  13 1 1 1
     194  1  10  14 1 1 1
     195  1  10  15 1 1 1
     196  1  10  16 1 1 1
     197  1  10  17 1 1 1
     198  1  10  18 1 1 1
     199  1  10  19 1 1 1
     200  1  10  20 1 1 1
     201  2  1  1 1 1 1
     202  2  1  2 1 1 1
     203  2  1  3 1 1 1
     204  2  1  4 1 1 1
     205  2  1  5 1 1 1
     206  2  1  6 1 1 1
     207  2  1  7 1 1 1
     208  2  1  8 1 1 1
     209  2  1  9 1 1 1
     210  2  1  10 1 1 1
     211  2  1  11 1 1 1
     212  2  1  12 1 1 1
     213  2  1  13 1 1 1
     214  2  1  14 1 1 1
     215  2  1  15 1 1 1
     216  2  1  16 1 1 1
     217  2  1  17 1 1 1
     218  2  1  18 1 1 1
     219  2  1  19 1 1 1
     220  2  1  20 1 1 1
     221  2  2  1 1 1 1
     222  2  2  2 1 1 1
     223  2  2  3 1 1 1
     224  2  2  4 1 1 1
     225  2  2  5 1 1 1
     226  2  2  6 1 1 1
     227  2  2  7 1 1 1
     228  2  2  8 1 1 1
     229  2  2  9 1 1 1
     230  2  2  10 1 1 1
     231  2  2  11 1 1 1
     232  2  2  12 1 1 1
     233  2  2  13 1 1 1
     234  2  2  14 1 1 1
     235  2  2  15 1 1 1
     236  2  2  16 1 1 1
     237  2  2  17 1 1 1
     238  2  2  18 1 1 1
     239  2  2  19 1 1 1
     240  2  2  20 1 1 1
     241  2  3  1 1 1 1
     242  2  3  2 1 1 1
     243  2  3  3 1 1 1
     244  2  3  4 1 1 1
     245  2  3  5 1 1 1
     246  2  3  6 1 1 1
     247  2  3  7 1 1 1
     248  2  3  8 1 1 1
     249  2  3  9 1 1 1
     250  2  3  10 1 1 1
     251  2  3  11 1 1 1
     252  2  3  12 1 1 1
     253  2  3  13 1 1 1
     254  2  3  14 1 1 1
     255  2  3  15 1 1 1
     256  2  3  16 1 1 1
     257  2  3  17 1 1 1
     258  2  3  18 1 1 1
     259  2  3  19 1 1 1
     260  2  3  20 1 1 1
     261  2  4  1 1 1 1
     262  2  4  2 1 1 1
     263  2  4  3 1 1 1
     264  2  4  4 1 1 1
     265  2  4  5 1 1 1
     266  2  4  6 1 1 1
     267  2  4  7 1 1 1
     268  2  4  8 1 1 1
     269  2  4  9 1 1 1
     270  2  4  10 1 1 1
     271  2  4  11 1 1 1
     272  2  4  12 1 1 1
     273  2  4  13 1 1 1
     274  2  4  14 1 1 1
     275  2  4  15 1 1 1
     276  2  4  16 1 1 1
     277  2  4  17 1 1 1
     278  2  4  18 1 1 1
     279  2  4  19 1 1 1
     280  2  4  20 1 1 1
     281  2  5  1 1 1 1
     282  2  5  2 1 1 1
     283  2  5  3 1 1 1
     284  2  5  4 1 1 1
     285  2  5  5 1 1 1
     286  2  5  6 1 1 1
     287  2  5  7 1 1 1
     288  2  5  8 1 1 1
     289  2  5  9 1 1 1
     290  2  5  10 1 1 1
     291  2  5  11 1 1 1
     292  2  5  12 1 1 1
     293  2  5  13 1 1 1
     294  2  5  14 1 1 1
     295  2  5  15 1 1 1
     296  2  5  16 1 1 1
     297  2  5  17 1 1 1
     298  2  5  18 1 1 1
     299  2  5  19 1 1 1
     300  2  5  20 1 1 1
     301  2  6  1 1 1 1
     302  2  6  2 1 1 1
     303  2  6  3 1 1 1
     304  2  6  4 1 1 1
     305  2  6  5 1 1 1
     306  2  6  6 1 1 1
     307  2  6  7 1 1 1
     308  2  6  8 1 1 1
     309  2  6  9 1 1 1
     310  2  6  10 1 1 1
     311  2  6  11 1 1 1
     312  2  6  12 1 1 1
     313  2  6  13 1 1 1
     314  2  6  14 1 1 1
     315  2  6  15 1 1 1
     316  2  6  16 1 1 1
     317  2  6  17 1 1 1
     318  2  6  18 1 1 1
     319  2  6  19 1 1 1
     320  2  6  20 1 1 1
     321  2  7  1 1 1 1
     322  2  7  2 1 1 1
     323  2  7  3 1 1 1
     324  2  7  4 1 1 1
     325  2  7  5 1 1 1
     326  2  7  6 1 1 1
     327  2  7  7 1 1 1
     328  2  7  8 1 1 1
     329  2  7  9 1 1 1
     330  2  7  10 1 1 1
     331  2  7  11 1 1 1
     332  2  7  12 1 1 1
     333  2  7  13 1 1 1
     334  2  7  14 1 1 1
     335  2  7  15 1 1 1
     336  2  7  16 1 1 1
     337  2  7  17 1 1 1
     338  2  7  18 1 1 1
     339  2  7  19 1 1 1
     340  2  7  20 1 1 1
     341  2  8  1 1 1 1
     342  2  8  2 1 1 1
     343  2  8  3 1 1 1
     344  2  8  4 1 1 1
     345  2  8  5 1 1 1
     346  2  8  6 1 1 1
     347  2  8  7 1 1 1
     348  2  8  8 1 1 1
     349  2  8  9 1 1 1
     350  2  8  10 1 1 1
     351  2  8  11 1 1 1
     352  2  8  12 1 1 1
     353  2  8  13 1 1 1
     354  2  8  14 1 1 1
     355  2  8  15 1 1 1
     356  2  8  16 1 1 1
     357  2  8  17 1 1 1
     358  2  8  18 1 1 1
     359  2  8  19 1 1 1
     360  2  8  20 1 1 1
     361  2  9  1 1 1 1
     362  2  9  2 1 1 1
     363  2  9  3 1 1 1
     364  2  9  4 1 1 1
     365  2  9  5 1 1 1
     366  2  9  6 1 1 1
     367  2  9  7 1 1 1
     368  2  9  8 1 1 1
     369  2  9  9 1 1 1
     370  2  9  10 1 1 1
     371  2  9  11 1 1 1
     372  2  9  12 1 1 1
     373  2  9  13 1 1 1
     374  2  9  14 1 1 1
     375  2  9  15 1 1 1
     376  2  9  16 1 1 1
     377  2  9  17 1 1 1
     378  2  9  18 1 1 1
     379  2  9  19 1 1 1
     380  2  9  20 1 1 1
     381  2  10  1 1 1 1
     382  2  10  2 1 1 1
     383  2  10  3 1 1 1
     384  2  10  4 1 1 1
     385  2  10  5 1 1 1
     386  2  10  6 1 1 1
     387  2  10  7 1 1 1
     388  2  10  8 1 1 1
     389  2  10  9 1 1 1
     390  2  10  10 1 1 1
     391  2  10  11 1 1 1
     392  2  10  12 1 1 1
     393  2  10  13 1 1 1
     394  2  10  14 1 1 1
     395  2  10  15 1 1 1
     396  2  10  16 1 1 1
     397  2  10  17 1 1 1
     398  2  10  18 1 1 1
     399  2  10  19 1 1 1
     400  2  10  20 1 1 1
     401  3  1  1 1 1 1
     402  3  1  2 1 1 1
     403  3  1  3 1 1 1
     404  3  1  4 1 1 1
     405  3  1  5 1 1 1
     406  3  1  6 1 1 1
     407  3  1  7 1 1 1
     408  3  1  8 1 1 1
     409  3  1  9 1 1 1
     410  3  1  10 1 1 1
     411  3  1  11 1 1 1
     412  3  1  12 1 1 1
     413  3  1  13 1 1 1
     414  3  1  14 1 1 1
     415  3  1  15 1 1 1
     416  3  1  16 1 1 1
     417  3  1  17 1 1 1
     418  3  1  18 1 1 1
     419  3  1  19 1 1 1
     420  3  1  20 1 1 1
     421  3  2  1 1 1 1
     422  3  2  2 1 1 1
     423  3  2  3 1 1 1
     424  3  2  4 1 1 1
     425  3  2  5 1 1 1
     426  3  2  6 1 1 1
     427  3  2  7 1 1 1
     428  3  2  8 1 1 1
     429  3  2  9 1 1 1
     430  3  2  10 1 1 1
     431  3  2  11 1 1 1
     432  3  2  12 1 1 1
     433  3  2  13 1 1 1
     434  3  2  14 1 1 1
     435  3  2  15 1 1 1
     436  3  2  16 1 1 1
     437  3  2  17 1 1 1
     438  3  2  18 1 1 1
     439  3  2  19 1 1 1
     440  3  2  20 1 1 1
     441  3  3  1 1 1 1
     442  3  3  2 1 1 1
     443  3  3  3 1 1 1
     444  3  3  4 1 1 1
     445  3  3  5 1 1 1
     446  3  3  6 1 1 1
     447  3  3  7 1 1 1
     448  3  3  8 1 1 1
     449  3  3  9 1 1 1
     450  3  3  10 1 1 1
     451  3  3  11 1 1 1
     452  3  3  12 1 1 1
     453  3  3  13 1 1 1
     454  3  3  14 1 1 1
     455  3  3  15 1 1 1
     456  3  3  16 1 1 1
     457  3  3  17 1 1 1
     458  3  3  18 1 1 1
     459  3  3  19 1 1 1
     460  3  3  20 1 1 1
     461  3  4  1 1 1 1
     462  3  4  2 1 1 1
     463  3  4  3 1 1 1
     464  3  4  4 1 1 1
     465  3  4  5 1 1 1
     466  3  4  6 1 1 1
     467  3  4  7 1 1 1
     468  3  4  8 1 1 1
     469  3  4  9 1 1 1
     470  3  4  10 1 1 1
     471  3  4  11 1 1 1
     472  3  4  12 1 1 1
     473  3  4  13 1 1 1
     474  3  4  14 1 1 1
     475  3  4  15 1 1 1
     476  3  4  16 1 1 1
     477  3  4  17 1 1 1
     478  3  4  18 1 1 1
     479  3  4  19 1 1 1
     480  3  4  20 1 1 1
     481  3  5  1 1 1 1
     482  3  5  2 1 1 1
     483  3  5  3 1 1 1
     484  3  5  4 1 1 1
     485  3  5  5 1 1 1
     486  3  5  6 1 1 1
     487  3  5  7 1 1 1
     488  3  5  8 1 1 1
     489  3  5  9 1 1 1
     490  3  5  10 1 1 1
     491  3  5  11 1 1 1
     492  3  5  12 1 1 1
     493  3  5  13 1 1 1
     494  3  5  14 1 1 1
     495  3  5  15 1 1 1
     496  3  5  16 1 1 1
     497  3  5  17 1 1 1
     498  3  5  18 1 1 1
     499  3  5  19 1 1 1
     500  3  5  20 1 1 1
     501  3  6  1 1 1 1
     502  3  6  2 1 1 1
     503  3  6  3 1 1 1
     504  3  6  4 1 1 1
     505  3  6  5 1 1 1
     506  3  6  6 1 1 1
     507  3  6  7 1 1 1
     508  3  6  8 1 1 1
     509  3  6  9 1 1 1
     510  3  6  10 1 1 1
     511  3  6  11 1 1 1
     512  3  6  12 1 1 1
     513  3  6  13 1 1 1
     514  3  6  14 1 1 1
     515  3  6  15 1 1 1
     516  3  6  16 1 1 1
     517  3  6  17 1 1 1
     518  3  6  18 1 1 1
     519  3  6  19 1 1 1
     520  3  6  20 1 1 1
     521  3  7  1 1 1 1
     522  3  7  2 1 1 1
     523  3  7  3 1 1 1
     524  3  7  4 1 1 1
     525  3  7  5 1 1 1
     526  3  7  6 1 1 1
     527  3  7  7 1 1 1
     528  3  7  8 1 1 1
     529  3  7  9 1 1 1
     530  3  7  10 1 1 1
     531  3  7  11 1 1 1
     532  3  7  12 1 1 1
     533  3  7  13 1 1 1
     534  3  7  14 1 1 1
     535  3  7  15 1 1 1
     536  3  7  16 1 1 1
     537  3  7  17 1 1 1
     538  3  7  18 1 1 1
     539  3  7  19 1 1 1
     540  3  7  20 1 1 1
     541  3  8  1 1 1 1
     542  3  8  2 1 1 1
     543  3  8  3 1 1 1
     544  3  8  4 1 1 1
     545  3  8  5 1 1 1
     546  3  8  6 1 1 1
     547  3  8  7 1 1 1
     548  3  8  8 1 1 1
     549  3  8  9 1 1 1
     550  3  8  10 1 1 1
     551  3  8  11 1 1 1
     552  3  8  12 1 1 1
     553  3  8  13 1 1 1
     554  3  8  14 1 1 1
     555  3  8  15 1 1 1
     556  3  8  16 1 1 1
     557  3  8  17 1 1 1
     558  3  8  18 1 1 1
     559  3  8  19 1 1 1
     560  3  8  20 1 1 1
     561  3  9  1 1 1 1
     562  3  9  2 1 1 1
     563  3  9  3 1 1 1
     564  3  9  4 1 1 1
     565  3  9  5 1 1 1
     566  3  9  6 1 1 1
     567  3  9  7 1 1 1
     568  3  9  8 1 1 1
     569  3  9  9 1 1 1
     570  3  9  10 1 1 1
     571  3  9  11 1 1 1
     572  3  9  12 1 1 1
     573  3  9  13 1 1 1
     574  3  9  14 1 1 1
     575  3  9  15 1 1 1
     576  3  9  16 1 1 1
     577  3  9  17 1 1 1
     578  3  9  18 1 1 1
     579  3  9  19 1 1 1
     580  3  9  20 1 1 1
     581  3  10  1 1 1 1
     582  3  10  2 1 1 1
     583  3  10  3 1 1 1
     584  3  10  4 1 1 1
     585  3  10  5 1 1 1
     586  3  10  6 1 1 1
     587  3  10  7 1 1 1
     588  3  10  8 1 1 1
     589  3  10  9 1 1 1
     590  3  10  10 1 1 1
     591  3  10  11 1 1 1
     592  3  10  12 1 1 1
     593  3  10  13 1 1 1
     594  3  10  14 1 1 1
     595  3  10  15 1 1 1
     596  3  10  16 1 1 1
     597  3  10  17 1 1 1
     598  3  10  18 1 1 1
     599  3  10  19 1 1 1
     600  3  10  20 1 1 1
     601  4  1  1 1 1 1
     602  4  1  2 1 1 1
     603  4  1  3 1 1 1
     604  4  1  4 1 1 1
     605  4  1  5 1 1 1
     606  4  1  6 1 1 1
     607  4  1  7 1 1 1
     608  4  1  8 1 1 1
     609  4  1  9 1 1 1
     610  4  1  10 1 1 1
     611  4  1  11 1 1 1
     612  4  1  12 1 1 1
     613  4  1  13 1 1 1
     614  4  1  14 1 1 1
     615  4  1  15 1 1 1
     616  4  1  16 1 1 1
     617  4  1  17 1 1 1
     618  4  1  18 1 1 1
     619  4  1  19 1 1 1
     620  4  1  20 1 1 1
     621  4  2  1 1 1 1
     622  4  2  2 1 1 1
     623  4  2  3 1 1 1
     624  4  2  4 1 1 1
     625  4  2  5 1 1 1
     626  4  2  6 1 1 1
     627  4  2  7 1 1 1
     628  4  2  8 1 1 1
     629  4  2  9 1 1 1
     630  4  2  10 1 1 1
     631  4  2  11 1 1 1
     632  4  2  12 1 1 1
     633  4  2  13 1 1 1
     634  4  2  14 1 1 1
     635  4  2  15 1 1 1
     636  4  2  16 1 1 1
     637  4  2  17 1 1 1
     638  4  2  18 1 1 1
     639  4  2  19 1 1 1
     640  4  2  20 1 1 1
     641  4  3  1 1 1 1
     642  4  3  2 1 1 1
     643  4  3  3 1 1 1
     644  4  3  4 1 1 1
     645  4  3  5 1 1 1
     646  4  3  6 1 1 1
     647  4  3  7 1 1 1
     648  4  3  8 1 1 1
     649  4  3  9 1 1 1
     650  4  3  10 1 1 1
     651  4  3  11 1 1 1
     652  4  3  12 1 1 1
     653  4  3  13 1 1 1
     654  4  3  14 1 1 1
     655  4  3  15 1 1 1
     656  4  3  16 1 1 1
     657  4  3  17 1 1 1
     658  4  3  18 1 1 1
     659  4  3  19 1 1 1
     660  4  3  20 1 1 1
     661  4  4  1 1 1 1
     662  4  4  2 1 1 1
     663  4  4  3 1 1 1
     664  4  4  4 1 1 1
     665  4  4  5 1 1 1
     666  4  4  6 1 1 1
     667  4  4  7 1 1 1
     668  4  4  8 1 1 1
     669  4  4  9 1 1 1
     670  4  4  10 1 1 1
     671  4  4  11 1 1 1
     672  4  4  12 1 1 1
     673  4  4  13 1 1 1
     674  4  4  14 1 1 1
     675  4  4  15 1 1 1
     676  4  4  16 1 1 1
     677  4  4  17 1 1 1
     678  4  4  18 1 1 1
     679  4  4  19 1 1 1
     680  4  4  20 1 1 1
     681  4  5  1 1 1 1
     682  4  5  2 1 1 1
     683  4  5  3 1 1 1
     684  4  5  4 1 1 1
     685  4  5  5 1 1 1
     686  4  5  6 1 1 1
     687  4  5  7 1 1 1
     688  4  5  8 1 1 1
     689  4  5  9 1 1 1
     690  4  5  10 1 1 1
     691  4  5  11 1 1 1
     692  4  5  12 1 1 1
     693  4  5  13 1 1 1
     694  4  5  14 1 1 1
     695  4  5  15 1 1 1
     696  4  5  16 1 1 1
     697  4  5  17 1 1 1
     698  4  5  18 1 1 1
     699  4  5  19 1 1 1
     700  4  5  20 1 1 1
     701  4  6  1 1 1 1
     702  4  6  2 1 1 1
     703  4  6  3 1 1 1
     704  4  6  4 1 1 1
     705  4  6  5 1 1 1
     706  4  6  6 1 1 1
     707  4  6  7 1 1 1
     708  4  6  8 1 1 1
     709  4  6  9 1 1 1
     710  4  6  10 1 1 1
     711  4  6  11 1 1 1
     712  4  6  12 1 1 1
     713  4  6  13 1 1 1
     714  4  6  14 1 1 1
     715  4  6  15 1 1 1
     716  4  6  16 1 1 1
     717  4  6  17 1 1 1
     718  4  6  18 1 1 1
     719  4  6  19 1 1 1
     720  4  6  20 1 1 1
     721  4  7  1 1 1 1
     722  4  7  2 1 1 1
     723  4  7  3 1 1 1
     724  4  7  4 1 1 1
     725  4  7  5 1 1 1
     726  4  7  6 1 1 1
     727  4  7  7 1 1 1
     728  4  7  8 1 1 1
     729  4  7  9 1 1 1
     730  4  7  10 1 1 1
     731  4  7  11 1 1 1
     732  4  7  12 1 1 1
     733  4  7  13 1 1 1
     734  4  7  14 1 1 1
     735  4  7  15 1 1 1
     736  4  7  16 1 1 1
     737  4  7  17 1 1 1
     738  4  7  18 1 1 1
     739  4  7  19 1 1 1
     740  4  7  20 1 1 1
     741  4  8  1 1 1 1
     742  4  8  2 1 1 1
     743  4  8  3 1 1 1
     744  4  8  4 1 1 1
     745  4  8  5 1 1 1
     746  4  8  6 1 1 1
     747  4  8  7 1 1 1
     748  4  8  8 1 1 1
     749  4  8  9 1 1 1
     750  4  8  10 1 1 1
     751  4  8  11 1 1 1
     752  4  8  12 1 1 1
     753  4  8  13 1 1 1
     754  4  8  14 1 1 1
     755  4  8  15 1 1 1
     756  4  8  16 1 1 1
     757  4  8  17 1 1 1
     758  4  8  18 1 1 1
     759  4  8  19 1 1 1
     760  4  8  20 1 1 1
     761  4  9  1 1 1 1
     762  4  9  2 1 1 1
     763  4  9  3 1 1 1
     764  4  9  4 1 1 1
     765  4  9  5 1 1 1
     766  4  9  6 1 1 1
     767  4  9  7 1 1 1
     768  4  9  8 1 1 1
     769  4  9  9 1 1 1
     770  4  9  10 1 1 1
     771  4  9  11 1 1 1
     772  4  9  12 1 1 1
     773  4  9  13 1 1 1
     774  4  9  14 1 1 1
     775  4  9  15 1 1 1
     776  4  9  16 1 1 1
     777  4  9  17 1 1 1
     778  4  9  18 1 1 1
     779  4  9  19 1 1 1
     780  4  9  20 1 1 1
     781  4  10  1 1 1 1
     782  4  10  2 1 1 1
     783  4  10  3 1 1 1
     784  4  10  4 1 1 1
     785  4  10  5 1 1 1
     786  4  10  6 1 1 1
     787  4  10  7 1 1 1
     788  4  10  8 1 1 1
     789  4  10  9 1 1 1
     790  4  10  10 1 1 1
     791  4  10  11 1 1 1
     792  4  10  12 1 1 1
     793  4  10  13 1 1 1
     794  4  10  14 1 1 1
     795  4  10  15 1 1 1
     796  4  10  16 1 1 1
     797  4  10  17 1 1 1
     798  4  10  18 1 1 1
     799  4  10  19 1 1 1
     800  4  10  20 1 1 1
     801  5  1  1 1 1 1
     802  5  1  2 1 1 1
     803  5  1  3 1 1 1
     804  5  1  4 1 1 1
     805  5  1  5 1 1 1
     806  5  1  6 1 1 1
     807  5  1  7 1 1 1
     808  5  1  8 1 1 1
     809  5  1  9 1 1 1
     810  5  1  10 1 1 1
     811  5  1  11 1 1 1
     812  5  1  12 1 1 1
     813  5  1  13 1 1 1
     814  5  1  14 1 1 1
     815  5  1  15 1 1 1
     816  5  1  16 1 1 1
     817  5  1  17 1 1 1
     818  5  1  18 1 1 1
     819  5  1  19 1 1 1
     820  5  1  20 1 1 1
     821  5  2  1 1 1 1
     822  5  2  2 1 1 1
     823  5  2  3 1 1 1
     824  5  2  4 1 1 1
     825  5  2  5 1 1 1
     826  5  2  6 1 1 1
     827  5  2  7 1 1 1
     828  5  2  8 1 1 1
     829  5  2  9 1 1 1
     830  5  2  10 1 1 1
     831  5  2  11 1 1 1
     832  5  2  12 1 1 1
     833  5  2  13 1 1 1
     834  5  2  14 1 1 1
     835  5  2  15 1 1 1
     836  5  2  16 1 1 1
     837  5  2  17 1 1 1
     838  5  2  18 1 1 1
     839  5  2  19 1 1 1
     840  5  2  20 1 1 1
     841  5  3  1 1 1 1
     842  5  3  2 1 1 1
     843  5  3  3 1 1 1
     844  5  3  4 1 1 1
     845  5  3  5 1 1 1
     846  5  3  6 1 1 1
     847  5  3  7 1 1 1
     848  5  3  8 1 1 1
     849  5  3  9 1 1 1
     850  5  3  10 1 1 1
     851  5  3  11 1 1 1
     852  5  3  12 1 1 1
     853  5  3  13 1 1 1
     854  5  3  14 1 1 1
     855  5  3  15 1 1 1
     856  5  3  16 1 1 1
     857  5  3  17 1 1 1
     858  5  3  18 1 1 1
     859  5  3  19 1 1 1
     860  5  3  20 1 1 1
     861  5  4  1 1 1 1
     862  5  4  2 1 1 1
     863  5  4  3 1 1 1
     864  5  4  4 1 1 1
     865  5  4  5 1 1 1
     866  5  4  6 1 1 1
     867  5  4  7 1 1 1
     868  5  4  8 1 1 1
     869  5  4  9 1 1 1
     870  5  4  10 1 1 1
     871  5  4  11 1 1 1
     872  5  4  12 1 1 1
     873  5  4  13 1 1 1
     874  5  4  14 1 1 1
     875  5  4  15 1 1 1
     876  5  4  16 1 1 1
     877  5  4  17 1 1 1
     878  5  4  18 1 1 1
     879  5  4  19 1 1 1
     880  5  4  20 1 1 1
     881  5  5  1 1 1 1
     882  5  5  2 1 1 1
     883  5  5  3 1 1 1
     884  5  5  4 1 1 1
     885  5  5  5 1 1 1
     886  5  5  6 1 1 1
     887  5  5  7 1 1 1
     888  5  5  8 1 1 1
     889  5  5  9 1 1 1
     890  5  5  10 1 1 1
     891  5  5  11 1 1 1
     892  5  5  12 1 1 1
     893  5  5  13 1 1 1
     894  5  5  14 1 1 1
     895  5  5  15 1 1 1
     896  5  5  16 1 1 1
     897  5  5  17 1 1 1
     898  5  5  18 1 1 1
     899  5  5  19 1 1 1
     900  5  5  20 1 1 1
     901  5  6  1 1 1 1
     902  5  6  2 1 1 1
     903  5  6  3 1 1 1
     904  5  6  4 1 1 1
     905  5  6  5 1 1 1
     906  5  6  6 1 1 1
     907  5  6  7 1 1 1
     908  5  6  8 1 1 1
     909  5  6  9 1 1 1
     910  5  6  10 1 1 1
     911  5  6  11 1 1 1
     912  5  6  12 1 1 1
     913  5  6  13 1 1 1
     914  5  6  14 1 1 1
     915  5  6  15 1 1 1
     916  5  6  16 1 1 1
     917  5  6  17 1 1 1
     918  5  6  18 1 1 1
     919  5  6  19 1 1 1
     920  5  6  20 1 1 1
     921  5  7  1 1 1 1
     922  5  7  2 1 1 1
     923  5  7  3 1 1 1
     924  5  7  4 1 1 1
     925  5  7  5 1 1 1
     926  5  7  6 1 1 1
     927  5  7  7 1 1 1
     928  5  7  8 1 1 1
     929  5  7  9 1 1 1
     930  5  7  10 1 1 1
     931  5  7  11 1 1 1
     932  5  7  12 1 1 1
     933  5  7  13 1 1 1
     934  5  7  14 1 1 1
     935  5  7  15 1 1 1
     936  5  7  16 1 1 1
     937  5  7  17 1 1 1
     938  5  7  18 1 1 1
     939  5  7  19 1 1 1
     940  5  7  20 1 1 1
     941  5  8  1 1 1 1
     942  5  8  2 1 1 1
     943  5  8  3 1 1 1
     944  5  8  4 1 1 1
     945  5  8  5 1 1 1
     946  5  8  6 1 1 1
     947  5  8  7 1 1 1
     948  5  8  8 1 1 1
     949  5  8  9 1 1 1
     950  5  8  10 1 1 1
     951  5  8  11 1 1 1
     952  5  8  12 1 1 1
     953  5  8  13 1 1 1
     954  5  8  14 1 1 1
     955  5  8  15 1 1 1
     956  5  8  16 1 1 1
     957  5  8  17 1 1 1
     958  5  8  18 1 1 1
     959  5  8  19 1 1 1
     960  5  8  20 1 1 1
     961  5  9  1 1 1 1
     962  5  9  2 1 1 1
     963  5  9  3 1 1 1
     964  5  9  4 1 1 1
     965  5  9  5 1 1 1
     966  5  9  6 1 1 1
     967  5  9  7 1 1 1
     968  5  9  8 1 1 1
     969  5  9  9 1 1 1
     970  5  9  10 1 1 1
     971  5  9  11 1 1 1
     972  5  9  12 1 1 1
     973  5  9  13 1 1 1
     974  5  9  14 1 1 1
     975  5  9  15 1 1 1
     976  5  9  16 1 1 1
     977  5  9  17 1 1 1
     978  5  9  18 1 1 1
     979  5  9  19 1 1 1
     980  5  9  20 1 1 1
     981  5  10  1 1 1 1
     982  5  10  2 1 1 1
     983  5  10  3 1 1 1
     984  5  10  4 1 1 1
     985  5  10  5 1 1 1
     986  5  10  6 1 1 1
     987  5  10  7 1 1 1
     988  5  10  8 1 1 1
     989  5  10  9 1 1 1
     990  5  10  10 1 1 1
     991  5  10  11 1 1 1
     992  5  10  12 1 1 1
     993  5  10  13 1 1 1
     994  5  10  14 1 1 1
     995  5  10  15 1 1 1
     996  5  10  16 1 1 1
     997  5  10  17 1 1 1
     998  5  10  18 1 1 1
     999  5  10  19 1 1 1
     1000  5  10  20 1 1 1
     1001  6  1  1 1 1 1
     1002  6  1  2 1 1 1
     1003  6  1  3 1 1 1
     1004  6  1  4 1 1 1
     1005  6  1  5 1 1 1
     1006  6  1  6 1 1 1
     1007  6  1  7 1 1 1
     1008  6  1  8 1 1 1
     1009  6  1  9 1 1 1
     1010  6  1  10 1 1 1
     1011  6  1  11 1 1 1
     1012  6  1  12 1 1 1
     1013  6  1  13 1 1 1
     1014  6  1  14 1 1 1
     1015  6  1  15 1 1 1
     1016  6  1  16 1 1 1
     1017  6  1  17 1 1 1
     1018  6  1  18 1 1 1
     1019  6  1  19 1 1 1
     1020  6  1  20 1 1 1
     1021  6  2  1 1 1 1
     1022  6  2  2 1 1 1
     1023  6  2  3 1 1 1
     1024  6  2  4 1 1 1
     1025  6  2  5 1 1 1
     1026  6  2  6 1 1 1
     1027  6  2  7 1 1 1
     1028  6  2  8 1 1 1
     1029  6  2  9 1 1 1
     1030  6  2  10 1 1 1
     1031  6  2  11 1 1 1
     1032  6  2  12 1 1 1
     1033  6  2  13 1 1 1
     1034  6  2  14 1 1 1
     1035  6  2  15 1 1 1
     1036  6  2  16 1 1 1
     1037  6  2  17 1 1 1
     1038  6  2  18 1 1 1
     1039  6  2  19 1 1 1
     1040  6  2  20 1 1 1
     1041  6  3  1 1 1 1
     1042  6  3  2 1 1 1
     1043  6  3  3 1 1 1
     1044  6  3  4 1 1 1
     1045  6  3  5 1 1 1
     1046  6  3  6 1 1 1
     1047  6  3  7 1 1 1
     1048  6  3  8 1 1 1
     1049  6  3  9 1 1 1
     1050  6  3  10 1 1 1
     1051  6  3  11 1 1 1
     1052  6  3  12 1 1 1
     1053  6  3  13 1 1 1
     1054  6  3  14 1 1 1
     1055  6  3  15 1 1 1
     1056  6  3  16 1 1 1
     1057  6  3  17 1 1 1
     1058  6  3  18 1 1 1
     1059  6  3  19 1 1 1
     1060  6  3  20 1 1 1
     1061  6  4  1 1 1 1
     1062  6  4  2 1 1 1
     1063  6  4  3 1 1 1
     1064  6  4  4 1 1 1
     1065  6  4  5 1 1 1
     1066  6  4  6 1 1 1
     1067  6  4  7 1 1 1
     1068  6  4  8 1 1 1
     1069  6  4  9 1 1 1
     1070  6  4  10 1 1 1
     1071  6  4  11 1 1 1
     1072  6  4  12 1 1 1
     1073  6  4  13 1 1 1
     1074  6  4  14 1 1 1
     1075  6  4  15 1 1 1
     1076  6  4  16 1 1 1
     1077  6  4  17 1 1 1
     1078  6  4  18 1 1 1
     1079  6  4  19 1 1 1
     1080  6  4  20 1 1 1
     1081  6  5  1 1 1 1
     1082  6  5  2 1 1 1
     1083  6  5  3 1 1 1
     1084  6  5  4 1 1 1
     1085  6  5  5 1 1 1
     1086  6  5  6 1 1 1
     1087  6  5  7 1 1 1
     1088  6  5  8 1 1 1
     1089  6  5  9 1 1 1
     1090  6  5  10 1 1 1
     1091  6  5  11 1 1 1
     1092  6  5  12 1 1 1
     1093  6  5  13 1 1 1
     1094  6  5  14 1 1 1
     1095  6  5  15 1 1 1
     1096  6  5  16 1 1 1
     1097  6  5  17 1 1 1
     1098  6  5  18 1 1 1
     1099  6  5  19 1 1 1
     1100  6  5  20 1 1 1
     1101  6  6  1 1 1 1
     1102  6  6  2 1 1 1
     1103  6  6  3 1 1 1
     1104  6  6  4 1 1 1
     1105  6  6  5 1 1 1
     1106  6  6  6 1 1 1
     1107  6  6  7 1 1 1
     1108  6  6  8 1 1 1
     1109  6  6  9 1 1 1
     1110  6  6  10 1 1 1
     1111  6  6  11 1 1 1
     1112  6  6  12 1 1 1
     1113  6  6  13 1 1 1
     1114  6  6  14 1 1 1
     1115  6  6  15 1 1 1
     1116  6  6  16 1 1 1
     1117  6  6  17 1 1 1
     1118  6  6  18 1 1 1
     1119  6  6  19 1 1 1
     1120  6  6  20 1 1 1
     1121  6  7  1 1 1 1
     1122  6  7  2 1 1 1
     1123  6  7  3 1 1 1
     1124  6  7  4 1 1 1
     1125  6  7  5 1 1 1
     1126  6  7  6 1 1 1
     1127  6  7  7 1 1 1
     1128  6  7  8 1 1 1
     1129  6  7  9 1 1 1
     1130  6  7  10 1 1 1
     1131  6  7  11 1 1 1
     1132  6  7  12 1 1 1
     1133  6  7  13 1 1 1
     1134  6  7  14 1 1 1
     1135  6  7  15 1 1 1
     1136  6  7  16 1 1 1
     1137  6  7  17 1 1 1
     1138  6  7  18 1 1 1
     1139  6  7  19 1 1 1
     1140  6  7  20 1 1 1
     1141  6  8  1 1 1 1
     1142  6  8  2 1 1 1
     1143  6  8  3 1 1 1
     1144  6  8  4 1 1 1
     1145  6  8  5 1 1 1
     1146  6  8  6 1 1 1
     1147  6  8  7 1 1 1
     1148  6  8  8 1 1 1
     1149  6  8  9 1 1 1
     1150  6  8  10 1 1 1
     1151  6  8  11 1 1 1
     1152  6  8  12 1 1 1
     1153  6  8  13 1 1 1
     1154  6  8  14 1 1 1
     1155  6  8  15 1 1 1
     1156  6  8  16 1 1 1
     1157  6  8  17 1 1 1
     1158  6  8  18 1 1 1
     1159  6  8  19 1 1 1
     1160  6  8  20 1 1 1
     1161  6  9  1 1 1 1
     1162  6  9  2 1 1 1
     1163  6  9  3 1 1 1
     1164  6  9  4 1 1 1
     1165  6  9  5 1 1 1
     1166  6  9  6 1 1 1
     1167  6  9  7 1 1 1
     1168  6  9  8 1 1 1
     1169  6  9  9 1 1 1
     1170  6  9  10 1 1 1
     1171  6  9  11 1 1 1
     1172  6  9  12 1 1 1
     1173  6  9  13 1 1 1
     1174  6  9  14 1 1 1
     1175  6  9  15 1 1 1
     1176  6  9  16 1 1 1
     1177  6  9  17 1 1 1
     1178  6  9  18 1 1 1
     1179  6  9  19 1 1 1
     1180  6  9  20 1 1 1
     1181  6  10  1 1 1 1
     1182  6  10  2 1 1 1
     1183  6  10  3 1 1 1
     1184  6  10  4 1 1 1
     1185  6  10  5 1 1 1
     1186  6  10  6 1 1 1
     1187  6  10  7 1 1 1
     1188  6  10  8 1 1 1
     1189  6  10  9 1 1 1
     1190  6  10  10 1 1 1
     1191  6  10  11 1 1 1
     1192  6  10  12 1 1 1
     1193  6  10  13 1 1 1
     1194  6  10  14 1 1 1
     1195  6  10  15 1 1 1
     1196  6  10  16 1 1 1
     1197  6  10  17 1 1 1
     1198  6  10  18 1 1 1
     1199  6  10  19 1 1 1
     1200  6  10  20 1 1 1
     1201  7  1  1 1 1 1
     1202  7  1  2 1 1 1
     1203  7  1  3 1 1 1
     1204  7  1  4 1 1 1
     1205  7  1  5 1 1 1
     1206  7  1  6 1 1 1
     1207  7  1  7 1 1 1
     1208  7  1  8 1 1 1
     1209  7  1  9 1 1 1
     1210  7  1  10 1 1 1
     1211  7  1  11 1 1 1
     1212  7  1  12 1 1 1
     1213  7  1  13 1 1 1
     1214  7  1  14 1 1 1
     1215  7  1  15 1 1 1
     1216  7  1  16 1 1 1
     1217  7  1  17 1 1 1
     1218  7  1  18 1 1 1
     1219  7  1  19 1 1 1
     1220  7  1  20 1 1 1
     1221  7  2  1 1 1 1
     1222  7  2  2 1 1 1
     1223  7  2  3 1 1 1
     1224  7  2  4 1 1 1
     1225  7  2  5 1 1 1
     1226  7  2  6 1 1 1
     1227  7  2  7 1 1 1
     1228  7  2  8 1 1 1
     1229  7  2  9 1 1 1
     1230  7  2  10 1 1 1
     1231  7  2  11 1 1 1
     1232  7  2  12 1 1 1
     1233  7  2  13 1 1 1
     1234  7  2  14 1 1 1
     1235  7  2  15 1 1 1
     1236  7  2  16 1 1 1
     1237  7  2  17 1 1 1
     1238  7  2  18 1 1 1
     1239  7  2  19 1 1 1
     1240  7  2  20 1 1 1
     1241  7  3  1 1 1 1
     1242  7  3  2 1 1 1
     1243  7  3  3 1 1 1
     1244  7  3  4 1 1 1
     1245  7  3  5 1 1 1
     1246  7  3  6 1 1 1
     1247  7  3  7 1 1 1
     1248  7  3  8 1 1 1
     1249  7  3  9 1 1 1
     1250  7  3  10 1 1 1
     1251  7  3  11 1 1 1
     1252  7  3  12 1 1 1
     1253  7  3  13 1 1 1
     1254  7  3  14 1 1 1
     1255  7  3  15 1 1 1
     1256  7  3  16 1 1 1
     1257  7  3  17 1 1 1
     1258  7  3  18 1 1 1
     1259  7  3  19 1 1 1
     1260  7  3  20 1 1 1
     1261  7  4  1 1 1 1
     1262  7  4  2 1 1 1
     1263  7  4  3 1 1 1
     1264  7  4  4 1 1 1
     1265  7  4  5 1 1 1
     1266  7  4  6 1 1 1
     1267  7  4  7 1 1 1
     1268  7  4  8 1 1 1
     1269  7  4  9 1 1 1
     1270  7  4  10 1 1 1
     1271  7  4  11 1 1 1
     1272  7  4  12 1 1 1
     1273  7  4  13 1 1 1
     1274  7  4  14 1 1 1
     1275  7  4  15 1 1 1
     1276  7  4  16 1 1 1
     1277  7  4  17 1 1 1
     1278  7  4  18 1 1 1
     1279  7  4  19 1 1 1
     1280  7  4  20 1 1 1
     1281  7  5  1 1 1 1
     1282  7  5  2 1 1 1
     1283  7  5  3 1 1 1
     1284  7  5  4 1 1 1
     1285  7  5  5 1 1 1
     1286  7  5  6 1 1 1
     1287  7  5  7 1 1 1
     1288  7  5  8 1 1 1
     1289  7  5  9 1 1 1
     1290  7  5  10 1 1 1
     1291  7  5  11 1 1 1
     1292  7  5  12 1 1 1
     1293  7  5  13 1 1 1
     1294  7  5  14 1 1 1
     1295  7  5  15 1 1 1
     1296  7  5  16 1 1 1
     1297  7  5  17 1 1 1
     1298  7  5  18 1 1 1
     1299  7  5  19 1 1 1
     1300  7  5  20 1 1 1
     1301  7  6  1 1 1 1
     1302  7  6  2 1 1 1
     1303  7  6  3 1 1 1
     1304  7  6  4 1 1 1
     1305  7  6  5 1 1 1
     1306  7  6  6 1 1 1
     1307  7  6  7 1 1 1
     1308  7  6  8 1 1 1
     1309  7  6  9 1 1 1
     1310  7  6  10 1 1 1
     1311  7  6  11 1 1 1
     1312  7  6  12 1 1 1
     1313  7  6  13 1 1 1
     1314  7  6  14 1 1 1
     1315  7  6  15 1 1 1
     1316  7  6  16 1 1 1
     1317  7  6  17 1 1 1
     1318  7  6  18 1 1 1
     1319  7  6  19 1 1 1
     1320  7  6  20 1 1 1
     1321  7  7  1 1 1 1
     1322  7  7  2 1 1 1
     1323  7  7  3 1 1 1
     1324  7  7  4 1 1 1
     1325  7  7  5 1 1 1
     1326  7  7  6 1 1 1
     1327  7  7  7 1 1 1
     1328  7  7  8 1 1 1
     1329  7  7  9 1 1 1
     1330  7  7  10 1 1 1
     1331  7  7  11 1 1 1
     1332  7  7  12 1 1 1
     1333  7  7  13 1 1 1
     1334  7  7  14 1 1 1
     1335  7  7  15 1 1 1
     1336  7  7  16 1 1 1
     1337  7  7  17 1 1 1
     1338  7  7  18 1 1 1
     1339  7  7  19 1 1 1
     1340  7  7  20 1 1 1
     1341  7  8  1 1 1 1
     1342  7  8  2 1 1 1
     1343  7  8  3 1 1 1
     1344  7  8  4 1 1 1
     1345  7  8  5 1 1 1
     1346  7  8  6 1 1 1
     1347  7  8  7 1 1 1
     1348  7  8  8 1 1 1
     1349  7  8  9 1 1 1
     1350  7  8  10 1 1 1
     1351  7  8  11 1 1 1
     1352  7  8  12 1 1 1
     1353  7  8  13 1 1 1
     1354  7  8  14 1 1 1
     1355  7  8  15 1 1 1
     1356  7  8  16 1 1 1
     1357  7  8  17 1 1 1
     1358  7  8  18 1 1 1
     1359  7  8  19 1 1 1
     1360  7  8  20 1 1 1
     1361  7  9  1 1 1 1
     1362  7  9  2 1 1 1
     1363  7  9  3 1 1 1
     1364  7  9  4 1 1 1
     1365  7  9  5 1 1 1
     1366  7  9  6 1 1 1
     1367  7  9  7 1 1 1
     1368  7  9  8 1 1 1
     1369  7  9  9 1 1 1
     1370  7  9  10 1 1 1
     1371  7  9  11 1 1 1
     1372  7  9  12 1 1 1
     1373  7  9  13 1 1 1
     1374  7  9  14 1 1 1
     1375  7  9  15 1 1 1
     1376  7  9  16 1 1 1
     1377  7  9  17 1 1 1
     1378  7  9  18 1 1 1
     1379  7  9  19 1 1 1
     1380  7  9  20 1 1 1
     1381  7  10  1 1 1 1
     1382  7  10  2 1 1 1
     1383  7  10  3 1 1 1
     1384  7  10  4 1 1 1
     1385  7  10  5 1 1 1
     1386  7  10  6 1 1 1
     1387  7  10  7 1 1 1
     1388  7  10  8 1 1 1
     1389  7  10  9 1 1 1
     1390  7  10  10 1 1 1
     1391  7  10  11 1 1 1
     1392  7  10  12 1 1 1
     1393  7  10  13 1 1 1
     1394  7  10  14 1 1 1
     1395  7  10  15 1 1 1
     1396  7  10  16 1 1 1
     1397  7  10  17 1 1 1
     1398  7  10  18 1 1 1
     1399  7  10  19 1 1 1
     1400  7  10  20 1 1 1
     1401  8  1  1 1 1 1
     1402  8  1  2 1 1 1
     1403  8  1  3 1 1 1
     1404  8  1  4 1 1 1
     1405  8  1  5 1 1 1
     1406  8  1  6 1 1 1
     1407  8  1  7 1 1 1
     1408  8  1  8 1 1 1
     1409  8  1  9 1 1 1
     1410  8  1  10 1 1 1
     1411  8  1  11 1 1 1
     1412  8  1  12 1 1 1
     1413  8  1  13 1 1 1
     1414  8  1  14 1 1 1
     1415  8  1  15 1 1 1
     1416  8  1  16 1 1 1
     1417  8  1  17 1 1 1
     1418  8  1  18 1 1 1
     1419  8  1  19 1 1 1
     1420  8  1  20 1 1 1
     1421  8  2  1 1 1 1
     1422  8  2  2 1 1 1
     1423  8  2  3 1 1 1
     1424  8  2  4 1 1 1
     1425  8  2  5 1 1 1
     1426  8  2  6 1 1 1
     1427  8  2  7 1 1 1
     1428  8  2  8 1 1 1
     1429  8  2  9 1 1 1
     1430  8  2  10 1 1 1
     1431  8  2  11 1 1 1
     1432  8  2  12 1 1 1
     1433  8  2  13 1 1 1
     1434  8  2  14 1 1 1
     1435  8  2  15 1 1 1
     1436  8  2  16 1 1 1
     1437  8  2  17 1 1 1
     1438  8  2  18 1 1 1
     1439  8  2  19 1 1 1
     1440  8  2  20 1 1 1
     1441  8  3  1 1 1 1
     1442  8  3  2 1 1 1
     1443  8  3  3 1 1 1
     1444  8  3  4 1 1 1
     1445  8  3  5 1 1 1
     1446  8  3  6 1 1 1
     1447  8  3  7 1 1 1
     1448  8  3  8 1 1 1
     1449  8  3  9 1 1 1
     1450  8  3  10 1 1 1
     1451  8  3  11 1 1 1
     1452  8  3  12 1 1 1
     1453  8  3  13 1 1 1
     1454  8  3  14 1 1 1
     1455  8  3  15 1 1 1
     1456  8  3  16 1 1 1
     1457  8  3  17 1 1 1
     1458  8  3  18 1 1 1
     1459  8  3  19 1 1 1
     1460  8  3  20 1 1 1
     1461  8  4  1 1 1 1
     1462  8  4  2 1 1 1
     1463  8  4  3 1 1 1
     1464  8  4  4 1 1 1
     1465  8  4  5 1 1 1
     1466  8  4  6 1 1 1
     1467  8  4  7 1 1 1
     1468  8  4  8 1 1 1
     1469  8  4  9 1 1 1
     1470  8  4  10 1 1 1
     1471  8  4  11 1 1 1
     1472  8  4  12 1 1 1
     1473  8  4  13 1 1 1
     1474  8  4  14 1 1 1
     1475  8  4  15 1 1 1
     1476  8  4  16 1 1 1
     1477  8  4  17 1 1 1
     1478  8  4  18 1 1 1
     1479  8  4  19 1 1 1
     1480  8  4  20 1 1 1
     1481  8  5  1 1 1 1
     1482  8  5  2 1 1 1
     1483  8  5  3 1 1 1
     1484  8  5  4 1 1 1
     1485  8  5  5 1 1 1
     1486  8  5  6 1 1 1
     1487  8  5  7 1 1 1
     1488  8  5  8 1 1 1
     1489  8  5  9 1 1 1
     1490  8  5  10 1 1 1
     1491  8  5  11 1 1 1
     1492  8  5  12 1 1 1
     1493  8  5  13 1 1 1
     1494  8  5  14 1 1 1
     1495  8  5  15 1 1 1
     1496  8  5  16 1 1 1
     1497  8  5  17 1 1 1
     1498  8  5  18 1 1 1
     1499  8  5  19 1 1 1
     1500  8  5  20 1 1 1
     1501  8  6  1 1 1 1
     1502  8  6  2 1 1 1
     1503  8  6  3 1 1 1
     1504  8  6  4 1 1 1
     1505  8  6  5 1 1 1
     1506  8  6  6 1 1 1
     1507  8  6  7 1 1 1
     1508  8  6  8 1 1 1
     1509  8  6  9 1 1 1
     1510  8  6  10 1 1 1
     1511  8  6  11 1 1 1
     1512  8  6  12 1 1 1
     1513  8  6  13 1 1 1
     1514  8  6  14 1 1 1
     1515  8  6  15 1 1 1
     1516  8  6  16 1 1 1
     1517  8  6  17 1 1 1
     1518  8  6  18 1 1 1
     1519  8  6  19 1 1 1
     1520  8  6  20 1 1 1
     1521  8  7  1 1 1 1
     1522  8  7  2 1 1 1
     1523  8  7  3 1 1 1
     1524  8  7  4 1 1 1
     1525  8  7  5 1 1 1
     1526  8  7  6 1 1 1
     1527  8  7  7 1 1 1
     1528  8  7  8 1 1 1
     1529  8  7  9 1 1 1
     1530  8  7  10 1 1 1
     1531  8  7  11 1 1 1
     1532  8  7  12 1 1 1
     1533  8  7  13 1 1 1
     1534  8  7  14 1 1 1
     1535  8  7  15 1 1 1
     1536  8  7  16 1 1 1
     1537  8  7  17 1 1 1
     1538  8  7  18 1 1 1
     1539  8  7  19 1 1 1
     1540  8  7  20 1 1 1
     1541  8  8  1 1 1 1
     1542  8  8  2 1 1 1
     1543  8  8  3 1 1 1
     1544  8  8  4 1 1 1
     1545  8  8  5 1 1 1
     1546  8  8  6 1 1 1
     1547  8  8  7 1 1 1
     1548  8  8  8 1 1 1
     1549  8  8  9 1 1 1
     1550  8  8  10 1 1 1
     1551  8  8  11 1 1 1
     1552  8  8  12 1 1 1
     1553  8  8  13 1 1 1
     1554  8  8  14 1 1 1
     1555  8  8  15 1 1 1
     1556  8  8  16 1 1 1
     1557  8  8  17 1 1 1
     1558  8  8  18 1 1 1
     1559  8  8  19 1 1 1
     1560  8  8  20 1 1 1
     1561  8  9  1 1 1 1
     1562  8  9  2 1 1 1
     1563  8  9  3 1 1 1
     1564  8  9  4 1 1 1
     1565  8  9  5 1 1 1
     1566  8  9  6 1 1 1
     1567  8  9  7 1 1 1
     1568  8  9  8 1 1 1
     1569  8  9  9 1 1 1
     1570  8  9  10 1 1 1
     1571  8  9  11 1 1 1
     1572  8  9  12 1 1 1
     1573  8  9  13 1 1 1
     1574  8  9  14 1 1 1
     1575  8  9  15 1 1 1
     1576  8  9  16 1 1 1
     1577  8  9  17 1 1 1
     1578  8  9  18 1 1 1
     1579  8  9  19 1 1 1
     1580  8  9  20 1 1 1
     1581  8  10  1 1 1 1
     1582  8  10  2 1 1 1
     1583  8  10  3 1 1 1
     1584  8  10  4 1 1 1
     1585  8  10  5 1 1 1
     1586  8  10  6 1 1 1
     1587  8  10  7 1 1 1
     1588  8  10  8 1 1 1
     1589  8  10  9 1 1 1
     1590  8  10  10 1 1 1
     1591  8  10  11 1 1 1
     1592  8  10  12 1 1 1
     1593  8  10  13 1 1 1
     1594  8  10  14 1 1 1
     1595  8  10  15 1 1 1
     1596  8  10  16 1 1 1
     1597  8  10  17 1 1 1
     1598  8  10  18 1 1 1
     1599  8  10  19 1 1 1
     1600  8  10  20 1 1 1
     1601  9  1  1 1 1 1
     1602  9  1  2 1 1 1
     1603  9  1  3 1 1 1
     1604  9  1  4 1 1 1
     1605  9  1  5 1 1 1
     1606  9  1  6 1 1 1
     1607  9  1  7 1 1 1
     1608  9  1  8 1 1 1
     1609  9  1  9 1 1 1
     1610  9  1  10 1 1 1
     1611  9  1  11 1 1 1
     1612  9  1  12 1 1 1
     1613  9  1  13 1 1 1
     1614  9  1  14 1 1 1
     1615  9  1  15 1 1 1
     1616  9  1  16 1 1 1
     1617  9  1  17 1 1 1
     1618  9  1  18 1 1 1
     1619  9  1  19 1 1 1
     1620  9  1  20 1 1 1
     1621  9  2  1 1 1 1
     1622  9  2  2 1 1 1
     1623  9  2  3 1 1 1
     1624  9  2  4 1 1 1
     1625  9  2  5 1 1 1
     1626  9  2  6 1 1 1
     1627  9  2  7 1 1 1
     1628  9  2  8 1 1 1
     1629  9  2  9 1 1 1
     1630  9  2  10 1 1 1
     1631  9  2  11 1 1 1
     1632  9  2  12 1 1 1
     1633  9  2  13 1 1 1
     1634  9  2  14 1 1 1
     1635  9  2  15 1 1 1
     1636  9  2  16 1 1 1
     1637  9  2  17 1 1 1
     1638  9  2  18 1 1 1
     1639  9  2  19 1 1 1
     1640  9  2  20 1 1 1
     1641  9  3  1 1 1 1
     1642  9  3  2 1 1 1
     1643  9  3  3 1 1 1
     1644  9  3  4 1 1 1
     1645  9  3  5 1 1 1
     1646  9  3  6 1 1 1
     1647  9  3  7 1 1 1
     1648  9  3  8 1 1 1
     1649  9  3  9 1 1 1
     1650  9  3  10 1 1 1
     1651  9  3  11 1 1 1
     1652  9  3  12 1 1 1
     1653  9  3  13 1 1 1
     1654  9  3  14 1 1 1
     1655  9  3  15 1 1 1
     1656  9  3  16 1 1 1
     1657  9  3  17 1 1 1
     1658  9  3  18 1 1 1
     1659  9  3  19 1 1 1
     1660  9  3  20 1 1 1
     1661  9  4  1 1 1 1
     1662  9  4  2 1 1 1
     1663  9  4  3 1 1 1
     1664  9  4  4 1 1 1
     1665  9  4  5 1 1 1
     1666  9  4  6 1 1 1
     1667  9  4  7 1 1 1
     1668  9  4  8 1 1 1
     1669  9  4  9 1 1 1
     1670  9  4  10 1 1 1
     1671  9  4  11 1 1 1
     1672  9  4  12 1 1 1
     1673  9  4  13 1 1 1
     1674  9  4  14 1 1 1
     1675  9  4  15 1 1 1
     1676  9  4  16 1 1 1
     1677  9  4  17 1 1 1
     1678  9  4  18 1 1 1
     1679  9  4  19 1 1 1
     1680  9  4  20 1 1 1
     1681  9  5  1 1 1 1
     1682  9  5  2 1 1 1
     1683  9  5  3 1 1 1
     1684  9  5  4 1 1 1
     1685  9  5  5 1 1 1
     1686  9  5  6 1 1 1
     1687  9  5  7 1 1 1
     1688  9  5  8 1 1 1
     1689  9  5  9 1 1 1
     1690  9  5  10 1 1 1
     1691  9  5  11 1 1 1
     1692  9  5  12 1 1 1
     1693  9  5  13 1 1 1
     1694  9  5  14 1 1 1
     1695  9  5  15 1 1 1
     1696  9  5  16 1 1 1
     1697  9  5  17 1 1 1
     1698  9  5  18 1 1 1
     1699  9  5  19 1 1 1
     1700  9  5  20 1 1 1
     1701  9  6  1 1 1 1
     1702  9  6  2 1 1 1
     1703  9  6  3 1 1 1
     1704  9  6  4 1 1 1
     1705  9  6  5 1 1 1
     1706  9  6  6 1 1 1
     1707  9  6  7 1 1 1
     1708  9  6  8 1 1 1
     1709  9  6  9 1 1 1
     1710  9  6  10 1 1 1
     1711  9  6  11 1 1 1
     1712  9  6  12 1 1 1
     1713  9  6  13 1 1 1
     1714  9  6  14 1 1 1
     1715  9  6  15 1 1 1
     1716  9  6  16 1 1 1
     1717  9  6  17 1 1 1
     1718  9  6  18 1 1 1
     1719  9  6  19 1 1 1
     1720  9  6  20 1 1 1
     1721  9  7  1 1 1 1
     1722  9  7  2 1 1 1
     1723  9  7  3 1 1 1
     1724  9  7  4 1 1 1
     1725  9  7  5 1 1 1
     1726  9  7  6 1 1 1
     1727  9  7  7 1 1 1
     1728  9  7  8 1 1 1
     1729  9  7  9 1 1 1
     1730  9  7  10 1 1 1
     1731  9  7  11 1 1 1
     1732  9  7  12 1 1 1
     1733  9  7  13 1 1 1
     1734  9  7  14 1 1 1
     1735  9  7  15 1 1 1
     1736  9  7  16 1 1 1
     1737  9  7  17 1 1 1
     1738  9  7  18 1 1 1
     1739  9  7  19 1 1 1
     1740  9  7  20 1 1 1
     1741  9  8  1 1 1 1
     1742  9  8  2 1 1 1
     1743  9  8  3 1 1 1
     1744  9  8  4 1 1 1
     1745  9  8  5 1 1 1
     1746  9  8  6 1 1 1
     1747  9  8  7 1 1 1
     1748  9  8  8 1 1 1
     1749  9  8  9 1 1 1
     1750  9  8  10 1 1 1
     1751  9  8  11 1 1 1
     1752  9  8  12 1 1 1
     1753  9  8  13 1 1 1
     1754  9  8  14 1 1 1
     1755  9  8  15 1 1 1
     1756  9  8  16 1 1 1
     1757  9  8  17 1 1 1
     1758  9  8  18 1 1 1
     1759  9  8  19 1 1 1
     1760  9  8  20 1 1 1
     1761  9  9  1 1 1 1
     1762  9  9  2 1 1 1
     1763  9  9  3 1 1 1
     1764  9  9  4 1 1 1
     1765  9  9  5 1 1 1
     1766  9  9  6 1 1 1
     1767  9  9  7 1 1 1
     1768  9  9  8 1 1 1
     1769  9  9  9 1 1 1
     1770  9  9  10 1 1 1
     1771  9  9  11 1 1 1
     1772  9  9  12 1 1 1
     1773  9  9  13 1 1 1
     1774  9  9  14 1 1 1
     1775  9  9  15 1 1 1
     1776  9  9  16 1 1 1
     1777  9  9  17 1 1 1
     1778  9  9  18 1 1 1
     1779  9  9  19 1 1 1
     1780  9  9  20 1 1 1
     1781  9  10  1 1 1 1
     1782  9  10  2 1 1 1
     1783  9  10  3 1 1 1
     1784  9  10  4 1 1 1
     1785  9  10  5 1 1 1
     1786  9  10  6 1 1 1
     1787  9  10  7 1 1 1
     1788  9  10  8 1 1 1
     1789  9  10  9 1 1 1
     1790  9  10  10 1 1 1
     1791  9  10  11 1 1 1
     1792  9  10  12 1 1 1
     1793  9  10  13 1 1 1
     1794  9  10  14 1 1 1
     1795  9  10  15 1 1 1
     1796  9  10  16 1 1 1
     1797  9  10  17 1 1 1
     1798  9  10  18 1 1 1
     1799  9  10  19 1 1 1
     1800  9  10  20 1 1 1
     1801  10  1  1 1 1 1
     1802  10  1  2 1 1 1
     1803  10  1  3 1 1 1
     1804  10  1  4 1 1 1
     1805  10  1  5 1 1 1
     1806  10  1  6 1 1 1
     1807  10  1  7 1 1 1
     1808  10  1  8 1 1 1
     1809  10  1  9 1 1 1
     1810  10  1  10 1 1 1
     1811  10  1  11 1 1 1
     1812  10  1  12 1 1 1
     1813  10  1  13 1 1 1
     1814  10  1  14 1 1 1
     1815  10  1  15 1 1 1
     1816  10  1  16 1 1 1
     1817  10  1  17 1 1 1
     1818  10  1  18 1 1 1
     1819  10  1  19 1 1 1
     1820  10  1  20 1 1 1
     1821  10  2  1 1 1 1
     1822  10  2  2 1 1 1
     1823  10  2  3 1 1 1
     1824  10  2  4 1 1 1
     1825  10  2  5 1 1 1
     1826  10  2  6 1 1 1
     1827  10  2  7 1 1 1
     1828  10  2  8 1 1 1
     1829  10  2  9 1 1 1
     1830  10  2  10 1 1 1
     1831  10  2  11 1 1 1
     1832  10  2  12 1 1 1
     1833  10  2  13 1 1 1
     1834  10  2  14 1 1 1
     1835  10  2  15 1 1 1
     1836  10  2  16 1 1 1
     1837  10  2  17 1 1 1
     1838  10  2  18 1 1 1
     1839  10  2  19 1 1 1
     1840  10  2  20 1 1 1
     1841  10  3  1 1 1 1
     1842  10  3  2 1 1 1
     1843  10  3  3 1 1 1
     1844  10  3  4 1 1 1
     1845  10  3  5 1 1 1
     1846  10  3  6 1 1 1
     1847  10  3  7 1 1 1
     1848  10  3  8 1 1 1
     1849  10  3  9 1 1 1
     1850  10  3  10 1 1 1
     1851  10  3  11 1 1 1
     1852  10  3  12 1 1 1
     1853  10  3  13 1 1 1
     1854  10  3  14 1 1 1
     1855  10  3  15 1 1 1
     1856  10  3  16 1 1 1
     1857  10  3  17 1 1 1
     1858  10  3  18 1 1 1
     1859  10  3  19 1 1 1
     1860  10  3  20 1 1 1
     1861  10  4  1 1 1 1
     1862  10  4  2 1 1 1
     1863  10  4  3 1 1 1
     1864  10  4  4 1 1 1
     1865  10  4  5 1 1 1
     1866  10  4  6 1 1 1
     1867  10  4  7 1 1 1
     1868  10  4  8 1 1 1
     1869  10  4  9 1 1 1
     1870  10  4  10 1 1 1
     1871  10  4  11 1 1 1
     1872  10  4  12 1 1 1
     1873  10  4  13 1 1 1
     1874  10  4  14 1 1 1
     1875  10  4  15 1 1 1
     1876  10  4  16 1 1 1
     1877  10  4  17 1 1 1
     1878  10  4  18 1 1 1
     1879  10  4  19 1 1 1
     1880  10  4  20 1 1 1
     1881  10  5  1 1 1 1
     1882  10  5  2 1 1 1
     1883  10  5  3 1 1 1
     1884  10  5  4 1 1 1
     1885  10  5  5 1 1 1
     1886  10  5  6 1 1 1
     1887  10  5  7 1 1 1
     1888  10  5  8 1 1 1
     1889  10  5  9 1 1 1
     1890  10  5  10 1 1 1
     1891  10  5  11 1 1 1
     1892  10  5  12 1 1 1
     1893  10  5  13 1 1 1
     1894  10  5  14 1 1 1
     1895  10  5  15 1 1 1
     1896  10  5  16 1 1 1
     1897  10  5  17 1 1 1
     1898  10  5  18 1 1 1
     1899  10  5  19 1 1 1
     1900  10  5  20 1 1 1
     1901  10  6  1 1 1 1
     1902  10  6  2 1 1 1
     1903  10  6  3 1 1 1
     1904  10  6  4 1 1 1
     1905  10  6  5 1 1 1
     1906  10  6  6 1 1 1
     1907  10  6  7 1 1 1
     1908  10  6  8 1 1 1
     1909  10  6  9 1 1 1
     1910  10  6  10 1 1 1
     1911  10  6  11 1 1 1
     1912  10  6  12 1 1 1
     1913  10  6  13 1 1 1
     1914  10  6  14 1 1 1
     1915  10  6  15 1 1 1
     1916  10  6  16 1 1 1
     1917  10  6  17 1 1 1
     1918  10  6  18 1 1 1
     1919  10  6  19 1 1 1
     1920  10  6  20 1 1 1
     1921  10  7  1 1 1 1
     1922  10  7  2 1 1 1
     1923  10  7  3 1 1 1
     1924  10  7  4 1 1 1
     1925  10  7  5 1 1 1
     1926  10  7  6 1 1 1
     1927  10  7  7 1 1 1
     1928  10  7  8 1 1 1
     1929  10  7  9 1 1 1
     1930  10  7  10 1 1 1
     1931  10  7  11 1 1 1
     1932  10  7  12 1 1 1
     1933  10  7  13 1 1 1
     1934  10  7  14 1 1 1
     1935  10  7  15 1 1 1
     1936  10  7  16 1 1 1
     1937  10  7  17 1 1 1
     1938  10  7  18 1 1 1
     1939  10  7  19 1 1 1
     1940  10  7  20 1 1 1
     1941  10  8  1 1 1 1
     1942  10  8  2 1 1 1
     1943  10  8  3 1 1 1
     1944  10  8  4 1 1 1
     1945  10  8  5 1 1 1
     1946  10  8  6 1 1 1
     1947  10  8  7 1 1 1
     1948  10  8  8 1 1 1
     1949  10  8  9 1 1 1
     1950  10  8  10 1 1 1
     1951  10  8  11 1 1 1
     1952  10  8  12 1 1 1
     1953  10  8  13 1 1 1
     1954  10  8  14 1 1 1
     1955  10  8  15 1 1 1
     1956  10  8  16 1 1 1
     1957  10  8  17 1 1 1
     1958  10  8  18 1 1 1
     1959  10  8  19 1 1 1
     1960  10  8  20 1 1 1
     1961  10  9  1 1 1 1
     1962  10  9  2 1 1 1
     1963  10  9  3 1 1 1
     1964  10  9  4 1 1 1
     1965  10  9  5 1 1 1
     1966  10  9  6 1 1 1
     1967  10  9  7 1 1 1
     1968  10  9  8 1 1 1
     1969  10  9  9 1 1 1
     1970  10  9  10 1 1 1
     1971  10  9  11 1 1 1
     1972  10  9  12 1 1 1
     1973  10  9  13 1 1 1
     1974  10  9  14 1 1 1
     1975  10  9  15 1 1 1
     1976  10  9  16 1 1 1
     1977  10  9  17 1 1 1
     1978  10  9  18 1 1 1
     1979  10  9  19 1 1 1
     1980  10  9  20 1 1 1
     1981  10  10  1 1 1 1
     1982  10  10  2 1 1 1
     1983  10  10  3 1 1 1
     1984  10  10  4 1 1 1
     1985  10  10  5 1 1 1
     1986  10  10  6 1 1 1
     1987  10  10  7 1 1 1
     1988  10  10  8 1 1 1
     1989  10  10  9 1 1 1
     1990  10  10  10 1 1 1
     1991  10  10  11 1 1 1
     1992  10  10  12 1 1 1
     1993  10  10  13 1 1 1
     1994  10  10  14 1 1 1
     1995  10  10  15 1 1 1
     1996  10  10  16 1 1 1
     1997  10  10  17 1 1 1
     1998  10  10  18 1 1 1
     1999  10  10  19 1 1 1
     2000  10  10  20 1 1 1
     2001  11  1  1 1 1 1
     2002  11  1  2 1 1 1
     2003  11  1  3 1 1 1
     2004  11  1  4 1 1 1
     2005  11  1  5 1 1 1
     2006  11  1  6 1 1 1
     2007  11  1  7 1 1 1
     2008  11  1  8 1 1 1
     2009  11  1  9 1 1 1
     2010  11  1  10 1 1 1
     2011  11  1  11 1 1 1
     2012  11  1  12 1 1 1
     2013  11  1  13 1 1 1
     2014  11  1  14 1 1 1
     2015  11  1  15 1 1 1
     2016  11  1  16 1 1 1
     2017  11  1  17 1 1 1
     2018  11  1  18 1 1 1
     2019  11  1  19 1 1 1
     2020  11  1  20 1 1 1
     2021  11  2  1 1 1 1
     2022  11  2  2 1 1 1
     2023  11  2  3 1 1 1
     2024  11  2  4 1 1 1
     2025  11  2  5 1 1 1
     2026  11  2  6 1 1 1
     2027  11  2  7 1 1 1
     2028  11  2  8 1 1 1
     2029  11  2  9 1 1 1
     2030  11  2  10 1 1 1
     2031  11  2  11 1 1 1
     2032  11  2  12 1 1 1
     2033  11  2  13 1 1 1
     2034  11  2  14 1 1 1
     2035  11  2  15 1 1 1
     2036  11  2  16 1 1 1
     2037  11  2  17 1 1 1
     2038  11  2  18 1 1 1
     2039  11  2  19 1 1 1
     2040  11  2  20 1 1 1
     2041  11  3  1 1 1 1
     2042  11  3  2 1 1 1
     2043  11  3  3 1 1 1
     2044  11  3  4 1 1 1
     2045  11  3  5 1 1 1
     2046  11  3  6 1 1 1
     2047  11  3  7 1 1 1
     2048  11  3  8 1 1 1
     2049  11  3  9 1 1 1
     2050  11  3  10 1 1 1
     2051  11  3  11 1 1 1
     2052  11  3  12 1 1 1
     2053  11  3  13 1 1 1
     2054  11  3  14 1 1 1
     2055  11  3  15 1 1 1
     2056  11  3  16 1 1 1
     2057  11  3  17 1 1 1
     2058  11  3  18 1 1 1
     2059  11  3  19 1 1 1
     2060  11  3  20 1 1 1
     2061  11  4  1 1 1 1
     2062  11  4  2 1 1 1
     2063  11  4  3 1 1 1
     2064  11  4  4 1 1 1
     2065  11  4  5 1 1 1
     2066  11  4  6 1 1 1
     2067  11  4  7 1 1 1
     2068  11  4  8 1 1 1
     2069  11  4  9 1 1 1
     2070  11  4  10 1 1 1
     2071  11  4  11 1 1 1
     2072  11  4  12 1 1 1
     2073  11  4  13 1 1 1
     2074  11  4  14 1 1 1
     2075  11  4  15 1 1 1
     2076  11  4  16 1 1 1
     2077  11  4  17 1 1 1
     2078  11  4  18 1 1 1
     2079  11  4  19 1 1 1
     2080  11  4  20 1 1 1
     2081  11  5  1 1 1 1
     2082  11  5  2 1 1 1
     2083  11  5  3 1 1 1
     2084  11  5  4 1 1 1
     2085  11  5  5 1 1 1
     2086  11  5  6 1 1 1
     2087  11  5  7 1 1 1
     2088  11  5  8 1 1 1
     2089  11  5  9 1 1 1
     2090  11  5  10 1 1 1
     2091  11  5  11 1 1 1
     2092  11  5  12 1 1 1
     2093  11  5  13 1 1 1
     2094  11  5  14 1 1 1
     2095  11  5  15 1 1 1
     2096  11  5  16 1 1 1
     2097  11  5  17 1 1 1
     2098  11  5  18 1 1 1
     2099  11  5  19 1 1 1
     2100  11  5  20 1 1 1
     2101  11  6  1 1 1 1
     2102  11  6  2 1 1 1
     2103  11  6  3 1 1 1
     2104  11  6  4 1 1 1
     2105  11  6  5 1 1 1
     2106  11  6  6 1 1 1
     2107  11  6  7 1 1 1
     2108  11  6  8 1 1 1
     2109  11  6  9 1 1 1
     2110  11  6  10 1 1 1
     2111  11  6  11 1 1 1
     2112  11  6  12 1 1 1
     2113  11  6  13 1 1 1
     2114  11  6  14 1 1 1
     2115  11  6  15 1 1 1
     2116  11  6  16 1 1 1
     2117  11  6  17 1 1 1
     2118  11  6  18 1 1 1
     2119  11  6  19 1 1 1
     2120  11  6  20 1 1 1
     2121  11  7  1 1 1 1
     2122  11  7  2 1 1 1
     2123  11  7  3 1 1 1
     2124  11  7  4 1 1 1
     2125  11  7  5 1 1 1
     2126  11  7  6 1 1 1
     2127  11  7  7 1 1 1
     2128  11  7  8 1 1 1
     2129  11  7  9 1 1 1
     2130  11  7  10 1 1 1
     2131  11  7  11 1 1 1
     2132  11  7  12 1 1 1
     2133  11  7  13 1 1 1
     2134  11  7  14 1 1 1
     2135  11  7  15 1 1 1
     2136  11  7  16 1 1 1
     2137  11  7  17 1 1 1
     2138  11  7  18 1 1 1
     2139  11  7  19 1 1 1
     2140  11  7  20 1 1 1
     2141  11  8  1 1 1 1
     2142  11  8  2 1 1 1
     2143  11  8  3 1 1 1
     2144  11  8  4 1 1 1
     2145  11  8  5 1 1 1
     2146  11  8  6 1 1 1
     2147  11  8  7 1 1 1
     2148  11  8  8 1 1 1
     2149  11  8  9 1 1 1
     2150  11  8  10 1 1 1
     2151  11  8  11 1 1 1
     2152  11  8  12 1 1 1
     2153  11  8  13 1 1 1
     2154  11  8  14 1 1 1
     2155  11  8  15 1 1 1
     2156  11  8  16 1 1 1
     2157  11  8  17 1 1 1
     2158  11  8  18 1 1 1
     2159  11  8  19 1 1 1
     2160  11  8  20 1 1 1
     2161  11  9  1 1 1 1
     2162  11  9  2 1 1 1
     2163  11  9  3 1 1 1
     2164  11  9  4 1 1 1
     2165  11  9  5 1 1 1
     2166  11  9  6 1 1 1
     2167  11  9  7 1 1 1
     2168  11  9  8 1 1 1
     2169  11  9  9 1 1 1
     2170  11  9  10 1 1 1
     2171  11  9  11 1 1 1
     2172  11  9  12 1 1 1
     2173  11  9  13 1 1 1
     2174  11  9  14 1 1 1
     2175  11  9  15 1 1 1
     2176  11  9  16 1 1 1
     2177  11  9  17 1 1 1
     2178  11  9  18 1 1 1
     2179  11  9  19 1 1 1
     2180  11  9  20 1 1 1
     2181  11  10  1 1 1 1
     2182  11  10  2 1 1 1
     2183  11  10  3 1 1 1
     2184  11  10  4 1 1 1
     2185  11  10  5 1 1 1
     2186  11  10  6 1 1 1
     2187  11  10  7 1 1 1
     2188  11  10  8 1 1 1
     2189  11  10  9 1 1 1
     2190  11  10  10 1 1 1
     2191  11  10  11 1 1 1
     2192  11  10  12 1 1 1
     2193  11  10  13 1 1 1
     2194  11  10  14 1 1 1
     2195  11  10  15 1 1 1
     2196  11  10  16 1 1 1
     2197  11  10  17 1 1 1
     2198  11  10  18 1 1 1
     2199  11  10  19 1 1 1
     2200  11  10  20 1 1 1
     2201  12  1  1 1 1 1
     2202  12  1  2 1 1 1
     2203  12  1  3 1 1 1
     2204  12  1  4 1 1 1
     2205  12  1  5 1 1 1
     2206  12  1  6 1 1 1
     2207  12  1  7 1 1 1
     2208  12  1  8 1 1 1
     2209  12  1  9 1 1 1
     2210  12  1  10 1 1 1
     2211  12  1  11 1 1 1
     2212  12  1  12 1 1 1
     2213  12  1  13 1 1 1
     2214  12  1  14 1 1 1
     2215  12  1  15 1 1 1
     2216  12  1  16 1 1 1
     2217  12  1  17 1 1 1
     2218  12  1  18 1 1 1
     2219  12  1  19 1 1 1
     2220  12  1  20 1 1 1
     2221  12  2  1 1 1 1
     2222  12  2  2 1 1 1
     2223  12  2  3 1 1 1
     2224  12  2  4 1 1 1
     2225  12  2  5 1 1 1
     2226  12  2  6 1 1 1
     2227  12  2  7 1 1 1
     2228  12  2  8 1 1 1
     2229  12  2  9 1 1 1
     2230  12  2  10 1 1 1
     2231  12  2  11 1 1 1
     2232  12  2  12 1 1 1
     2233  12  2  13 1 1 1
     2234  12  2  14 1 1 1
     2235  12  2  15 1 1 1
     2236  12  2  16 1 1 1
     2237  12  2  17 1 1 1
     2238  12  2  18 1 1 1
     2239  12  2  19 1 1 1
     2240  12  2  20 1 1 1
     2241  12  3  1 1 1 1
     2242  12  3  2 1 1 1
     2243  12  3  3 1 1 1
     2244  12  3  4 1 1 1
     2245  12  3  5 1 1 1
     2246  12  3  6 1 1 1
     2247  12  3  7 1 1 1
     2248  12  3  8 1 1 1
     2249  12  3  9 1 1 1
     2250  12  3  10 1 1 1
     2251  12  3  11 1 1 1
     2252  12  3  12 1 1 1
     2253  12  3  13 1 1 1
     2254  12  3  14 1 1 1
     2255  12  3  15 1 1 1
     2256  12  3  16 1 1 1
     2257  12  3  17 1 1 1
     2258  12  3  18 1 1 1
     2259  12  3  19 1 1 1
     2260  12  3  20 1 1 1
     2261  12  4  1 1 1 1
     2262  12  4  2 1 1 1
     2263  12  4  3 1 1 1
     2264  12  4  4 1 1 1
     2265  12  4  5 1 1 1
     2266  12  4  6 1 1 1
     2267  12  4  7 1 1 1
     2268  12  4  8 1 1 1
     2269  12  4  9 1 1 1
     2270  12  4  10 1 1 1
     2271  12  4  11 1 1 1
     2272  12  4  12 1 1 1
     2273  12  4  13 1 1 1
     2274  12  4  14 1 1 1
     2275  12  4  15 1 1 1
     2276  12  4  16 1 1 1
     2277  12  4  17 1 1 1
     2278  12  4  18 1 1 1
     2279  12  4  19 1 1 1
     2280  12  4  20 1 1 1
     2281  12  5  1 1 1 1
     2282  12  5  2 1 1 1
     2283  12  5  3 1 1 1
     2284  12  5  4 1 1 1
     2285  12  5  5 1 1 1
     2286  12  5  6 1 1 1
     2287  12  5  7 1 1 1
     2288  12  5  8 1 1 1
     2289  12  5  9 1 1 1
     2290  12  5  10 1 1 1
     2291  12  5  11 1 1 1
     2292  12  5  12 1 1 1
     2293  12  5  13 1 1 1
     2294  12  5  14 1 1 1
     2295  12  5  15 1 1 1
     2296  12  5  16 1 1 1
     2297  12  5  17 1 1 1
     2298  12  5  18 1 1 1
     2299  12  5  19 1 1 1
     2300  12  5  20 1 1 1
     2301  12  6  1 1 1 1
     2302  12  6  2 1 1 1
     2303  12  6  3 1 1 1
     2304  12  6  4 1 1 1
     2305  12  6  5 1 1 1
     2306  12  6  6 1 1 1
     2307  12  6  7 1 1 1
     2308  12  6  8 1 1 1
     2309  12  6  9 1 1 1
     2310  12  6  10 1 1 1
     2311  12  6  11 1 1 1
     2312  12  6  12 1 1 1
     2313  12  6  13 1 1 1
     2314  12  6  14 1 1 1
     2315  12  6  15 1 1 1
     2316  12  6  16 1 1 1
     2317  12  6  17 1 1 1
     2318  12  6  18 1 1 1
     2319  12  6  19 1 1 1
     2320  12  6  20 1 1 1
     2321  12  7  1 1 1 1
     2322  12  7  2 1 1 1
     2323  12  7  3 1 1 1
     2324  12  7  4 1 1 1
     2325  12  7  5 1 1 1
     2326  12  7  6 1 1 1
     2327  12  7  7 1 1 1
     2328  12  7  8 1 1 1
     2329  12  7  9 1 1 1
     2330  12  7  10 1 1 1
     2331  12  7  11 1 1 1
     2332  12  7  12 1 1 1
     2333  12  7  13 1 1 1
     2334  12  7  14 1 1 1
     2335  12  7  15 1 1 1
     2336  12  7  16 1 1 1
     2337  12  7  17 1 1 1
     2338  12  7  18 1 1 1
     2339  12  7  19 1 1 1
     2340  12  7  20 1 1 1
     2341  12  8  1 1 1 1
     2342  12  8  2 1 1 1
     2343  12  8  3 1 1 1
     2344  12  8  4 1 1 1
     2345  12  8  5 1 1 1
     2346  12  8  6 1 1 1
     2347  12  8  7 1 1 1
     2348  12  8  8 1 1 1
     2349  12  8  9 1 1 1
     2350  12  8  10 1 1 1
     2351  12  8  11 1 1 1
     2352  12  8  12 1 1 1
     2353  12  8  13 1 1 1
     2354  12  8  14 1 1 1
     2355  12  8  15 1 1 1
     2356  12  8  16 1 1 1
     2357  12  8  17 1 1 1
     2358  12  8  18 1 1 1
     2359  12  8  19 1 1 1
     2360  12  8  20 1 1 1
     2361  12  9  1 1 1 1
     2362  12  9  2 1 1 1
     2363  12  9  3 1 1 1
     2364  12  9  4 1 1 1
     2365  12  9  5 1 1 1
     2366  12  9  6 1 1 1
     2367  12  9  7 1 1 1
     2368  12  9  8 1 1 1
     2369  12  9  9 1 1 1
     2370  12  9  10 1 1 1
     2371  12  9  11 1 1 1
     2372  12  9  12 1 1 1
     2373  12  9  13 1 1 1
     2374  12  9  14 1 1 1
     2375  12  9  15 1 1 1
     2376  12  9  16 1 1 1
     2377  12  9  17 1 1 1
     2378  12  9  18 1 1 1
     2379  12  9  19 1 1 1
     2380  12  9  20 1 1 1
     2381  12  10  1 1 1 1
     2382  12  10  2 1 1 1
     2383  12  10  3 1 1 1
     2384  12  10  4 1 1 1
     2385  12  10  5 1 1 1
     2386  12  10  6 1 1 1
     2387  12  10  7 1 1 1
     2388  12  10  8 1 1 1
     2389  12  10  9 1 1 1
     2390  12  10  10 1 1 1
     2391  12  10  11 1 1 1
     2392  12  10  12 1 1 1
     2393  12  10  13 1 1 1
     2394  12  10  14 1 1 1
     2395  12  10  15 1 1 1
     2396  12  10  16 1 1 1
     2397  12  10  17 1 1 1
     2398  12  10  18 1 1 1
     2399  12  10  19 1 1 1
     2400  12  10  20 1 1 1
     2401  13  1  1 1 1 1
     2402  13  1  2 1 1 1
     2403  13  1  3 1 1 1
     2404  13  1  4 1 1 1
     2405  13  1  5 1 1 1
     2406  13  1  6 1 1 1
     2407  13  1  7 1 1 1
     2408  13  1  8 1 1 1
     2409  13  1  9 1 1 1
     2410  13  1  10 1 1 1
     2411  13  1  11 1 1 1
     2412  13  1  12 1 1 1
     2413  13  1  13 1 1 1
     2414  13  1  14 1 1 1
     2415  13  1  15 1 1 1
     2416  13  1  16 1 1 1
     2417  13  1  17 1 1 1
     2418  13  1  18 1 1 1
     2419  13  1  19 1 1 1
     2420  13  1  20 1 1 1
     2421  13  2  1 1 1 1
     2422  13  2  2 1 1 1
     2423  13  2  3 1 1 1
     2424  13  2  4 1 1 1
     2425  13  2  5 1 1 1
     2426  13  2  6 1 1 1
     2427  13  2  7 1 1 1
     2428  13  2  8 1 1 1
     2429  13  2  9 1 1 1
     2430  13  2  10 1 1 1
     2431  13  2  11 1 1 1
     2432  13  2  12 1 1 1
     2433  13  2  13 1 1 1
     2434  13  2  14 1 1 1
     2435  13  2  15 1 1 1
     2436  13  2  16 1 1 1
     2437  13  2  17 1 1 1
     2438  13  2  18 1 1 1
     2439  13  2  19 1 1 1
     2440  13  2  20 1 1 1
     2441  13  3  1 1 1 1
     2442  13  3  2 1 1 1
     2443  13  3  3 1 1 1
     2444  13  3  4 1 1 1
     2445  13  3  5 1 1 1
     2446  13  3  6 1 1 1
     2447  13  3  7 1 1 1
     2448  13  3  8 1 1 1
     2449  13  3  9 1 1 1
     2450  13  3  10 1 1 1
     2451  13  3  11 1 1 1
     2452  13  3  12 1 1 1
     2453  13  3  13 1 1 1
     2454  13  3  14 1 1 1
     2455  13  3  15 1 1 1
     2456  13  3  16 1 1 1
     2457  13  3  17 1 1 1
     2458  13  3  18 1 1 1
     2459  13  3  19 1 1 1
     2460  13  3  20 1 1 1
     2461  13  4  1 1 1 1
     2462  13  4  2 1 1 1
     2463  13  4  3 1 1 1
     2464  13  4  4 1 1 1
     2465  13  4  5 1 1 1
     2466  13  4  6 1 1 1
     2467  13  4  7 1 1 1
     2468  13  4  8 1 1 1
     2469  13  4  9 1 1 1
     2470  13  4  10 1 1 1
     2471  13  4  11 1 1 1
     2472  13  4  12 1 1 1
     2473  13  4  13 1 1 1
     2474  13  4  14 1 1 1
     2475  13  4  15 1 1 1
     2476  13  4  16 1 1 1
     2477  13  4  17 1 1 1
     2478  13  4  18 1 1 1
     2479  13  4  19 1 1 1
     2480  13  4  20 1 1 1
     2481  13  5  1 1 1 1
     2482  13  5  2 1 1 1
     2483  13  5  3 1 1 1
     2484  13  5  4 1 1 1
     2485  13  5  5 1 1 1
     2486  13  5  6 1 1 1
     2487  13  5  7 1 1 1
     2488  13  5  8 1 1 1
     2489  13  5  9 1 1 1
     2490  13  5  10 1 1 1
     2491  13  5  11 1 1 1
     2492  13  5  12 1 1 1
     2493  13  5  13 1 1 1
     2494  13  5  14 1 1 1
     2495  13  5  15 1 1 1
     2496  13  5  16 1 1 1
     2497  13  5  17 1 1 1
     2498  13  5  18 1 1 1
     2499  13  5  19 1 1 1
     2500  13  5  20 1 1 1
     2501  13  6  1 1 1 1
     2502  13  6  2 1 1 1
     2503  13  6  3 1 1 1
     2504  13  6  4 1 1 1
     2505  13  6  5 1 1 1
     2506  13  6  6 1 1 1
     2507  13  6  7 1 1 1
     2508  13  6  8 1 1 1
     2509  13  6  9 1 1 1
     2510  13  6  10 1 1 1
     2511  13  6  11 1 1 1
     2512  13  6  12 1 1 1
     2513  13  6  13 1 1 1
     2514  13  6  14 1 1 1
     2515  13  6  15 1 1 1
     2516  13  6  16 1 1 1
     2517  13  6  17 1 1 1
     2518  13  6  18 1 1 1
     2519  13  6  19 1 1 1
     2520  13  6  20 1 1 1
     2521  13  7  1 1 1 1
     2522  13  7  2 1 1 1
     2523  13  7  3 1 1 1
     2524  13  7  4 1 1 1
     2525  13  7  5 1 1 1
     2526  13  7  6 1 1 1
     2527  13  7  7 1 1 1
     2528  13  7  8 1 1 1
     2529  13  7  9 1 1 1
     2530  13  7  10 1 1 1
     2531  13  7  11 1 1 1
     2532  13  7  12 1 1 1
     2533  13  7  13 1 1 1
     2534  13  7  14 1 1 1
     2535  13  7  15 1 1 1
     2536  13  7  16 1 1 1
     2537  13  7  17 1 1 1
     2538  13  7  18 1 1 1
     2539  13  7  19 1 1 1
     2540  13  7  20 1 1 1
     2541  13  8  1 1 1 1
     2542  13  8  2 1 1 1
     2543  13  8  3 1 1 1
     2544  13  8  4 1 1 1
     2545  13  8  5 1 1 1
     2546  13  8  6 1 1 1
     2547  13  8  7 1 1 1
     2548  13  8  8 1 1 1
     2549  13  8  9 1 1 1
     2550  13  8  10 1 1 1
     2551  13  8  11 1 1 1
     2552  13  8  12 1 1 1
     2553  13  8  13 1 1 1
     2554  13  8  14 1 1 1
     2555  13  8  15 1 1 1
     2556  13  8  16 1 1 1
     2557  13  8  17 1 1 1
     2558  13  8  18 1 1 1
     2559  13  8  19 1 1 1
     2560  13  8  20 1 1 1
     2561  13  9  1 1 1 1
     2562  13  9  2 1 1 1
     2563  13  9  3 1 1 1
     2564  13  9  4 1 1 1
     2565  13  9  5 1 1 1
     2566  13  9  6 1 1 1
     2567  13  9  7 1 1 1
     2568  13  9  8 1 1 1
     2569  13  9  9 1 1 1
     2570  13  9  10 1 1 1
     2571  13  9  11 1 1 1
     2572  13  9  12 1 1 1
     2573  13  9  13 1 1 1
     2574  13  9  14 1 1 1
     2575  13  9  15 1 1 1
     2576  13  9  16 1 1 1
     2577  13  9  17 1 1 1
     2578  13  9  18 1 1 1
     2579  13  9  19 1 1 1
     2580  13  9  20 1 1 1
     2581  13  10  1 1 1 1
     2582  13  10  2 1 1 1
     2583  13  10  3 1 1 1
     2584  13  10  4 1 1 1
     2585  13  10  5 1 1 1
     2586  13  10  6 1 1 1
     2587  13  10  7 1 1 1
     2588  13  10  8 1 1 1
     2589  13  10  9 1 1 1
     2590  13  10  10 1 1 1
     2591  13  10  11 1 1 1
     2592  13  10  12 1 1 1
     2593  13  10  13 1 1 1
     2594  13  10  14 1 1 1
     2595  13  10  15 1 1 1
     2596  13  10  16 1 1 1
     2597  13  10  17 1 1 1
     2598  13  10  18 1 1 1
     2599  13  10  19 1 1 1
     2600  13  10  20 1 1 1
     2601  14  1  1 1 1 1
     2602  14  1  2 1 1 1
     2603  14  1  3 1 1 1
     2604  14  1  4 1 1 1
     2605  14  1  5 1 1 1
     2606  14  1  6 1 1 1
     2607  14  1  7 1 1 1
     2608  14  1  8 1 1 1
     2609  14  1  9 1 1 1
     2610  14  1  10 1 1 1
     2611  14  1  11 1 1 1
     2612  14  1  12 1 1 1
     2613  14  1  13 1 1 1
     2614  14  1  14 1 1 1
     2615  14  1  15 1 1 1
     2616  14  1  16 1 1 1
     2617  14  1  17 1 1 1
     2618  14  1  18 1 1 1
     2619  14  1  19 1 1 1
     2620  14  1  20 1 1 1
     2621  14  2  1 1 1 1
     2622  14  2  2 1 1 1
     2623  14  2  3 1 1 1
     2624  14  2  4 1 1 1
     2625  14  2  5 1 1 1
     2626  14  2  6 1 1 1
     2627  14  2  7 1 1 1
     2628  14  2  8 1 1 1
     2629  14  2  9 1 1 1
     2630  14  2  10 1 1 1
     2631  14  2  11 1 1 1
     2632  14  2  12 1 1 1
     2633  14  2  13 1 1 1
     2634  14  2  14 1 1 1
     2635  14  2  15 1 1 1
     2636  14  2  16 1 1 1
     2637  14  2  17 1 1 1
     2638  14  2  18 1 1 1
     2639  14  2  19 1 1 1
     2640  14  2  20 1 1 1
     2641  14  3  1 1 1 1
     2642  14  3  2 1 1 1
     2643  14  3  3 1 1 1
     2644  14  3  4 1 1 1
     2645  14  3  5 1 1 1
     2646  14  3  6 1 1 1
     2647  14  3  7 1 1 1
     2648  14  3  8 1 1 1
     2649  14  3  9 1 1 1
     2650  14  3  10 1 1 1
     2651  14  3  11 1 1 1
     2652  14  3  12 1 1 1
     2653  14  3  13 1 1 1
     2654  14  3  14 1 1 1
     2655  14  3  15 1 1 1
     2656  14  3  16 1 1 1
     2657  14  3  17 1 1 1
     2658  14  3  18 1 1 1
     2659  14  3  19 1 1 1
     2660  14  3  20 1 1 1
     2661  14  4  1 1 1 1
     2662  14  4  2 1 1 1
     2663  14  4  3 1 1 1
     2664  14  4  4 1 1 1
     2665  14  4  5 1 1 1
     2666  14  4  6 1 1 1
     2667  14  4  7 1 1 1
     2668  14  4  8 1 1 1
     2669  14  4  9 1 1 1
     2670  14  4  10 1 1 1
     2671  14  4  11 1 1 1
     2672  14  4  12 1 1 1
     2673  14  4  13 1 1 1
     2674  14  4  14 1 1 1
     2675  14  4  15 1 1 1
     2676  14  4  16 1 1 1
     2677  14  4  17 1 1 1
     2678  14  4  18 1 1 1
     2679  14  4  19 1 1 1
     2680  14  4  20 1 1 1
     2681  14  5  1 1 1 1
     2682  14  5  2 1 1 1
     2683  14  5  3 1 1 1
     2684  14  5  4 1 1 1
     2685  14  5  5 1 1 1
     2686  14  5  6 1 1 1
     2687  14  5  7 1 1 1
     2688  14  5  8 1 1 1
     2689  14  5  9 1 1 1
     2690  14  5  10 1 1 1
     2691  14  5  11 1 1 1
     2692  14  5  12 1 1 1
     2693  14  5  13 1 1 1
     2694  14  5  14 1 1 1
     2695  14  5  15 1 1 1
     2696  14  5  16 1 1 1
     2697  14  5  17 1 1 1
     2698  14  5  18 1 1 1
     2699  14  5  19 1 1 1
     2700  14  5  20 1 1 1
     2701  14  6  1 1 1 1
     2702  14  6  2 1 1 1
     2703  14  6  3 1 1 1
     2704  14  6  4 1 1 1
     2705  14  6  5 1 1 1
     2706  14  6  6 1 1 1
     2707  14  6  7 1 1 1
     2708  14  6  8 1 1 1
     2709  14  6  9 1 1 1
     2710  14  6  10 1 1 1
     2711  14  6  11 1 1 1
     2712  14  6  12 1 1 1
     2713  14  6  13 1 1 1
     2714  14  6  14 1 1 1
     2715  14  6  15 1 1 1
     2716  14  6  16 1 1 1
     2717  14  6  17 1 1 1
     2718  14  6  18 1 1 1
     2719  14  6  19 1 1 1
     2720  14  6  20 1 1 1
     2721  14  7  1 1 1 1
     2722  14  7  2 1 1 1
     2723  14  7  3 1 1 1
     2724  14  7  4 1 1 1
     2725  14  7  5 1 1 1
     2726  14  7  6 1 1 1
     2727  14  7  7 1 1 1
     2728  14  7  8 1 1 1
     2729  14  7  9 1 1 1
     2730  14  7  10 1 1 1
     2731  14  7  11 1 1 1
     2732  14  7  12 1 1 1
     2733  14  7  13 1 1 1
     2734  14  7  14 1 1 1
     2735  14  7  15 1 1 1
     2736  14  7  16 1 1 1
     2737  14  7  17 1 1 1
     2738  14  7  18 1 1 1
     2739  14  7  19 1 1 1
     2740  14  7  20 1 1 1
     2741  14  8  1 1 1 1
     2742  14  8  2 1 1 1
     2743  14  8  3 1 1 1
     2744  14  8  4 1 1 1
     2745  14  8  5 1 1 1
     2746  14  8  6 1 1 1
     2747  14  8  7 1 1 1
     2748  14  8  8 1 1 1
     2749  14  8  9 1 1 1
     2750  14  8  10 1 1 1
     2751  14  8  11 1 1 1
     2752  14  8  12 1 1 1
     2753  14  8  13 1 1 1
     2754  14  8  14 1 1 1
     2755  14  8  15 1 1 1
     2756  14  8  16 1 1 1
     2757  14  8  17 1 1 1
     2758  14  8  18 1 1 1
     2759  14  8  19 1 1 1
     2760  14  8  20 1 1 1
     2761  14  9  1 1 1 1
     2762  14  9  2 1 1 1
     2763  14  9  3 1 1 1
     2764  14  9  4 1 1 1
     2765  14  9  5 1 1 1
     2766  14  9  6 1 1 1
     2767  14  9  7 1 1 1
     2768  14  9  8 1 1 1
     2769  14  9  9 1 1 1
     2770  14  9  10 1 1 1
     2771  14  9  11 1 1 1
     2772  14  9  12 1 1 1
     2773  14  9  13 1 1 1
     2774  14  9  14 1 1 1
     2775  14  9  15 1 1 1
     2776  14  9  16 1 1 1
     2777  14  9  17 1 1 1
     2778  14  9  18 1 1 1
     2779  14  9  19 1 1 1
     2780  14  9  20 1 1 1
     2781  14  10  1 1 1 1
     2782  14  10  2 1 1 1
     2783  14  10  3 1 1 1
     2784  14  10  4 1 1 1
     2785  14  10  5 1 1 1
     2786  14  10  6 1 1 1
     2787  14  10  7 1 1 1
     2788  14  10  8 1 1 1
     2789  14  10  9 1 1 1
     2790  14  10  10 1 1 1
     2791  14  10  11 1 1 1
     2792  14  10  12 1 1 1
     2793  14  10  13 1 1 1
     2794  14  10  14 1 1 1
     2795  14  10  15 1 1 1
     2796  14  10  16 1 1 1
     2797  14  10  17 1 1 1
     2798  14  10  18 1 1 1
     2799  14  10  19 1 1 1
     2800  14  10  20 1 1 1