>GEOMETRY   rect_prism; AX,AY,AZ= 0.7788 0.7788 0.7788
     2432 = NAT 
  1.000000  0.000000  0.000000 = A_1 vector
  0.000000  1.000000  0.000000 = A_2 vector
  1.000000  1.000000  1.000000 = lattice spacings (d_x,d_y,d_z)/d
 -0.18970 -0.07810 -0.01965 = lattice offset x0(1-3) = (x_TF, y_TF, z_TF)/d for dipole 0 0 0
     JA  IX  IY  IZ ICOMP(x,y,z)
     1  1  1  1 1 1 1
     2  1  1  2 1 1 1
     3  1  1  3 1 1 1
     4  1  1  4 1 1 1
     5  1  2  1 1 1 1
     6  1  2  2 1 1 1
     7  1  2  3 1 1 1
     8  1  2  4 1 1 1
     9  1  3  1 1 1 1
     10  1  3  2 1 1 1
     11  1  3  3 1 1 1
     12  1  3  4 1 1 1
     13  1  4  1 1 1 1
     14  1  4  2 1 1 1
     15  1  4  3 1 1 1
     16  1  4  4 1 1 1
     17  1  5  1 1 1 1
     18  1  5  2 1 1 1
     19  1  5  3 1 1 1
     20  1  5  4 1 1 1
     21  1  6  1 1 1 1
     22  1  6  2 1 1 1
     23  1  6  3 1 1 1
     24  1  6  4 1 1 1
     25  1  7  1 1 1 1
     26  1  7  2 1 1 1
     27  1  7  3 1 1 1
     28  1  7  4 1 1 1
     29  1  8  1 1 1 1
     30  1  8  2 1 1 1
     31  1  8  3 1 1 1
     32  1  8  4 1 1 1
     33  1  9  1 1 1 1
     34  1  9  2 1 1 1
     35  1  9  3 1 1 1
     36  1  9  4 1 1 1
     37  1  10  1 1 1 1
     38  1  10  2 1 1 1
     39  1  10  3 1 1 1
     40  1  10  4 1 1 1
     41  1  11  1 1 1 1
     42  1  11  2 1 1 1
     43  1  11  3 1 1 1
     44  1  11  4 1 1 1
     45  1  12  1 1 1 1
     46  1  12  2 1 1 1
     47  1  12  3 1 1 1
     48  1  12  4 1 1 1
     49  1  13  1 1 1 1
     50  1  13  2 1 1 1
     51  1  13  3 1 1 1
     52  1  13  4 1 1 1
     53  1  14  1 1 1 1
     54  1  14  2 1 1 1
     55  1  14  3 1 1 1
     56  1  14  4 1 1 1
     57  1  15  1 1 1 1
     58  1  15  2 1 1 1
     59  1  15  3 1 1 1
     60  1  15  4 1 1 1
     61  1  16  1 1 1 1
     62  1  16  2 1 1 1
     63  1  16  3 1 1 1
     64  1  16  4 1 1 1
     65  2  1  1 1 1 1
     66  2  1  2 1 1 1
     67  2  1  3 1 1 1
     68  2  1  4 1 1 1
     69  2  2  1 1 1 1
     70  2  2  2 1 1 1
     71  2  2  3 1 1 1
     72  2  2  4 1 1 1
     73  2  3  1 1 1 1
     74  2  3  2 1 1 1
     75  2  3  3 1 1 1
     76  2  3  4 1 1 1
     77  2  4  1 1 1 1
     78  2  4  2 1 1 1
     79  2  4  3 1 1 1
     80  2  4  4 1 1 1
     81  2  5  1 1 1 1
     82  2  5  2 1 1 1
     83  2  5  3 1 1 1
     84  2  5  4 1 1 1
     85  2  6  1 1 1 1
     86  2  6  2 1 1 1
     87  2  6  3 1 1 1
     88  2  6  4 1 1 1
     89  2  7  1 1 1 1
     90  2  7  2 1 1 1
     91  2  7  3 1 1 1
     92  2  7  4 1 1 1
     93  2  8  1 1 1 1
     94  2  8  2 1 1 1
     95  2  8  3 1 1 1
     96  2  8  4 1 1 1
     97  2  9  1 1 1 1
     98  2  9  2 1 1 1
     99  2  9  3 1 1 1
     100  2  9  4 1 1 1
     101  2  10  1 1 1 1
     102  2  10  2 1 1 1
     103  2  10  3 1 1 1
     104  2  10  4 1 1 1
     105  2  11  1 1 1 1
     106  2  11  2 1 1 1
     107  2  11  3 1 1 1
     108  2  11  4 1 1 1
     109  2  12  1 1 1 1
     110  2  12  2 1 1 1
     111  2  12  3 1 1 1
     112  2  12  4 1 1 1
     113  2  13  1 1 1 1
     114  2  13  2 1 1 1
     115  2  13  3 1 1 1
     116  2  13  4 1 1 1
     117  2  14  1 1 1 1
     118  2  14  2 1 1 1
     119  2  14  3 1 1 1
     120  2  14  4 1 1 1
     121  2  15  1 1 1 1
     122  2  15  2 1 1 1
     123  2  15  3 1 1 1
     124  2  15  4 1 1 1
     125  2  16  1 1 1 1
     126  2  16  2 1 1 1
     127  2  16  3 1 1 1
     128  2  16  4 1 1 1
     129  3  1  1 1 1 1
     130  3  1  2 1 1 1
     131  3  1  3 1 1 1
     132  3  1  4 1 1 1
     133  3  2  1 1 1 1
     134  3  2  2 1 1 1
     135  3  2  3 1 1 1
     136  3  2  4 1 1 1
     137  3  3  1 1 1 1
     138  3  3  2 1 1 1
     139  3  3  3 1 1 1
     140  3  3  4 1 1 1
     141  3  4  1 1 1 1
     142  3  4  2 1 1 1
     143  3  4  3 1 1 1
     144  3  4  4 1 1 1
     145  3  5  1 1 1 1
     146  3  5  2 1 1 1
     147  3  5  3 1 1 1
     148  3  5  4 1 1 1
     149  3  6  1 1 1 1
     150  3  6  2 1 1 1
     151  3  6  3 1 1 1
     152  3  6  4 1 1 1
     153  3  7  1 1 1 1
     154  3  7  2 1 1 1
     155  3  7  3 1 1 1
     156  3  7  4 1 1 1
     157  3  8  1 1 1 1
     158  3  8  2 1 1 1
     159  3  8  3 1 1 1
     160  3  8  4 1 1 1
     161  3  9  1 1 1 1
     162  3  9  2 1 1 1
     163  3  9  3 1 1 1
     164  3  9  4 1 1 1
     165  3  10  1 1 1 1
     166  3  10  2 1 1 1
     167  3  10  3 1 1 1
     168  3  10  4 1 1 1
     169  3  11  1 1 1 1
     170  3  11  2 1 1 1
     171  3  11  3 1 1 1
     172  3  11  4 1 1 1
     173  3  12  1 1 1 1
     174  3  12  2 1 1 1
     175  3  12  3 1 1 1
     176  3  12  4 1 1 1
     177  3  13  1 1 1 1
     178  3  13  2 1 1 1
     179  3  13  3 1 1 1
     180  3  13  4 1 1 1
     181  3  14  1 1 1 1
     182  3  14  2 1 1 1
     183  3  14  3 1 1 1
     184  3  14  4 1 1 1
     185  3  15  1 1 1 1
     186  3  15  2 1 1 1
     187  3  15  3 1 1 1
     188  3  15  4 1 1 1
     189  3  16  1 1 1 1
     190  3  16  2 1 1 1
     191  3  16  3 1 1 1
     192  3  16  4 1 1 1
     193  4  1  1 1 1 1
     194  4  1  2 1 1 1
     195  4  1  3 1 1 1
     196  4  1  4 1 1 1
     197  4  2  1 1 1 1
     198  4  2  2 1 1 1
     199  4  2  3 1 1 1
     200  4  2  4 1 1 1
     201  4  3  1 1 1 1
     202  4  3  2 1 1 1
     203  4  3  3 1 1 1
     204  4  3  4 1 1 1
     205  4  4  1 1 1 1
     206  4  4  2 1 1 1
     207  4  4  3 1 1 1
     208  4  4  4 1 1 1
     209  4  5  1 1 1 1
     210  4  5  2 1 1 1
     211  4  5  3 1 1 1
     212  4  5  4 1 1 1
     213  4  6  1 1 1 1
     214  4  6  2 1 1 1
     215  4  6  3 1 1 1
     216  4  6  4 1 1 1
     217  4  7  1 1 1 1
     218  4  7  2 1 1 1
     219  4  7  3 1 1 1
     220  4  7  4 1 1 1
     221  4  8  1 1 1 1
     222  4  8  2 1 1 1
     223  4  8  3 1 1 1
     224  4  8  4 1 1 1
     225  4  9  1 1 1 1
     226  4  9  2 1 1 1
     227  4  9  3 1 1 1
     228  4  9  4 1 1 1
     229  4  10  1 1 1 1
     230  4  10  2 1 1 1
     231  4  10  3 1 1 1
     232  4  10  4 1 1 1
     233  4  11  1 1 1 1
     234  4  11  2 1 1 1
     235  4  11  3 1 1 1
     236  4  11  4 1 1 1
     237  4  12  1 1 1 1
     238  4  12  2 1 1 1
     239  4  12  3 1 1 1
     240  4  12  4 1 1 1
     241  4  13  1 1 1 1
     242  4  13  2 1 1 1
     243  4  13  3 1 1 1
     244  4  13  4 1 1 1
     245  4  14  1 1 1 1
     246  4  14  2 1 1 1
     247  4  14  3 1 1 1
     248  4  14  4 1 1 1
     249  4  15  1 1 1 1
     250  4  15  2 1 1 1
     251  4  15  3 1 1 1
     252  4  15  4 1 1 1
     253  4  16  1 1 1 1
     254  4  16  2 1 1 1
     255  4  16  3 1 1 1
     256  4  16  4 1 1 1
     257  5  1  1 1 1 1
     258  5  1  2 1 1 1
     259  5  1  3 1 1 1
     260  5  1  4 1 1 1
     261  5  2  1 1 1 1
     262  5  2  2 1 1 1
     263  5  2  3 1 1 1
     264  5  2  4 1 1 1
     265  5  3  1 1 1 1
     266  5  3  2 1 1 1
     267  5  3  3 1 1 1
     268  5  3  4 1 1 1
     269  5  4  1 1 1 1
     270  5  4  2 1 1 1
     271  5  4  3 1 1 1
     272  5  4  4 1 1 1
     273  5  5  1 1 1 1
     274  5  5  2 1 1 1
     275  5  5  3 1 1 1
     276  5  5  4 1 1 1
     277  5  6  1 1 1 1
     278  5  6  2 1 1 1
     279  5  6  3 1 1 1
     280  5  6  4 1 1 1
     281  5  7  1 1 1 1
     282  5  7  2 1 1 1
     283  5  7  3 1 1 1
     284  5  7  4 1 1 1
     285  5  8  1 1 1 1
     286  5  8  2 1 1 1
     287  5  8  3 1 1 1
     288  5  8  4 1 1 1
     289  5  9  1 1 1 1
     290  5  9  2 1 1 1
     291  5  9  3 1 1 1
     292  5  9  4 1 1 1
     293  5  10  1 1 1 1
     294  5  10  2 1 1 1
     295  5  10  3 1 1 1
     296  5  10  4 1 1 1
     297  5  11  1 1 1 1
     298  5  11  2 1 1 1
     299  5  11  3 1 1 1
     300  5  11  4 1 1 1
     301  5  12  1 1 1 1
     302  5  12  2 1 1 1
     303  5  12  3 1 1 1
     304  5  12  4 1 1 1
     305  5  13  1 1 1 1
     306  5  13  2 1 1 1
     307  5  13  3 1 1 1
     308  5  13  4 1 1 1
     309  5  14  1 1 1 1
     310  5  14  2 1 1 1
     311  5  14  3 1 1 1
     312  5  14  4 1 1 1
     313  5  15  1 1 1 1
     314  5  15  2 1 1 1
     315  5  15  3 1 1 1
     316  5  15  4 1 1 1
     317  5  16  1 1 1 1
     318  5  16  2 1 1 1
     319  5  16  3 1 1 1
     320  5  16  4 1 1 1
     321  6  1  1 1 1 1
     322  6  1  2 1 1 1
     323  6  1  3 1 1 1
     324  6  1  4 1 1 1
     325  6  2  1 1 1 1
     326  6  2  2 1 1 1
     327  6  2  3 1 1 1
     328  6  2  4 1 1 1
     329  6  3  1 1 1 1
     330  6  3  2 1 1 1
     331  6  3  3 1 1 1
     332  6  3  4 1 1 1
     333  6  4  1 1 1 1
     334  6  4  2 1 1 1
     335  6  4  3 1 1 1
     336  6  4  4 1 1 1
     337  6  5  1 1 1 1
     338  6  5  2 1 1 1
     339  6  5  3 1 1 1
     340  6  5  4 1 1 1
     341  6  6  1 1 1 1
     342  6  6  2 1 1 1
     343  6  6  3 1 1 1
     344  6  6  4 1 1 1
     345  6  7  1 1 1 1
     346  6  7  2 1 1 1
     347  6  7  3 1 1 1
     348  6  7  4 1 1 1
     349  6  8  1 1 1 1
     350  6  8  2 1 1 1
     351  6  8  3 1 1 1
     352  6  8  4 1 1 1
     353  6  9  1 1 1 1
     354  6  9  2 1 1 1
     355  6  9  3 1 1 1
     356  6  9  4 1 1 1
     357  6  10  1 1 1 1
     358  6  10  2 1 1 1
     359  6  10  3 1 1 1
     360  6  10  4 1 1 1
     361  6  11  1 1 1 1
     362  6  11  2 1 1 1
     363  6  11  3 1 1 1
     364  6  11  4 1 1 1
     365  6  12  1 1 1 1
     366  6  12  2 1 1 1
     367  6  12  3 1 1 1
     368  6  12  4 1 1 1
     369  6  13  1 1 1 1
     370  6  13  2 1 1 1
     371  6  13  3 1 1 1
     372  6  13  4 1 1 1
     373  6  14  1 1 1 1
     374  6  14  2 1 1 1
     375  6  14  3 1 1 1
     376  6  14  4 1 1 1
     377  6  15  1 1 1 1
     378  6  15  2 1 1 1
     379  6  15  3 1 1 1
     380  6  15  4 1 1 1
     381  6  16  1 1 1 1
     382  6  16  2 1 1 1
     383  6  16  3 1 1 1
     384  6  16  4 1 1 1
     385  7  1  1 1 1 1
     386  7  1  2 1 1 1
     387  7  1  3 1 1 1
     388  7  1  4 1 1 1
     389  7  2  1 1 1 1
     390  7  2  2 1 1 1
     391  7  2  3 1 1 1
     392  7  2  4 1 1 1
     393  7  3  1 1 1 1
     394  7  3  2 1 1 1
     395  7  3  3 1 1 1
     396  7  3  4 1 1 1
     397  7  4  1 1 1 1
     398  7  4  2 1 1 1
     399  7  4  3 1 1 1
     400  7  4  4 1 1 1
     401  7  5  1 1 1 1
     402  7  5  2 1 1 1
     403  7  5  3 1 1 1
     404  7  5  4 1 1 1
     405  7  6  1 1 1 1
     406  7  6  2 1 1 1
     407  7  6  3 1 1 1
     408  7  6  4 1 1 1
     409  7  7  1 1 1 1
     410  7  7  2 1 1 1
     411  7  7  3 1 1 1
     412  7  7  4 1 1 1
     413  7  8  1 1 1 1
     414  7  8  2 1 1 1
     415  7  8  3 1 1 1
     416  7  8  4 1 1 1
     417  7  9  1 1 1 1
     418  7  9  2 1 1 1
     419  7  9  3 1 1 1
     420  7  9  4 1 1 1
     421  7  10  1 1 1 1
     422  7  10  2 1 1 1
     423  7  10  3 1 1 1
     424  7  10  4 1 1 1
     425  7  11  1 1 1 1
     426  7  11  2 1 1 1
     427  7  11  3 1 1 1
     428  7  11  4 1 1 1
     429  7  12  1 1 1 1
     430  7  12  2 1 1 1
     431  7  12  3 1 1 1
     432  7  12  4 1 1 1
     433  7  13  1 1 1 1
     434  7  13  2 1 1 1
     435  7  13  3 1 1 1
     436  7  13  4 1 1 1
     437  7  14  1 1 1 1
     438  7  14  2 1 1 1
     439  7  14  3 1 1 1
     440  7  14  4 1 1 1
     441  7  15  1 1 1 1
     442  7  15  2 1 1 1
     443  7  15  3 1 1 1
     444  7  15  4 1 1 1
     445  7  16  1 1 1 1
     446  7  16  2 1 1 1
     447  7  16  3 1 1 1
     448  7  16  4 1 1 1
     449  8  1  1 1 1 1
     450  8  1  2 1 1 1
     451  8  1  3 1 1 1
     452  8  1  4 1 1 1
     453  8  2  1 1 1 1
     454  8  2  2 1 1 1
     455  8  2  3 1 1 1
     456  8  2  4 1 1 1
     457  8  3  1 1 1 1
     458  8  3  2 1 1 1
     459  8  3  3 1 1 1
     460  8  3  4 1 1 1
     461  8  4  1 1 1 1
     462  8  4  2 1 1 1
     463  8  4  3 1 1 1
     464  8  4  4 1 1 1
     465  8  5  1 1 1 1
     466  8  5  2 1 1 1
     467  8  5  3 1 1 1
     468  8  5  4 1 1 1
     469  8  6  1 1 1 1
     470  8  6  2 1 1 1
     471  8  6  3 1 1 1
     472  8  6  4 1 1 1
     473  8  7  1 1 1 1
     474  8  7  2 1 1 1
     475  8  7  3 1 1 1
     476  8  7  4 1 1 1
     477  8  8  1 1 1 1
     478  8  8  2 1 1 1
     479  8  8  3 1 1 1
     480  8  8  4 1 1 1
     481  8  9  1 1 1 1
     482  8  9  2 1 1 1
     483  8  9  3 1 1 1
     484  8  9  4 1 1 1
     485  8  10  1 1 1 1
     486  8  10  2 1 1 1
     487  8  10  3 1 1 1
     488  8  10  4 1 1 1
     489  8  11  1 1 1 1
     490  8  11  2 1 1 1
     491  8  11  3 1 1 1
     492  8  11  4 1 1 1
     493  8  12  1 1 1 1
     494  8  12  2 1 1 1
     495  8  12  3 1 1 1
     496  8  12  4 1 1 1
     497  8  13  1 1 1 1
     498  8  13  2 1 1 1
     499  8  13  3 1 1 1
     500  8  13  4 1 1 1
     501  8  14  1 1 1 1
     502  8  14  2 1 1 1
     503  8  14  3 1 1 1
     504  8  14  4 1 1 1
     505  8  15  1 1 1 1
     506  8  15  2 1 1 1
     507  8  15  3 1 1 1
     508  8  15  4 1 1 1
     509  8  16  1 1 1 1
     510  8  16  2 1 1 1
     511  8  16  3 1 1 1
     512  8  16  4 1 1 1
     513  9  1  1 1 1 1
     514  9  1  2 1 1 1
     515  9  1  3 1 1 1
     516  9  1  4 1 1 1
     517  9  2  1 1 1 1
     518  9  2  2 1 1 1
     519  9  2  3 1 1 1
     520  9  2  4 1 1 1
     521  9  3  1 1 1 1
     522  9  3  2 1 1 1
     523  9  3  3 1 1 1
     524  9  3  4 1 1 1
     525  9  4  1 1 1 1
     526  9  4  2 1 1 1
     527  9  4  3 1 1 1
     528  9  4  4 1 1 1
     529  9  5  1 1 1 1
     530  9  5  2 1 1 1
     531  9  5  3 1 1 1
     532  9  5  4 1 1 1
     533  9  6  1 1 1 1
     534  9  6  2 1 1 1
     535  9  6  3 1 1 1
     536  9  6  4 1 1 1
     537  9  7  1 1 1 1
     538  9  7  2 1 1 1
     539  9  7  3 1 1 1
     540  9  7  4 1 1 1
     541  9  8  1 1 1 1
     542  9  8  2 1 1 1
     543  9  8  3 1 1 1
     544  9  8  4 1 1 1
     545  9  9  1 1 1 1
     546  9  9  2 1 1 1
     547  9  9  3 1 1 1
     548  9  9  4 1 1 1
     549  9  10  1 1 1 1
     550  9  10  2 1 1 1
     551  9  10  3 1 1 1
     552  9  10  4 1 1 1
     553  9  11  1 1 1 1
     554  9  11  2 1 1 1
     555  9  11  3 1 1 1
     556  9  11  4 1 1 1
     557  9  12  1 1 1 1
     558  9  12  2 1 1 1
     559  9  12  3 1 1 1
     560  9  12  4 1 1 1
     561  9  13  1 1 1 1
     562  9  13  2 1 1 1
     563  9  13  3 1 1 1
     564  9  13  4 1 1 1
     565  9  14  1 1 1 1
     566  9  14  2 1 1 1
     567  9  14  3 1 1 1
     568  9  14  4 1 1 1
     569  9  15  1 1 1 1
     570  9  15  2 1 1 1
     571  9  15  3 1 1 1
     572  9  15  4 1 1 1
     573  9  16  1 1 1 1
     574  9  16  2 1 1 1
     575  9  16  3 1 1 1
     576  9  16  4 1 1 1
     577  10  1  1 1 1 1
     578  10  1  2 1 1 1
     579  10  1  3 1 1 1
     580  10  1  4 1 1 1
     581  10  2  1 1 1 1
     582  10  2  2 1 1 1
     583  10  2  3 1 1 1
     584  10  2  4 1 1 1
     585  10  3  1 1 1 1
     586  10  3  2 1 1 1
     587  10  3  3 1 1 1
     588  10  3  4 1 1 1
     589  10  4  1 1 1 1
     590  10  4  2 1 1 1
     591  10  4  3 1 1 1
     592  10  4  4 1 1 1
     593  10  5  1 1 1 1
     594  10  5  2 1 1 1
     595  10  5  3 1 1 1
     596  10  5  4 1 1 1
     597  10  6  1 1 1 1
     598  10  6  2 1 1 1
     599  10  6  3 1 1 1
     600  10  6  4 1 1 1
     601  10  7  1 1 1 1
     602  10  7  2 1 1 1
     603  10  7  3 1 1 1
     604  10  7  4 1 1 1
     605  10  8  1 1 1 1
     606  10  8  2 1 1 1
     607  10  8  3 1 1 1
     608  10  8  4 1 1 1
     609  10  9  1 1 1 1
     610  10  9  2 1 1 1
     611  10  9  3 1 1 1
     612  10  9  4 1 1 1
     613  10  10  1 1 1 1
     614  10  10  2 1 1 1
     615  10  10  3 1 1 1
     616  10  10  4 1 1 1
     617  10  11  1 1 1 1
     618  10  11  2 1 1 1
     619  10  11  3 1 1 1
     620  10  11  4 1 1 1
     621  10  12  1 1 1 1
     622  10  12  2 1 1 1
     623  10  12  3 1 1 1
     624  10  12  4 1 1 1
     625  10  13  1 1 1 1
     626  10  13  2 1 1 1
     627  10  13  3 1 1 1
     628  10  13  4 1 1 1
     629  10  14  1 1 1 1
     630  10  14  2 1 1 1
     631  10  14  3 1 1 1
     632  10  14  4 1 1 1
     633  10  15  1 1 1 1
     634  10  15  2 1 1 1
     635  10  15  3 1 1 1
     636  10  15  4 1 1 1
     637  10  16  1 1 1 1
     638  10  16  2 1 1 1
     639  10  16  3 1 1 1
     640  10  16  4 1 1 1
     641  11  1  1 1 1 1
     642  11  1  2 1 1 1
     643  11  1  3 1 1 1
     644  11  1  4 1 1 1
     645  11  2  1 1 1 1
     646  11  2  2 1 1 1
     647  11  2  3 1 1 1
     648  11  2  4 1 1 1
     649  11  3  1 1 1 1
     650  11  3  2 1 1 1
     651  11  3  3 1 1 1
     652  11  3  4 1 1 1
     653  11  4  1 1 1 1
     654  11  4  2 1 1 1
     655  11  4  3 1 1 1
     656  11  4  4 1 1 1
     657  11  5  1 1 1 1
     658  11  5  2 1 1 1
     659  11  5  3 1 1 1
     660  11  5  4 1 1 1
     661  11  6  1 1 1 1
     662  11  6  2 1 1 1
     663  11  6  3 1 1 1
     664  11  6  4 1 1 1
     665  11  7  1 1 1 1
     666  11  7  2 1 1 1
     667  11  7  3 1 1 1
     668  11  7  4 1 1 1
     669  11  8  1 1 1 1
     670  11  8  2 1 1 1
     671  11  8  3 1 1 1
     672  11  8  4 1 1 1
     673  11  9  1 1 1 1
     674  11  9  2 1 1 1
     675  11  9  3 1 1 1
     676  11  9  4 1 1 1
     677  11  10  1 1 1 1
     678  11  10  2 1 1 1
     679  11  10  3 1 1 1
     680  11  10  4 1 1 1
     681  11  11  1 1 1 1
     682  11  11  2 1 1 1
     683  11  11  3 1 1 1
     684  11  11  4 1 1 1
     685  11  12  1 1 1 1
     686  11  12  2 1 1 1
     687  11  12  3 1 1 1
     688  11  12  4 1 1 1
     689  11  13  1 1 1 1
     690  11  13  2 1 1 1
     691  11  13  3 1 1 1
     692  11  13  4 1 1 1
     693  11  14  1 1 1 1
     694  11  14  2 1 1 1
     695  11  14  3 1 1 1
     696  11  14  4 1 1 1
     697  11  15  1 1 1 1
     698  11  15  2 1 1 1
     699  11  15  3 1 1 1
     700  11  15  4 1 1 1
     701  11  16  1 1 1 1
     702  11  16  2 1 1 1
     703  11  16  3 1 1 1
     704  11  16  4 1 1 1
     705  12  1  1 1 1 1
     706  12  1  2 1 1 1
     707  12  1  3 1 1 1
     708  12  1  4 1 1 1
     709  12  2  1 1 1 1
     710  12  2  2 1 1 1
     711  12  2  3 1 1 1
     712  12  2  4 1 1 1
     713  12  3  1 1 1 1
     714  12  3  2 1 1 1
     715  12  3  3 1 1 1
     716  12  3  4 1 1 1
     717  12  4  1 1 1 1
     718  12  4  2 1 1 1
     719  12  4  3 1 1 1
     720  12  4  4 1 1 1
     721  12  5  1 1 1 1
     722  12  5  2 1 1 1
     723  12  5  3 1 1 1
     724  12  5  4 1 1 1
     725  12  6  1 1 1 1
     726  12  6  2 1 1 1
     727  12  6  3 1 1 1
     728  12  6  4 1 1 1
     729  12  7  1 1 1 1
     730  12  7  2 1 1 1
     731  12  7  3 1 1 1
     732  12  7  4 1 1 1
     733  12  8  1 1 1 1
     734  12  8  2 1 1 1
     735  12  8  3 1 1 1
     736  12  8  4 1 1 1
     737  12  9  1 1 1 1
     738  12  9  2 1 1 1
     739  12  9  3 1 1 1
     740  12  9  4 1 1 1
     741  12  10  1 1 1 1
     742  12  10  2 1 1 1
     743  12  10  3 1 1 1
     744  12  10  4 1 1 1
     745  12  11  1 1 1 1
     746  12  11  2 1 1 1
     747  12  11  3 1 1 1
     748  12  11  4 1 1 1
     749  12  12  1 1 1 1
     750  12  12  2 1 1 1
     751  12  12  3 1 1 1
     752  12  12  4 1 1 1
     753  12  13  1 1 1 1
     754  12  13  2 1 1 1
     755  12  13  3 1 1 1
     756  12  13  4 1 1 1
     757  12  14  1 1 1 1
     758  12  14  2 1 1 1
     759  12  14  3 1 1 1
     760  12  14  4 1 1 1
     761  12  15  1 1 1 1
     762  12  15  2 1 1 1
     763  12  15  3 1 1 1
     764  12  15  4 1 1 1
     765  12  16  1 1 1 1
     766  12  16  2 1 1 1
     767  12  16  3 1 1 1
     768  12  16  4 1 1 1
     769  13  1  1 1 1 1
     770  13  1  2 1 1 1
     771  13  1  3 1 1 1
     772  13  1  4 1 1 1
     773  13  2  1 1 1 1
     774  13  2  2 1 1 1
     775  13  2  3 1 1 1
     776  13  2  4 1 1 1
     777  13  3  1 1 1 1
     778  13  3  2 1 1 1
     779  13  3  3 1 1 1
     780  13  3  4 1 1 1
     781  13  4  1 1 1 1
     782  13  4  2 1 1 1
     783  13  4  3 1 1 1
     784  13  4  4 1 1 1
     785  13  5  1 1 1 1
     786  13  5  2 1 1 1
     787  13  5  3 1 1 1
     788  13  5  4 1 1 1
     789  13  6  1 1 1 1
     790  13  6  2 1 1 1
     791  13  6  3 1 1 1
     792  13  6  4 1 1 1
     793  13  7  1 1 1 1
     794  13  7  2 1 1 1
     795  13  7  3 1 1 1
     796  13  7  4 1 1 1
     797  13  8  1 1 1 1
     798  13  8  2 1 1 1
     799  13  8  3 1 1 1
     800  13  8  4 1 1 1
     801  13  9  1 1 1 1
     802  13  9  2 1 1 1
     803  13  9  3 1 1 1
     804  13  9  4 1 1 1
     805  13  10  1 1 1 1
     806  13  10  2 1 1 1
     807  13  10  3 1 1 1
     808  13  10  4 1 1 1
     809  13  11  1 1 1 1
     810  13  11  2 1 1 1
     811  13  11  3 1 1 1
     812  13  11  4 1 1 1
     813  13  12  1 1 1 1
     814  13  12  2 1 1 1
     815  13  12  3 1 1 1
     816  13  12  4 1 1 1
     817  13  13  1 1 1 1
     818  13  13  2 1 1 1
     819  13  13  3 1 1 1
     820  13  13  4 1 1 1
     821  13  14  1 1 1 1
     822  13  14  2 1 1 1
     823  13  14  3 1 1 1
     824  13  14  4 1 1 1
     825  13  15  1 1 1 1
     826  13  15  2 1 1 1
     827  13  15  3 1 1 1
     828  13  15  4 1 1 1
     829  13  16  1 1 1 1
     830  13  16  2 1 1 1
     831  13  16  3 1 1 1
     832  13  16  4 1 1 1
     833  14  1  1 1 1 1
     834  14  1  2 1 1 1
     835  14  1  3 1 1 1
     836  14  1  4 1 1 1
     837  14  2  1 1 1 1
     838  14  2  2 1 1 1
     839  14  2  3 1 1 1
     840  14  2  4 1 1 1
     841  14  3  1 1 1 1
     842  14  3  2 1 1 1
     843  14  3  3 1 1 1
     844  14  3  4 1 1 1
     845  14  4  1 1 1 1
     846  14  4  2 1 1 1
     847  14  4  3 1 1 1
     848  14  4  4 1 1 1
     849  14  5  1 1 1 1
     850  14  5  2 1 1 1
     851  14  5  3 1 1 1
     852  14  5  4 1 1 1
     853  14  6  1 1 1 1
     854  14  6  2 1 1 1
     855  14  6  3 1 1 1
     856  14  6  4 1 1 1
     857  14  7  1 1 1 1
     858  14  7  2 1 1 1
     859  14  7  3 1 1 1
     860  14  7  4 1 1 1
     861  14  8  1 1 1 1
     862  14  8  2 1 1 1
     863  14  8  3 1 1 1
     864  14  8  4 1 1 1
     865  14  9  1 1 1 1
     866  14  9  2 1 1 1
     867  14  9  3 1 1 1
     868  14  9  4 1 1 1
     869  14  10  1 1 1 1
     870  14  10  2 1 1 1
     871  14  10  3 1 1 1
     872  14  10  4 1 1 1
     873  14  11  1 1 1 1
     874  14  11  2 1 1 1
     875  14  11  3 1 1 1
     876  14  11  4 1 1 1
     877  14  12  1 1 1 1
     878  14  12  2 1 1 1
     879  14  12  3 1 1 1
     880  14  12  4 1 1 1
     881  14  13  1 1 1 1
     882  14  13  2 1 1 1
     883  14  13  3 1 1 1
     884  14  13  4 1 1 1
     885  14  14  1 1 1 1
     886  14  14  2 1 1 1
     887  14  14  3 1 1 1
     888  14  14  4 1 1 1
     889  14  15  1 1 1 1
     890  14  15  2 1 1 1
     891  14  15  3 1 1 1
     892  14  15  4 1 1 1
     893  14  16  1 1 1 1
     894  14  16  2 1 1 1
     895  14  16  3 1 1 1
     896  14  16  4 1 1 1
     897  15  1  1 1 1 1
     898  15  1  2 1 1 1
     899  15  1  3 1 1 1
     900  15  1  4 1 1 1
     901  15  2  1 1 1 1
     902  15  2  2 1 1 1
     903  15  2  3 1 1 1
     904  15  2  4 1 1 1
     905  15  3  1 1 1 1
     906  15  3  2 1 1 1
     907  15  3  3 1 1 1
     908  15  3  4 1 1 1
     909  15  4  1 1 1 1
     910  15  4  2 1 1 1
     911  15  4  3 1 1 1
     912  15  4  4 1 1 1
     913  15  5  1 1 1 1
     914  15  5  2 1 1 1
     915  15  5  3 1 1 1
     916  15  5  4 1 1 1
     917  15  6  1 1 1 1
     918  15  6  2 1 1 1
     919  15  6  3 1 1 1
     920  15  6  4 1 1 1
     921  15  7  1 1 1 1
     922  15  7  2 1 1 1
     923  15  7  3 1 1 1
     924  15  7  4 1 1 1
     925  15  8  1 1 1 1
     926  15  8  2 1 1 1
     927  15  8  3 1 1 1
     928  15  8  4 1 1 1
     929  15  9  1 1 1 1
     930  15  9  2 1 1 1
     931  15  9  3 1 1 1
     932  15  9  4 1 1 1
     933  15  10  1 1 1 1
     934  15  10  2 1 1 1
     935  15  10  3 1 1 1
     936  15  10  4 1 1 1
     937  15  11  1 1 1 1
     938  15  11  2 1 1 1
     939  15  11  3 1 1 1
     940  15  11  4 1 1 1
     941  15  12  1 1 1 1
     942  15  12  2 1 1 1
     943  15  12  3 1 1 1
     944  15  12  4 1 1 1
     945  15  13  1 1 1 1
     946  15  13  2 1 1 1
     947  15  13  3 1 1 1
     948  15  13  4 1 1 1
     949  15  14  1 1 1 1
     950  15  14  2 1 1 1
     951  15  14  3 1 1 1
     952  15  14  4 1 1 1
     953  15  15  1 1 1 1
     954  15  15  2 1 1 1
     955  15  15  3 1 1 1
     956  15  15  4 1 1 1
     957  15  16  1 1 1 1
     958  15  16  2 1 1 1
     959  15  16  3 1 1 1
     960  15  16  4 1 1 1
     961  16  1  1 1 1 1
     962  16  1  2 1 1 1
     963  16  1  3 1 1 1
     964  16  1  4 1 1 1
     965  16  2  1 1 1 1
     966  16  2  2 1 1 1
     967  16  2  3 1 1 1
     968  16  2  4 1 1 1
     969  16  3  1 1 1 1
     970  16  3  2 1 1 1
     971  16  3  3 1 1 1
     972  16  3  4 1 1 1
     973  16  4  1 1 1 1
     974  16  4  2 1 1 1
     975  16  4  3 1 1 1
     976  16  4  4 1 1 1
     977  16  5  1 1 1 1
     978  16  5  2 1 1 1
     979  16  5  3 1 1 1
     980  16  5  4 1 1 1
     981  16  6  1 1 1 1
     982  16  6  2 1 1 1
     983  16  6  3 1 1 1
     984  16  6  4 1 1 1
     985  16  7  1 1 1 1
     986  16  7  2 1 1 1
     987  16  7  3 1 1 1
     988  16  7  4 1 1 1
     989  16  8  1 1 1 1
     990  16  8  2 1 1 1
     991  16  8  3 1 1 1
     992  16  8  4 1 1 1
     993  16  9  1 1 1 1
     994  16  9  2 1 1 1
     995  16  9  3 1 1 1
     996  16  9  4 1 1 1
     997  16  10  1 1 1 1
     998  16  10  2 1 1 1
     999  16  10  3 1 1 1
     1000  16  10  4 1 1 1
     1001  16  11  1 1 1 1
     1002  16  11  2 1 1 1
     1003  16  11  3 1 1 1
     1004  16  11  4 1 1 1
     1005  16  12  1 1 1 1
     1006  16  12  2 1 1 1
     1007  16  12  3 1 1 1
     1008  16  12  4 1 1 1
     1009  16  13  1 1 1 1
     1010  16  13  2 1 1 1
     1011  16  13  3 1 1 1
     1012  16  13  4 1 1 1
     1013  16  14  1 1 1 1
     1014  16  14  2 1 1 1
     1015  16  14  3 1 1 1
     1016  16  14  4 1 1 1
     1017  16  15  1 1 1 1
     1018  16  15  2 1 1 1
     1019  16  15  3 1 1 1
     1020  16  15  4 1 1 1
     1021  16  16  1 1 1 1
     1022  16  16  2 1 1 1
     1023  16  16  3 1 1 1
     1024  16  16  4 1 1 1
     1025  17  1  1 1 1 1
     1026  17  1  2 1 1 1
     1027  17  1  3 1 1 1
     1028  17  1  4 1 1 1
     1029  17  2  1 1 1 1
     1030  17  2  2 1 1 1
     1031  17  2  3 1 1 1
     1032  17  2  4 1 1 1
     1033  17  3  1 1 1 1
     1034  17  3  2 1 1 1
     1035  17  3  3 1 1 1
     1036  17  3  4 1 1 1
     1037  17  4  1 1 1 1
     1038  17  4  2 1 1 1
     1039  17  4  3 1 1 1
     1040  17  4  4 1 1 1
     1041  17  5  1 1 1 1
     1042  17  5  2 1 1 1
     1043  17  5  3 1 1 1
     1044  17  5  4 1 1 1
     1045  17  6  1 1 1 1
     1046  17  6  2 1 1 1
     1047  17  6  3 1 1 1
     1048  17  6  4 1 1 1
     1049  17  7  1 1 1 1
     1050  17  7  2 1 1 1
     1051  17  7  3 1 1 1
     1052  17  7  4 1 1 1
     1053  17  8  1 1 1 1
     1054  17  8  2 1 1 1
     1055  17  8  3 1 1 1
     1056  17  8  4 1 1 1
     1057  17  9  1 1 1 1
     1058  17  9  2 1 1 1
     1059  17  9  3 1 1 1
     1060  17  9  4 1 1 1
     1061  17  10  1 1 1 1
     1062  17  10  2 1 1 1
     1063  17  10  3 1 1 1
     1064  17  10  4 1 1 1
     1065  17  11  1 1 1 1
     1066  17  11  2 1 1 1
     1067  17  11  3 1 1 1
     1068  17  11  4 1 1 1
     1069  17  12  1 1 1 1
     1070  17  12  2 1 1 1
     1071  17  12  3 1 1 1
     1072  17  12  4 1 1 1
     1073  17  13  1 1 1 1
     1074  17  13  2 1 1 1
     1075  17  13  3 1 1 1
     1076  17  13  4 1 1 1
     1077  17  14  1 1 1 1
     1078  17  14  2 1 1 1
     1079  17  14  3 1 1 1
     1080  17  14  4 1 1 1
     1081  17  15  1 1 1 1
     1082  17  15  2 1 1 1
     1083  17  15  3 1 1 1
     1084  17  15  4 1 1 1
     1085  17  16  1 1 1 1
     1086  17  16  2 1 1 1
     1087  17  16  3 1 1 1
     1088  17  16  4 1 1 1
     1089  18  1  1 1 1 1
     1090  18  1  2 1 1 1
     1091  18  1  3 1 1 1
     1092  18  1  4 1 1 1
     1093  18  2  1 1 1 1
     1094  18  2  2 1 1 1
     1095  18  2  3 1 1 1
     1096  18  2  4 1 1 1
     1097  18  3  1 1 1 1
     1098  18  3  2 1 1 1
     1099  18  3  3 1 1 1
     1100  18  3  4 1 1 1
     1101  18  4  1 1 1 1
     1102  18  4  2 1 1 1
     1103  18  4  3 1 1 1
     1104  18  4  4 1 1 1
     1105  18  5  1 1 1 1
     1106  18  5  2 1 1 1
     1107  18  5  3 1 1 1
     1108  18  5  4 1 1 1
     1109  18  6  1 1 1 1
     1110  18  6  2 1 1 1
     1111  18  6  3 1 1 1
     1112  18  6  4 1 1 1
     1113  18  7  1 1 1 1
     1114  18  7  2 1 1 1
     1115  18  7  3 1 1 1
     1116  18  7  4 1 1 1
     1117  18  8  1 1 1 1
     1118  18  8  2 1 1 1
     1119  18  8  3 1 1 1
     1120  18  8  4 1 1 1
     1121  18  9  1 1 1 1
     1122  18  9  2 1 1 1
     1123  18  9  3 1 1 1
     1124  18  9  4 1 1 1
     1125  18  10  1 1 1 1
     1126  18  10  2 1 1 1
     1127  18  10  3 1 1 1
     1128  18  10  4 1 1 1
     1129  18  11  1 1 1 1
     1130  18  11  2 1 1 1
     1131  18  11  3 1 1 1
     1132  18  11  4 1 1 1
     1133  18  12  1 1 1 1
     1134  18  12  2 1 1 1
     1135  18  12  3 1 1 1
     1136  18  12  4 1 1 1
     1137  18  13  1 1 1 1
     1138  18  13  2 1 1 1
     1139  18  13  3 1 1 1
     1140  18  13  4 1 1 1
     1141  18  14  1 1 1 1
     1142  18  14  2 1 1 1
     1143  18  14  3 1 1 1
     1144  18  14  4 1 1 1
     1145  18  15  1 1 1 1
     1146  18  15  2 1 1 1
     1147  18  15  3 1 1 1
     1148  18  15  4 1 1 1
     1149  18  16  1 1 1 1
     1150  18  16  2 1 1 1
     1151  18  16  3 1 1 1
     1152  18  16  4 1 1 1
     1153  19  1  1 1 1 1
     1154  19  1  2 1 1 1
     1155  19  1  3 1 1 1
     1156  19  1  4 1 1 1
     1157  19  2  1 1 1 1
     1158  19  2  2 1 1 1
     1159  19  2  3 1 1 1
     1160  19  2  4 1 1 1
     1161  19  3  1 1 1 1
     1162  19  3  2 1 1 1
     1163  19  3  3 1 1 1
     1164  19  3  4 1 1 1
     1165  19  4  1 1 1 1
     1166  19  4  2 1 1 1
     1167  19  4  3 1 1 1
     1168  19  4  4 1 1 1
     1169  19  5  1 1 1 1
     1170  19  5  2 1 1 1
     1171  19  5  3 1 1 1
     1172  19  5  4 1 1 1
     1173  19  6  1 1 1 1
     1174  19  6  2 1 1 1
     1175  19  6  3 1 1 1
     1176  19  6  4 1 1 1
     1177  19  7  1 1 1 1
     1178  19  7  2 1 1 1
     1179  19  7  3 1 1 1
     1180  19  7  4 1 1 1
     1181  19  8  1 1 1 1
     1182  19  8  2 1 1 1
     1183  19  8  3 1 1 1
     1184  19  8  4 1 1 1
     1185  19  9  1 1 1 1
     1186  19  9  2 1 1 1
     1187  19  9  3 1 1 1
     1188  19  9  4 1 1 1
     1189  19  10  1 1 1 1
     1190  19  10  2 1 1 1
     1191  19  10  3 1 1 1
     1192  19  10  4 1 1 1
     1193  19  11  1 1 1 1
     1194  19  11  2 1 1 1
     1195  19  11  3 1 1 1
     1196  19  11  4 1 1 1
     1197  19  12  1 1 1 1
     1198  19  12  2 1 1 1
     1199  19  12  3 1 1 1
     1200  19  12  4 1 1 1
     1201  19  13  1 1 1 1
     1202  19  13  2 1 1 1
     1203  19  13  3 1 1 1
     1204  19  13  4 1 1 1
     1205  19  14  1 1 1 1
     1206  19  14  2 1 1 1
     1207  19  14  3 1 1 1
     1208  19  14  4 1 1 1
     1209  19  15  1 1 1 1
     1210  19  15  2 1 1 1
     1211  19  15  3 1 1 1
     1212  19  15  4 1 1 1
     1213  19  16  1 1 1 1
     1214  19  16  2 1 1 1
     1215  19  16  3 1 1 1
     1216  19  16  4 1 1 1
     1217  20  1  1 1 1 1
     1218  20  1  2 1 1 1
     1219  20  1  3 1 1 1
     1220  20  1  4 1 1 1
     1221  20  2  1 1 1 1
     1222  20  2  2 1 1 1
     1223  20  2  3 1 1 1
     1224  20  2  4 1 1 1
     1225  20  3  1 1 1 1
     1226  20  3  2 1 1 1
     1227  20  3  3 1 1 1
     1228  20  3  4 1 1 1
     1229  20  4  1 1 1 1
     1230  20  4  2 1 1 1
     1231  20  4  3 1 1 1
     1232  20  4  4 1 1 1
     1233  20  5  1 1 1 1
     1234  20  5  2 1 1 1
     1235  20  5  3 1 1 1
     1236  20  5  4 1 1 1
     1237  20  6  1 1 1 1
     1238  20  6  2 1 1 1
     1239  20  6  3 1 1 1
     1240  20  6  4 1 1 1
     1241  20  7  1 1 1 1
     1242  20  7  2 1 1 1
     1243  20  7  3 1 1 1
     1244  20  7  4 1 1 1
     1245  20  8  1 1 1 1
     1246  20  8  2 1 1 1
     1247  20  8  3 1 1 1
     1248  20  8  4 1 1 1
     1249  20  9  1 1 1 1
     1250  20  9  2 1 1 1
     1251  20  9  3 1 1 1
     1252  20  9  4 1 1 1
     1253  20  10  1 1 1 1
     1254  20  10  2 1 1 1
     1255  20  10  3 1 1 1
     1256  20  10  4 1 1 1
     1257  20  11  1 1 1 1
     1258  20  11  2 1 1 1
     1259  20  11  3 1 1 1
     1260  20  11  4 1 1 1
     1261  20  12  1 1 1 1
     1262  20  12  2 1 1 1
     1263  20  12  3 1 1 1
     1264  20  12  4 1 1 1
     1265  20  13  1 1 1 1
     1266  20  13  2 1 1 1
     1267  20  13  3 1 1 1
     1268  20  13  4 1 1 1
     1269  20  14  1 1 1 1
     1270  20  14  2 1 1 1
     1271  20  14  3 1 1 1
     1272  20  14  4 1 1 1
     1273  20  15  1 1 1 1
     1274  20  15  2 1 1 1
     1275  20  15  3 1 1 1
     1276  20  15  4 1 1 1
     1277  20  16  1 1 1 1
     1278  20  16  2 1 1 1
     1279  20  16  3 1 1 1
     1280  20  16  4 1 1 1
     1281  21  1  1 1 1 1
     1282  21  1  2 1 1 1
     1283  21  1  3 1 1 1
     1284  21  1  4 1 1 1
     1285  21  2  1 1 1 1
     1286  21  2  2 1 1 1
     1287  21  2  3 1 1 1
     1288  21  2  4 1 1 1
     1289  21  3  1 1 1 1
     1290  21  3  2 1 1 1
     1291  21  3  3 1 1 1
     1292  21  3  4 1 1 1
     1293  21  4  1 1 1 1
     1294  21  4  2 1 1 1
     1295  21  4  3 1 1 1
     1296  21  4  4 1 1 1
     1297  21  5  1 1 1 1
     1298  21  5  2 1 1 1
     1299  21  5  3 1 1 1
     1300  21  5  4 1 1 1
     1301  21  6  1 1 1 1
     1302  21  6  2 1 1 1
     1303  21  6  3 1 1 1
     1304  21  6  4 1 1 1
     1305  21  7  1 1 1 1
     1306  21  7  2 1 1 1
     1307  21  7  3 1 1 1
     1308  21  7  4 1 1 1
     1309  21  8  1 1 1 1
     1310  21  8  2 1 1 1
     1311  21  8  3 1 1 1
     1312  21  8  4 1 1 1
     1313  21  9  1 1 1 1
     1314  21  9  2 1 1 1
     1315  21  9  3 1 1 1
     1316  21  9  4 1 1 1
     1317  21  10  1 1 1 1
     1318  21  10  2 1 1 1
     1319  21  10  3 1 1 1
     1320  21  10  4 1 1 1
     1321  21  11  1 1 1 1
     1322  21  11  2 1 1 1
     1323  21  11  3 1 1 1
     1324  21  11  4 1 1 1
     1325  21  12  1 1 1 1
     1326  21  12  2 1 1 1
     1327  21  12  3 1 1 1
     1328  21  12  4 1 1 1
     1329  21  13  1 1 1 1
     1330  21  13  2 1 1 1
     1331  21  13  3 1 1 1
     1332  21  13  4 1 1 1
     1333  21  14  1 1 1 1
     1334  21  14  2 1 1 1
     1335  21  14  3 1 1 1
     1336  21  14  4 1 1 1
     1337  21  15  1 1 1 1
     1338  21  15  2 1 1 1
     1339  21  15  3 1 1 1
     1340  21  15  4 1 1 1
     1341  21  16  1 1 1 1
     1342  21  16  2 1 1 1
     1343  21  16  3 1 1 1
     1344  21  16  4 1 1 1
     1345  22  1  1 1 1 1
     1346  22  1  2 1 1 1
     1347  22  1  3 1 1 1
     1348  22  1  4 1 1 1
     1349  22  2  1 1 1 1
     1350  22  2  2 1 1 1
     1351  22  2  3 1 1 1
     1352  22  2  4 1 1 1
     1353  22  3  1 1 1 1
     1354  22  3  2 1 1 1
     1355  22  3  3 1 1 1
     1356  22  3  4 1 1 1
     1357  22  4  1 1 1 1
     1358  22  4  2 1 1 1
     1359  22  4  3 1 1 1
     1360  22  4  4 1 1 1
     1361  22  5  1 1 1 1
     1362  22  5  2 1 1 1
     1363  22  5  3 1 1 1
     1364  22  5  4 1 1 1
     1365  22  6  1 1 1 1
     1366  22  6  2 1 1 1
     1367  22  6  3 1 1 1
     1368  22  6  4 1 1 1
     1369  22  7  1 1 1 1
     1370  22  7  2 1 1 1
     1371  22  7  3 1 1 1
     1372  22  7  4 1 1 1
     1373  22  8  1 1 1 1
     1374  22  8  2 1 1 1
     1375  22  8  3 1 1 1
     1376  22  8  4 1 1 1
     1377  22  9  1 1 1 1
     1378  22  9  2 1 1 1
     1379  22  9  3 1 1 1
     1380  22  9  4 1 1 1
     1381  22  10  1 1 1 1
     1382  22  10  2 1 1 1
     1383  22  10  3 1 1 1
     1384  22  10  4 1 1 1
     1385  22  11  1 1 1 1
     1386  22  11  2 1 1 1
     1387  22  11  3 1 1 1
     1388  22  11  4 1 1 1
     1389  22  12  1 1 1 1
     1390  22  12  2 1 1 1
     1391  22  12  3 1 1 1
     1392  22  12  4 1 1 1
     1393  22  13  1 1 1 1
     1394  22  13  2 1 1 1
     1395  22  13  3 1 1 1
     1396  22  13  4 1 1 1
     1397  22  14  1 1 1 1
     1398  22  14  2 1 1 1
     1399  22  14  3 1 1 1
     1400  22  14  4 1 1 1
     1401  22  15  1 1 1 1
     1402  22  15  2 1 1 1
     1403  22  15  3 1 1 1
     1404  22  15  4 1 1 1
     1405  22  16  1 1 1 1
     1406  22  16  2 1 1 1
     1407  22  16  3 1 1 1
     1408  22  16  4 1 1 1
     1409  23  1  1 1 1 1
     1410  23  1  2 1 1 1
     1411  23  1  3 1 1 1
     1412  23  1  4 1 1 1
     1413  23  2  1 1 1 1
     1414  23  2  2 1 1 1
     1415  23  2  3 1 1 1
     1416  23  2  4 1 1 1
     1417  23  3  1 1 1 1
     1418  23  3  2 1 1 1
     1419  23  3  3 1 1 1
     1420  23  3  4 1 1 1
     1421  23  4  1 1 1 1
     1422  23  4  2 1 1 1
     1423  23  4  3 1 1 1
     1424  23  4  4 1 1 1
     1425  23  5  1 1 1 1
     1426  23  5  2 1 1 1
     1427  23  5  3 1 1 1
     1428  23  5  4 1 1 1
     1429  23  6  1 1 1 1
     1430  23  6  2 1 1 1
     1431  23  6  3 1 1 1
     1432  23  6  4 1 1 1
     1433  23  7  1 1 1 1
     1434  23  7  2 1 1 1
     1435  23  7  3 1 1 1
     1436  23  7  4 1 1 1
     1437  23  8  1 1 1 1
     1438  23  8  2 1 1 1
     1439  23  8  3 1 1 1
     1440  23  8  4 1 1 1
     1441  23  9  1 1 1 1
     1442  23  9  2 1 1 1
     1443  23  9  3 1 1 1
     1444  23  9  4 1 1 1
     1445  23  10  1 1 1 1
     1446  23  10  2 1 1 1
     1447  23  10  3 1 1 1
     1448  23  10  4 1 1 1
     1449  23  11  1 1 1 1
     1450  23  11  2 1 1 1
     1451  23  11  3 1 1 1
     1452  23  11  4 1 1 1
     1453  23  12  1 1 1 1
     1454  23  12  2 1 1 1
     1455  23  12  3 1 1 1
     1456  23  12  4 1 1 1
     1457  23  13  1 1 1 1
     1458  23  13  2 1 1 1
     1459  23  13  3 1 1 1
     1460  23  13  4 1 1 1
     1461  23  14  1 1 1 1
     1462  23  14  2 1 1 1
     1463  23  14  3 1 1 1
     1464  23  14  4 1 1 1
     1465  23  15  1 1 1 1
     1466  23  15  2 1 1 1
     1467  23  15  3 1 1 1
     1468  23  15  4 1 1 1
     1469  23  16  1 1 1 1
     1470  23  16  2 1 1 1
     1471  23  16  3 1 1 1
     1472  23  16  4 1 1 1
     1473  24  1  1 1 1 1
     1474  24  1  2 1 1 1
     1475  24  1  3 1 1 1
     1476  24  1  4 1 1 1
     1477  24  2  1 1 1 1
     1478  24  2  2 1 1 1
     1479  24  2  3 1 1 1
     1480  24  2  4 1 1 1
     1481  24  3  1 1 1 1
     1482  24  3  2 1 1 1
     1483  24  3  3 1 1 1
     1484  24  3  4 1 1 1
     1485  24  4  1 1 1 1
     1486  24  4  2 1 1 1
     1487  24  4  3 1 1 1
     1488  24  4  4 1 1 1
     1489  24  5  1 1 1 1
     1490  24  5  2 1 1 1
     1491  24  5  3 1 1 1
     1492  24  5  4 1 1 1
     1493  24  6  1 1 1 1
     1494  24  6  2 1 1 1
     1495  24  6  3 1 1 1
     1496  24  6  4 1 1 1
     1497  24  7  1 1 1 1
     1498  24  7  2 1 1 1
     1499  24  7  3 1 1 1
     1500  24  7  4 1 1 1
     1501  24  8  1 1 1 1
     1502  24  8  2 1 1 1
     1503  24  8  3 1 1 1
     1504  24  8  4 1 1 1
     1505  24  9  1 1 1 1
     1506  24  9  2 1 1 1
     1507  24  9  3 1 1 1
     1508  24  9  4 1 1 1
     1509  24  10  1 1 1 1
     1510  24  10  2 1 1 1
     1511  24  10  3 1 1 1
     1512  24  10  4 1 1 1
     1513  24  11  1 1 1 1
     1514  24  11  2 1 1 1
     1515  24  11  3 1 1 1
     1516  24  11  4 1 1 1
     1517  24  12  1 1 1 1
     1518  24  12  2 1 1 1
     1519  24  12  3 1 1 1
     1520  24  12  4 1 1 1
     1521  24  13  1 1 1 1
     1522  24  13  2 1 1 1
     1523  24  13  3 1 1 1
     1524  24  13  4 1 1 1
     1525  24  14  1 1 1 1
     1526  24  14  2 1 1 1
     1527  24  14  3 1 1 1
     1528  24  14  4 1 1 1
     1529  24  15  1 1 1 1
     1530  24  15  2 1 1 1
     1531  24  15  3 1 1 1
     1532  24  15  4 1 1 1
     1533  24  16  1 1 1 1
     1534  24  16  2 1 1 1
     1535  24  16  3 1 1 1
     1536  24  16  4 1 1 1
     1537  25  1  1 1 1 1
     1538  25  1  2 1 1 1
     1539  25  1  3 1 1 1
     1540  25  1  4 1 1 1
     1541  25  2  1 1 1 1
     1542  25  2  2 1 1 1
     1543  25  2  3 1 1 1
     1544  25  2  4 1 1 1
     1545  25  3  1 1 1 1
     1546  25  3  2 1 1 1
     1547  25  3  3 1 1 1
     1548  25  3  4 1 1 1
     1549  25  4  1 1 1 1
     1550  25  4  2 1 1 1
     1551  25  4  3 1 1 1
     1552  25  4  4 1 1 1
     1553  25  5  1 1 1 1
     1554  25  5  2 1 1 1
     1555  25  5  3 1 1 1
     1556  25  5  4 1 1 1
     1557  25  6  1 1 1 1
     1558  25  6  2 1 1 1
     1559  25  6  3 1 1 1
     1560  25  6  4 1 1 1
     1561  25  7  1 1 1 1
     1562  25  7  2 1 1 1
     1563  25  7  3 1 1 1
     1564  25  7  4 1 1 1
     1565  25  8  1 1 1 1
     1566  25  8  2 1 1 1
     1567  25  8  3 1 1 1
     1568  25  8  4 1 1 1
     1569  25  9  1 1 1 1
     1570  25  9  2 1 1 1
     1571  25  9  3 1 1 1
     1572  25  9  4 1 1 1
     1573  25  10  1 1 1 1
     1574  25  10  2 1 1 1
     1575  25  10  3 1 1 1
     1576  25  10  4 1 1 1
     1577  25  11  1 1 1 1
     1578  25  11  2 1 1 1
     1579  25  11  3 1 1 1
     1580  25  11  4 1 1 1
     1581  25  12  1 1 1 1
     1582  25  12  2 1 1 1
     1583  25  12  3 1 1 1
     1584  25  12  4 1 1 1
     1585  25  13  1 1 1 1
     1586  25  13  2 1 1 1
     1587  25  13  3 1 1 1
     1588  25  13  4 1 1 1
     1589  25  14  1 1 1 1
     1590  25  14  2 1 1 1
     1591  25  14  3 1 1 1
     1592  25  14  4 1 1 1
     1593  25  15  1 1 1 1
     1594  25  15  2 1 1 1
     1595  25  15  3 1 1 1
     1596  25  15  4 1 1 1
     1597  25  16  1 1 1 1
     1598  25  16  2 1 1 1
     1599  25  16  3 1 1 1
     1600  25  16  4 1 1 1
     1601  26  1  1 1 1 1
     1602  26  1  2 1 1 1
     1603  26  1  3 1 1 1
     1604  26  1  4 1 1 1
     1605  26  2  1 1 1 1
     1606  26  2  2 1 1 1
     1607  26  2  3 1 1 1
     1608  26  2  4 1 1 1
     1609  26  3  1 1 1 1
     1610  26  3  2 1 1 1
     1611  26  3  3 1 1 1
     1612  26  3  4 1 1 1
     1613  26  4  1 1 1 1
     1614  26  4  2 1 1 1
     1615  26  4  3 1 1 1
     1616  26  4  4 1 1 1
     1617  26  5  1 1 1 1
     1618  26  5  2 1 1 1
     1619  26  5  3 1 1 1
     1620  26  5  4 1 1 1
     1621  26  6  1 1 1 1
     1622  26  6  2 1 1 1
     1623  26  6  3 1 1 1
     1624  26  6  4 1 1 1
     1625  26  7  1 1 1 1
     1626  26  7  2 1 1 1
     1627  26  7  3 1 1 1
     1628  26  7  4 1 1 1
     1629  26  8  1 1 1 1
     1630  26  8  2 1 1 1
     1631  26  8  3 1 1 1
     1632  26  8  4 1 1 1
     1633  26  9  1 1 1 1
     1634  26  9  2 1 1 1
     1635  26  9  3 1 1 1
     1636  26  9  4 1 1 1
     1637  26  10  1 1 1 1
     1638  26  10  2 1 1 1
     1639  26  10  3 1 1 1
     1640  26  10  4 1 1 1
     1641  26  11  1 1 1 1
     1642  26  11  2 1 1 1
     1643  26  11  3 1 1 1
     1644  26  11  4 1 1 1
     1645  26  12  1 1 1 1
     1646  26  12  2 1 1 1
     1647  26  12  3 1 1 1
     1648  26  12  4 1 1 1
     1649  26  13  1 1 1 1
     1650  26  13  2 1 1 1
     1651  26  13  3 1 1 1
     1652  26  13  4 1 1 1
     1653  26  14  1 1 1 1
     1654  26  14  2 1 1 1
     1655  26  14  3 1 1 1
     1656  26  14  4 1 1 1
     1657  26  15  1 1 1 1
     1658  26  15  2 1 1 1
     1659  26  15  3 1 1 1
     1660  26  15  4 1 1 1
     1661  26  16  1 1 1 1
     1662  26  16  2 1 1 1
     1663  26  16  3 1 1 1
     1664  26  16  4 1 1 1
     1665  27  1  1 1 1 1
     1666  27  1  2 1 1 1
     1667  27  1  3 1 1 1
     1668  27  1  4 1 1 1
     1669  27  2  1 1 1 1
     1670  27  2  2 1 1 1
     1671  27  2  3 1 1 1
     1672  27  2  4 1 1 1
     1673  27  3  1 1 1 1
     1674  27  3  2 1 1 1
     1675  27  3  3 1 1 1
     1676  27  3  4 1 1 1
     1677  27  4  1 1 1 1
     1678  27  4  2 1 1 1
     1679  27  4  3 1 1 1
     1680  27  4  4 1 1 1
     1681  27  5  1 1 1 1
     1682  27  5  2 1 1 1
     1683  27  5  3 1 1 1
     1684  27  5  4 1 1 1
     1685  27  6  1 1 1 1
     1686  27  6  2 1 1 1
     1687  27  6  3 1 1 1
     1688  27  6  4 1 1 1
     1689  27  7  1 1 1 1
     1690  27  7  2 1 1 1
     1691  27  7  3 1 1 1
     1692  27  7  4 1 1 1
     1693  27  8  1 1 1 1
     1694  27  8  2 1 1 1
     1695  27  8  3 1 1 1
     1696  27  8  4 1 1 1
     1697  27  9  1 1 1 1
     1698  27  9  2 1 1 1
     1699  27  9  3 1 1 1
     1700  27  9  4 1 1 1
     1701  27  10  1 1 1 1
     1702  27  10  2 1 1 1
     1703  27  10  3 1 1 1
     1704  27  10  4 1 1 1
     1705  27  11  1 1 1 1
     1706  27  11  2 1 1 1
     1707  27  11  3 1 1 1
     1708  27  11  4 1 1 1
     1709  27  12  1 1 1 1
     1710  27  12  2 1 1 1
     1711  27  12  3 1 1 1
     1712  27  12  4 1 1 1
     1713  27  13  1 1 1 1
     1714  27  13  2 1 1 1
     1715  27  13  3 1 1 1
     1716  27  13  4 1 1 1
     1717  27  14  1 1 1 1
     1718  27  14  2 1 1 1
     1719  27  14  3 1 1 1
     1720  27  14  4 1 1 1
     1721  27  15  1 1 1 1
     1722  27  15  2 1 1 1
     1723  27  15  3 1 1 1
     1724  27  15  4 1 1 1
     1725  27  16  1 1 1 1
     1726  27  16  2 1 1 1
     1727  27  16  3 1 1 1
     1728  27  16  4 1 1 1
     1729  28  1  1 1 1 1
     1730  28  1  2 1 1 1
     1731  28  1  3 1 1 1
     1732  28  1  4 1 1 1
     1733  28  2  1 1 1 1
     1734  28  2  2 1 1 1
     1735  28  2  3 1 1 1
     1736  28  2  4 1 1 1
     1737  28  3  1 1 1 1
     1738  28  3  2 1 1 1
     1739  28  3  3 1 1 1
     1740  28  3  4 1 1 1
     1741  28  4  1 1 1 1
     1742  28  4  2 1 1 1
     1743  28  4  3 1 1 1
     1744  28  4  4 1 1 1
     1745  28  5  1 1 1 1
     1746  28  5  2 1 1 1
     1747  28  5  3 1 1 1
     1748  28  5  4 1 1 1
     1749  28  6  1 1 1 1
     1750  28  6  2 1 1 1
     1751  28  6  3 1 1 1
     1752  28  6  4 1 1 1
     1753  28  7  1 1 1 1
     1754  28  7  2 1 1 1
     1755  28  7  3 1 1 1
     1756  28  7  4 1 1 1
     1757  28  8  1 1 1 1
     1758  28  8  2 1 1 1
     1759  28  8  3 1 1 1
     1760  28  8  4 1 1 1
     1761  28  9  1 1 1 1
     1762  28  9  2 1 1 1
     1763  28  9  3 1 1 1
     1764  28  9  4 1 1 1
     1765  28  10  1 1 1 1
     1766  28  10  2 1 1 1
     1767  28  10  3 1 1 1
     1768  28  10  4 1 1 1
     1769  28  11  1 1 1 1
     1770  28  11  2 1 1 1
     1771  28  11  3 1 1 1
     1772  28  11  4 1 1 1
     1773  28  12  1 1 1 1
     1774  28  12  2 1 1 1
     1775  28  12  3 1 1 1
     1776  28  12  4 1 1 1
     1777  28  13  1 1 1 1
     1778  28  13  2 1 1 1
     1779  28  13  3 1 1 1
     1780  28  13  4 1 1 1
     1781  28  14  1 1 1 1
     1782  28  14  2 1 1 1
     1783  28  14  3 1 1 1
     1784  28  14  4 1 1 1
     1785  28  15  1 1 1 1
     1786  28  15  2 1 1 1
     1787  28  15  3 1 1 1
     1788  28  15  4 1 1 1
     1789  28  16  1 1 1 1
     1790  28  16  2 1 1 1
     1791  28  16  3 1 1 1
     1792  28  16  4 1 1 1
     1793  29  1  1 1 1 1
     1794  29  1  2 1 1 1
     1795  29  1  3 1 1 1
     1796  29  1  4 1 1 1
     1797  29  2  1 1 1 1
     1798  29  2  2 1 1 1
     1799  29  2  3 1 1 1
     1800  29  2  4 1 1 1
     1801  29  3  1 1 1 1
     1802  29  3  2 1 1 1
     1803  29  3  3 1 1 1
     1804  29  3  4 1 1 1
     1805  29  4  1 1 1 1
     1806  29  4  2 1 1 1
     1807  29  4  3 1 1 1
     1808  29  4  4 1 1 1
     1809  29  5  1 1 1 1
     1810  29  5  2 1 1 1
     1811  29  5  3 1 1 1
     1812  29  5  4 1 1 1
     1813  29  6  1 1 1 1
     1814  29  6  2 1 1 1
     1815  29  6  3 1 1 1
     1816  29  6  4 1 1 1
     1817  29  7  1 1 1 1
     1818  29  7  2 1 1 1
     1819  29  7  3 1 1 1
     1820  29  7  4 1 1 1
     1821  29  8  1 1 1 1
     1822  29  8  2 1 1 1
     1823  29  8  3 1 1 1
     1824  29  8  4 1 1 1
     1825  29  9  1 1 1 1
     1826  29  9  2 1 1 1
     1827  29  9  3 1 1 1
     1828  29  9  4 1 1 1
     1829  29  10  1 1 1 1
     1830  29  10  2 1 1 1
     1831  29  10  3 1 1 1
     1832  29  10  4 1 1 1
     1833  29  11  1 1 1 1
     1834  29  11  2 1 1 1
     1835  29  11  3 1 1 1
     1836  29  11  4 1 1 1
     1837  29  12  1 1 1 1
     1838  29  12  2 1 1 1
     1839  29  12  3 1 1 1
     1840  29  12  4 1 1 1
     1841  29  13  1 1 1 1
     1842  29  13  2 1 1 1
     1843  29  13  3 1 1 1
     1844  29  13  4 1 1 1
     1845  29  14  1 1 1 1
     1846  29  14  2 1 1 1
     1847  29  14  3 1 1 1
     1848  29  14  4 1 1 1
     1849  29  15  1 1 1 1
     1850  29  15  2 1 1 1
     1851  29  15  3 1 1 1
     1852  29  15  4 1 1 1
     1853  29  16  1 1 1 1
     1854  29  16  2 1 1 1
     1855  29  16  3 1 1 1
     1856  29  16  4 1 1 1
     1857  30  1  1 1 1 1
     1858  30  1  2 1 1 1
     1859  30  1  3 1 1 1
     1860  30  1  4 1 1 1
     1861  30  2  1 1 1 1
     1862  30  2  2 1 1 1
     1863  30  2  3 1 1 1
     1864  30  2  4 1 1 1
     1865  30  3  1 1 1 1
     1866  30  3  2 1 1 1
     1867  30  3  3 1 1 1
     1868  30  3  4 1 1 1
     1869  30  4  1 1 1 1
     1870  30  4  2 1 1 1
     1871  30  4  3 1 1 1
     1872  30  4  4 1 1 1
     1873  30  5  1 1 1 1
     1874  30  5  2 1 1 1
     1875  30  5  3 1 1 1
     1876  30  5  4 1 1 1
     1877  30  6  1 1 1 1
     1878  30  6  2 1 1 1
     1879  30  6  3 1 1 1
     1880  30  6  4 1 1 1
     1881  30  7  1 1 1 1
     1882  30  7  2 1 1 1
     1883  30  7  3 1 1 1
     1884  30  7  4 1 1 1
     1885  30  8  1 1 1 1
     1886  30  8  2 1 1 1
     1887  30  8  3 1 1 1
     1888  30  8  4 1 1 1
     1889  30  9  1 1 1 1
     1890  30  9  2 1 1 1
     1891  30  9  3 1 1 1
     1892  30  9  4 1 1 1
     1893  30  10  1 1 1 1
     1894  30  10  2 1 1 1
     1895  30  10  3 1 1 1
     1896  30  10  4 1 1 1
     1897  30  11  1 1 1 1
     1898  30  11  2 1 1 1
     1899  30  11  3 1 1 1
     1900  30  11  4 1 1 1
     1901  30  12  1 1 1 1
     1902  30  12  2 1 1 1
     1903  30  12  3 1 1 1
     1904  30  12  4 1 1 1
     1905  30  13  1 1 1 1
     1906  30  13  2 1 1 1
     1907  30  13  3 1 1 1
     1908  30  13  4 1 1 1
     1909  30  14  1 1 1 1
     1910  30  14  2 1 1 1
     1911  30  14  3 1 1 1
     1912  30  14  4 1 1 1
     1913  30  15  1 1 1 1
     1914  30  15  2 1 1 1
     1915  30  15  3 1 1 1
     1916  30  15  4 1 1 1
     1917  30  16  1 1 1 1
     1918  30  16  2 1 1 1
     1919  30  16  3 1 1 1
     1920  30  16  4 1 1 1
     1921  31  1  1 1 1 1
     1922  31  1  2 1 1 1
     1923  31  1  3 1 1 1
     1924  31  1  4 1 1 1
     1925  31  2  1 1 1 1
     1926  31  2  2 1 1 1
     1927  31  2  3 1 1 1
     1928  31  2  4 1 1 1
     1929  31  3  1 1 1 1
     1930  31  3  2 1 1 1
     1931  31  3  3 1 1 1
     1932  31  3  4 1 1 1
     1933  31  4  1 1 1 1
     1934  31  4  2 1 1 1
     1935  31  4  3 1 1 1
     1936  31  4  4 1 1 1
     1937  31  5  1 1 1 1
     1938  31  5  2 1 1 1
     1939  31  5  3 1 1 1
     1940  31  5  4 1 1 1
     1941  31  6  1 1 1 1
     1942  31  6  2 1 1 1
     1943  31  6  3 1 1 1
     1944  31  6  4 1 1 1
     1945  31  7  1 1 1 1
     1946  31  7  2 1 1 1
     1947  31  7  3 1 1 1
     1948  31  7  4 1 1 1
     1949  31  8  1 1 1 1
     1950  31  8  2 1 1 1
     1951  31  8  3 1 1 1
     1952  31  8  4 1 1 1
     1953  31  9  1 1 1 1
     1954  31  9  2 1 1 1
     1955  31  9  3 1 1 1
     1956  31  9  4 1 1 1
     1957  31  10  1 1 1 1
     1958  31  10  2 1 1 1
     1959  31  10  3 1 1 1
     1960  31  10  4 1 1 1
     1961  31  11  1 1 1 1
     1962  31  11  2 1 1 1
     1963  31  11  3 1 1 1
     1964  31  11  4 1 1 1
     1965  31  12  1 1 1 1
     1966  31  12  2 1 1 1
     1967  31  12  3 1 1 1
     1968  31  12  4 1 1 1
     1969  31  13  1 1 1 1
     1970  31  13  2 1 1 1
     1971  31  13  3 1 1 1
     1972  31  13  4 1 1 1
     1973  31  14  1 1 1 1
     1974  31  14  2 1 1 1
     1975  31  14  3 1 1 1
     1976  31  14  4 1 1 1
     1977  31  15  1 1 1 1
     1978  31  15  2 1 1 1
     1979  31  15  3 1 1 1
     1980  31  15  4 1 1 1
     1981  31  16  1 1 1 1
     1982  31  16  2 1 1 1
     1983  31  16  3 1 1 1
     1984  31  16  4 1 1 1
     1985  32  1  1 1 1 1
     1986  32  1  2 1 1 1
     1987  32  1  3 1 1 1
     1988  32  1  4 1 1 1
     1989  32  2  1 1 1 1
     1990  32  2  2 1 1 1
     1991  32  2  3 1 1 1
     1992  32  2  4 1 1 1
     1993  32  3  1 1 1 1
     1994  32  3  2 1 1 1
     1995  32  3  3 1 1 1
     1996  32  3  4 1 1 1
     1997  32  4  1 1 1 1
     1998  32  4  2 1 1 1
     1999  32  4  3 1 1 1
     2000  32  4  4 1 1 1
     2001  32  5  1 1 1 1
     2002  32  5  2 1 1 1
     2003  32  5  3 1 1 1
     2004  32  5  4 1 1 1
     2005  32  6  1 1 1 1
     2006  32  6  2 1 1 1
     2007  32  6  3 1 1 1
     2008  32  6  4 1 1 1
     2009  32  7  1 1 1 1
     2010  32  7  2 1 1 1
     2011  32  7  3 1 1 1
     2012  32  7  4 1 1 1
     2013  32  8  1 1 1 1
     2014  32  8  2 1 1 1
     2015  32  8  3 1 1 1
     2016  32  8  4 1 1 1
     2017  32  9  1 1 1 1
     2018  32  9  2 1 1 1
     2019  32  9  3 1 1 1
     2020  32  9  4 1 1 1
     2021  32  10  1 1 1 1
     2022  32  10  2 1 1 1
     2023  32  10  3 1 1 1
     2024  32  10  4 1 1 1
     2025  32  11  1 1 1 1
     2026  32  11  2 1 1 1
     2027  32  11  3 1 1 1
     2028  32  11  4 1 1 1
     2029  32  12  1 1 1 1
     2030  32  12  2 1 1 1
     2031  32  12  3 1 1 1
     2032  32  12  4 1 1 1
     2033  32  13  1 1 1 1
     2034  32  13  2 1 1 1
     2035  32  13  3 1 1 1
     2036  32  13  4 1 1 1
     2037  32  14  1 1 1 1
     2038  32  14  2 1 1 1
     2039  32  14  3 1 1 1
     2040  32  14  4 1 1 1
     2041  32  15  1 1 1 1
     2042  32  15  2 1 1 1
     2043  32  15  3 1 1 1
     2044  32  15  4 1 1 1
     2045  32  16  1 1 1 1
     2046  32  16  2 1 1 1
     2047  32  16  3 1 1 1
     2048  32  16  4 1 1 1
     2049  33  1  1 1 1 1
     2050  33  1  2 1 1 1
     2051  33  1  3 1 1 1
     2052  33  1  4 1 1 1
     2053  33  2  1 1 1 1
     2054  33  2  2 1 1 1
     2055  33  2  3 1 1 1
     2056  33  2  4 1 1 1
     2057  33  3  1 1 1 1
     2058  33  3  2 1 1 1
     2059  33  3  3 1 1 1
     2060  33  3  4 1 1 1
     2061  33  4  1 1 1 1
     2062  33  4  2 1 1 1
     2063  33  4  3 1 1 1
     2064  33  4  4 1 1 1
     2065  33  5  1 1 1 1
     2066  33  5  2 1 1 1
     2067  33  5  3 1 1 1
     2068  33  5  4 1 1 1
     2069  33  6  1 1 1 1
     2070  33  6  2 1 1 1
     2071  33  6  3 1 1 1
     2072  33  6  4 1 1 1
     2073  33  7  1 1 1 1
     2074  33  7  2 1 1 1
     2075  33  7  3 1 1 1
     2076  33  7  4 1 1 1
     2077  33  8  1 1 1 1
     2078  33  8  2 1 1 1
     2079  33  8  3 1 1 1
     2080  33  8  4 1 1 1
     2081  33  9  1 1 1 1
     2082  33  9  2 1 1 1
     2083  33  9  3 1 1 1
     2084  33  9  4 1 1 1
     2085  33  10  1 1 1 1
     2086  33  10  2 1 1 1
     2087  33  10  3 1 1 1
     2088  33  10  4 1 1 1
     2089  33  11  1 1 1 1
     2090  33  11  2 1 1 1
     2091  33  11  3 1 1 1
     2092  33  11  4 1 1 1
     2093  33  12  1 1 1 1
     2094  33  12  2 1 1 1
     2095  33  12  3 1 1 1
     2096  33  12  4 1 1 1
     2097  33  13  1 1 1 1
     2098  33  13  2 1 1 1
     2099  33  13  3 1 1 1
     2100  33  13  4 1 1 1
     2101  33  14  1 1 1 1
     2102  33  14  2 1 1 1
     2103  33  14  3 1 1 1
     2104  33  14  4 1 1 1
     2105  33  15  1 1 1 1
     2106  33  15  2 1 1 1
     2107  33  15  3 1 1 1
     2108  33  15  4 1 1 1
     2109  33  16  1 1 1 1
     2110  33  16  2 1 1 1
     2111  33  16  3 1 1 1
     2112  33  16  4 1 1 1
     2113  34  1  1 1 1 1
     2114  34  1  2 1 1 1
     2115  34  1  3 1 1 1
     2116  34  1  4 1 1 1
     2117  34  2  1 1 1 1
     2118  34  2  2 1 1 1
     2119  34  2  3 1 1 1
     2120  34  2  4 1 1 1
     2121  34  3  1 1 1 1
     2122  34  3  2 1 1 1
     2123  34  3  3 1 1 1
     2124  34  3  4 1 1 1
     2125  34  4  1 1 1 1
     2126  34  4  2 1 1 1
     2127  34  4  3 1 1 1
     2128  34  4  4 1 1 1
     2129  34  5  1 1 1 1
     2130  34  5  2 1 1 1
     2131  34  5  3 1 1 1
     2132  34  5  4 1 1 1
     2133  34  6  1 1 1 1
     2134  34  6  2 1 1 1
     2135  34  6  3 1 1 1
     2136  34  6  4 1 1 1
     2137  34  7  1 1 1 1
     2138  34  7  2 1 1 1
     2139  34  7  3 1 1 1
     2140  34  7  4 1 1 1
     2141  34  8  1 1 1 1
     2142  34  8  2 1 1 1
     2143  34  8  3 1 1 1
     2144  34  8  4 1 1 1
     2145  34  9  1 1 1 1
     2146  34  9  2 1 1 1
     2147  34  9  3 1 1 1
     2148  34  9  4 1 1 1
     2149  34  10  1 1 1 1
     2150  34  10  2 1 1 1
     2151  34  10  3 1 1 1
     2152  34  10  4 1 1 1
     2153  34  11  1 1 1 1
     2154  34  11  2 1 1 1
     2155  34  11  3 1 1 1
     2156  34  11  4 1 1 1
     2157  34  12  1 1 1 1
     2158  34  12  2 1 1 1
     2159  34  12  3 1 1 1
     2160  34  12  4 1 1 1
     2161  34  13  1 1 1 1
     2162  34  13  2 1 1 1
     2163  34  13  3 1 1 1
     2164  34  13  4 1 1 1
     2165  34  14  1 1 1 1
     2166  34  14  2 1 1 1
     2167  34  14  3 1 1 1
     2168  34  14  4 1 1 1
     2169  34  15  1 1 1 1
     2170  34  15  2 1 1 1
     2171  34  15  3 1 1 1
     2172  34  15  4 1 1 1
     2173  34  16  1 1 1 1
     2174  34  16  2 1 1 1
     2175  34  16  3 1 1 1
     2176  34  16  4 1 1 1
     2177  35  1  1 1 1 1
     2178  35  1  2 1 1 1
     2179  35  1  3 1 1 1
     2180  35  1  4 1 1 1
     2181  35  2  1 1 1 1
     2182  35  2  2 1 1 1
     2183  35  2  3 1 1 1
     2184  35  2  4 1 1 1
     2185  35  3  1 1 1 1
     2186  35  3  2 1 1 1
     2187  35  3  3 1 1 1
     2188  35  3  4 1 1 1
     2189  35  4  1 1 1 1
     2190  35  4  2 1 1 1
     2191  35  4  3 1 1 1
     2192  35  4  4 1 1 1
     2193  35  5  1 1 1 1
     2194  35  5  2 1 1 1
     2195  35  5  3 1 1 1
     2196  35  5  4 1 1 1
     2197  35  6  1 1 1 1
     2198  35  6  2 1 1 1
     2199  35  6  3 1 1 1
     2200  35  6  4 1 1 1
     2201  35  7  1 1 1 1
     2202  35  7  2 1 1 1
     2203  35  7  3 1 1 1
     2204  35  7  4 1 1 1
     2205  35  8  1 1 1 1
     2206  35  8  2 1 1 1
     2207  35  8  3 1 1 1
     2208  35  8  4 1 1 1
     2209  35  9  1 1 1 1
     2210  35  9  2 1 1 1
     2211  35  9  3 1 1 1
     2212  35  9  4 1 1 1
     2213  35  10  1 1 1 1
     2214  35  10  2 1 1 1
     2215  35  10  3 1 1 1
     2216  35  10  4 1 1 1
     2217  35  11  1 1 1 1
     2218  35  11  2 1 1 1
     2219  35  11  3 1 1 1
     2220  35  11  4 1 1 1
     2221  35  12  1 1 1 1
     2222  35  12  2 1 1 1
     2223  35  12  3 1 1 1
     2224  35  12  4 1 1 1
     2225  35  13  1 1 1 1
     2226  35  13  2 1 1 1
     2227  35  13  3 1 1 1
     2228  35  13  4 1 1 1
     2229  35  14  1 1 1 1
     2230  35  14  2 1 1 1
     2231  35  14  3 1 1 1
     2232  35  14  4 1 1 1
     2233  35  15  1 1 1 1
     2234  35  15  2 1 1 1
     2235  35  15  3 1 1 1
     2236  35  15  4 1 1 1
     2237  35  16  1 1 1 1
     2238  35  16  2 1 1 1
     2239  35  16  3 1 1 1
     2240  35  16  4 1 1 1
     2241  36  1  1 1 1 1
     2242  36  1  2 1 1 1
     2243  36  1  3 1 1 1
     2244  36  1  4 1 1 1
     2245  36  2  1 1 1 1
     2246  36  2  2 1 1 1
     2247  36  2  3 1 1 1
     2248  36  2  4 1 1 1
     2249  36  3  1 1 1 1
     2250  36  3  2 1 1 1
     2251  36  3  3 1 1 1
     2252  36  3  4 1 1 1
     2253  36  4  1 1 1 1
     2254  36  4  2 1 1 1
     2255  36  4  3 1 1 1
     2256  36  4  4 1 1 1
     2257  36  5  1 1 1 1
     2258  36  5  2 1 1 1
     2259  36  5  3 1 1 1
     2260  36  5  4 1 1 1
     2261  36  6  1 1 1 1
     2262  36  6  2 1 1 1
     2263  36  6  3 1 1 1
     2264  36  6  4 1 1 1
     2265  36  7  1 1 1 1
     2266  36  7  2 1 1 1
     2267  36  7  3 1 1 1
     2268  36  7  4 1 1 1
     2269  36  8  1 1 1 1
     2270  36  8  2 1 1 1
     2271  36  8  3 1 1 1
     2272  36  8  4 1 1 1
     2273  36  9  1 1 1 1
     2274  36  9  2 1 1 1
     2275  36  9  3 1 1 1
     2276  36  9  4 1 1 1
     2277  36  10  1 1 1 1
     2278  36  10  2 1 1 1
     2279  36  10  3 1 1 1
     2280  36  10  4 1 1 1
     2281  36  11  1 1 1 1
     2282  36  11  2 1 1 1
     2283  36  11  3 1 1 1
     2284  36  11  4 1 1 1
     2285  36  12  1 1 1 1
     2286  36  12  2 1 1 1
     2287  36  12  3 1 1 1
     2288  36  12  4 1 1 1
     2289  36  13  1 1 1 1
     2290  36  13  2 1 1 1
     2291  36  13  3 1 1 1
     2292  36  13  4 1 1 1
     2293  36  14  1 1 1 1
     2294  36  14  2 1 1 1
     2295  36  14  3 1 1 1
     2296  36  14  4 1 1 1
     2297  36  15  1 1 1 1
     2298  36  15  2 1 1 1
     2299  36  15  3 1 1 1
     2300  36  15  4 1 1 1
     2301  36  16  1 1 1 1
     2302  36  16  2 1 1 1
     2303  36  16  3 1 1 1
     2304  36  16  4 1 1 1
     2305  37  1  1 1 1 1
     2306  37  1  2 1 1 1
     2307  37  1  3 1 1 1
     2308  37  1  4 1 1 1
     2309  37  2  1 1 1 1
     2310  37  2  2 1 1 1
     2311  37  2  3 1 1 1
     2312  37  2  4 1 1 1
     2313  37  3  1 1 1 1
     2314  37  3  2 1 1 1
     2315  37  3  3 1 1 1
     2316  37  3  4 1 1 1
     2317  37  4  1 1 1 1
     2318  37  4  2 1 1 1
     2319  37  4  3 1 1 1
     2320  37  4  4 1 1 1
     2321  37  5  1 1 1 1
     2322  37  5  2 1 1 1
     2323  37  5  3 1 1 1
     2324  37  5  4 1 1 1
     2325  37  6  1 1 1 1
     2326  37  6  2 1 1 1
     2327  37  6  3 1 1 1
     2328  37  6  4 1 1 1
     2329  37  7  1 1 1 1
     2330  37  7  2 1 1 1
     2331  37  7  3 1 1 1
     2332  37  7  4 1 1 1
     2333  37  8  1 1 1 1
     2334  37  8  2 1 1 1
     2335  37  8  3 1 1 1
     2336  37  8  4 1 1 1
     2337  37  9  1 1 1 1
     2338  37  9  2 1 1 1
     2339  37  9  3 1 1 1
     2340  37  9  4 1 1 1
     2341  37  10  1 1 1 1
     2342  37  10  2 1 1 1
     2343  37  10  3 1 1 1
     2344  37  10  4 1 1 1
     2345  37  11  1 1 1 1
     2346  37  11  2 1 1 1
     2347  37  11  3 1 1 1
     2348  37  11  4 1 1 1
     2349  37  12  1 1 1 1
     2350  37  12  2 1 1 1
     2351  37  12  3 1 1 1
     2352  37  12  4 1 1 1
     2353  37  13  1 1 1 1
     2354  37  13  2 1 1 1
     2355  37  13  3 1 1 1
     2356  37  13  4 1 1 1
     2357  37  14  1 1 1 1
     2358  37  14  2 1 1 1
     2359  37  14  3 1 1 1
     2360  37  14  4 1 1 1
     2361  37  15  1 1 1 1
     2362  37  15  2 1 1 1
     2363  37  15  3 1 1 1
     2364  37  15  4 1 1 1
     2365  37  16  1 1 1 1
     2366  37  16  2 1 1 1
     2367  37  16  3 1 1 1
     2368  37  16  4 1 1 1
     2369  38  1  1 1 1 1
     2370  38  1  2 1 1 1
     2371  38  1  3 1 1 1
     2372  38  1  4 1 1 1
     2373  38  2  1 1 1 1
     2374  38  2  2 1 1 1
     2375  38  2  3 1 1 1
     2376  38  2  4 1 1 1
     2377  38  3  1 1 1 1
     2378  38  3  2 1 1 1
     2379  38  3  3 1 1 1
     2380  38  3  4 1 1 1
     2381  38  4  1 1 1 1
     2382  38  4  2 1 1 1
     2383  38  4  3 1 1 1
     2384  38  4  4 1 1 1
     2385  38  5  1 1 1 1
     2386  38  5  2 1 1 1
     2387  38  5  3 1 1 1
     2388  38  5  4 1 1 1
     2389  38  6  1 1 1 1
     2390  38  6  2 1 1 1
     2391  38  6  3 1 1 1
     2392  38  6  4 1 1 1
     2393  38  7  1 1 1 1
     2394  38  7  2 1 1 1
     2395  38  7  3 1 1 1
     2396  38  7  4 1 1 1
     2397  38  8  1 1 1 1
     2398  38  8  2 1 1 1
     2399  38  8  3 1 1 1
     2400  38  8  4 1 1 1
     2401  38  9  1 1 1 1
     2402  38  9  2 1 1 1
     2403  38  9  3 1 1 1
     2404  38  9  4 1 1 1
     2405  38  10  1 1 1 1
     2406  38  10  2 1 1 1
     2407  38  10  3 1 1 1
     2408  38  10  4 1 1 1
     2409  38  11  1 1 1 1
     2410  38  11  2 1 1 1
     2411  38  11  3 1 1 1
     2412  38  11  4 1 1 1
     2413  38  12  1 1 1 1
     2414  38  12  2 1 1 1
     2415  38  12  3 1 1 1
     2416  38  12  4 1 1 1
     2417  38  13  1 1 1 1
     2418  38  13  2 1 1 1
     2419  38  13  3 1 1 1
     2420  38  13  4 1 1 1
     2421  38  14  1 1 1 1
     2422  38  14  2 1 1 1
     2423  38  14  3 1 1 1
     2424  38  14  4 1 1 1
     2425  38  15  1 1 1 1
     2426  38  15  2 1 1 1
     2427  38  15  3 1 1 1
     2428  38  15  4 1 1 1
     2429  38  16  1 1 1 1
     2430  38  16  2 1 1 1
     2431  38  16  3 1 1 1
     2432  38  16  4 1 1 1