>GEOMETRY   rect_prism; AX,AY,AZ= 0.3114 0.3114 0.3114
     1260 = NAT 
  1.000000  0.000000  0.000000 = A_1 vector
  0.000000  1.000000  0.000000 = A_2 vector
  1.000000  1.000000  1.000000 = lattice spacings (d_x,d_y,d_z)/d
 -0.06975 -0.07285 -0.02975 = lattice offset x0(1-3) = (x_TF, y_TF, z_TF)/d for dipole 0 0 0
     JA  IX  IY  IZ ICOMP(x,y,z)
     1  1  1  1 1 1 1
     2  1  1  2 1 1 1
     3  1  1  3 1 1 1
     4  1  1  4 1 1 1
     5  1  1  5 1 1 1
     6  1  1  6 1 1 1
     7  1  2  1 1 1 1
     8  1  2  2 1 1 1
     9  1  2  3 1 1 1
     10  1  2  4 1 1 1
     11  1  2  5 1 1 1
     12  1  2  6 1 1 1
     13  1  3  1 1 1 1
     14  1  3  2 1 1 1
     15  1  3  3 1 1 1
     16  1  3  4 1 1 1
     17  1  3  5 1 1 1
     18  1  3  6 1 1 1
     19  1  4  1 1 1 1
     20  1  4  2 1 1 1
     21  1  4  3 1 1 1
     22  1  4  4 1 1 1
     23  1  4  5 1 1 1
     24  1  4  6 1 1 1
     25  1  5  1 1 1 1
     26  1  5  2 1 1 1
     27  1  5  3 1 1 1
     28  1  5  4 1 1 1
     29  1  5  5 1 1 1
     30  1  5  6 1 1 1
     31  1  6  1 1 1 1
     32  1  6  2 1 1 1
     33  1  6  3 1 1 1
     34  1  6  4 1 1 1
     35  1  6  5 1 1 1
     36  1  6  6 1 1 1
     37  1  7  1 1 1 1
     38  1  7  2 1 1 1
     39  1  7  3 1 1 1
     40  1  7  4 1 1 1
     41  1  7  5 1 1 1
     42  1  7  6 1 1 1
     43  1  8  1 1 1 1
     44  1  8  2 1 1 1
     45  1  8  3 1 1 1
     46  1  8  4 1 1 1
     47  1  8  5 1 1 1
     48  1  8  6 1 1 1
     49  1  9  1 1 1 1
     50  1  9  2 1 1 1
     51  1  9  3 1 1 1
     52  1  9  4 1 1 1
     53  1  9  5 1 1 1
     54  1  9  6 1 1 1
     55  1  10  1 1 1 1
     56  1  10  2 1 1 1
     57  1  10  3 1 1 1
     58  1  10  4 1 1 1
     59  1  10  5 1 1 1
     60  1  10  6 1 1 1
     61  1  11  1 1 1 1
     62  1  11  2 1 1 1
     63  1  11  3 1 1 1
     64  1  11  4 1 1 1
     65  1  11  5 1 1 1
     66  1  11  6 1 1 1
     67  1  12  1 1 1 1
     68  1  12  2 1 1 1
     69  1  12  3 1 1 1
     70  1  12  4 1 1 1
     71  1  12  5 1 1 1
     72  1  12  6 1 1 1
     73  1  13  1 1 1 1
     74  1  13  2 1 1 1
     75  1  13  3 1 1 1
     76  1  13  4 1 1 1
     77  1  13  5 1 1 1
     78  1  13  6 1 1 1
     79  1  14  1 1 1 1
     80  1  14  2 1 1 1
     81  1  14  3 1 1 1
     82  1  14  4 1 1 1
     83  1  14  5 1 1 1
     84  1  14  6 1 1 1
     85  1  15  1 1 1 1
     86  1  15  2 1 1 1
     87  1  15  3 1 1 1
     88  1  15  4 1 1 1
     89  1  15  5 1 1 1
     90  1  15  6 1 1 1
     91  2  1  1 1 1 1
     92  2  1  2 1 1 1
     93  2  1  3 1 1 1
     94  2  1  4 1 1 1
     95  2  1  5 1 1 1
     96  2  1  6 1 1 1
     97  2  2  1 1 1 1
     98  2  2  2 1 1 1
     99  2  2  3 1 1 1
     100  2  2  4 1 1 1
     101  2  2  5 1 1 1
     102  2  2  6 1 1 1
     103  2  3  1 1 1 1
     104  2  3  2 1 1 1
     105  2  3  3 1 1 1
     106  2  3  4 1 1 1
     107  2  3  5 1 1 1
     108  2  3  6 1 1 1
     109  2  4  1 1 1 1
     110  2  4  2 1 1 1
     111  2  4  3 1 1 1
     112  2  4  4 1 1 1
     113  2  4  5 1 1 1
     114  2  4  6 1 1 1
     115  2  5  1 1 1 1
     116  2  5  2 1 1 1
     117  2  5  3 1 1 1
     118  2  5  4 1 1 1
     119  2  5  5 1 1 1
     120  2  5  6 1 1 1
     121  2  6  1 1 1 1
     122  2  6  2 1 1 1
     123  2  6  3 1 1 1
     124  2  6  4 1 1 1
     125  2  6  5 1 1 1
     126  2  6  6 1 1 1
     127  2  7  1 1 1 1
     128  2  7  2 1 1 1
     129  2  7  3 1 1 1
     130  2  7  4 1 1 1
     131  2  7  5 1 1 1
     132  2  7  6 1 1 1
     133  2  8  1 1 1 1
     134  2  8  2 1 1 1
     135  2  8  3 1 1 1
     136  2  8  4 1 1 1
     137  2  8  5 1 1 1
     138  2  8  6 1 1 1
     139  2  9  1 1 1 1
     140  2  9  2 1 1 1
     141  2  9  3 1 1 1
     142  2  9  4 1 1 1
     143  2  9  5 1 1 1
     144  2  9  6 1 1 1
     145  2  10  1 1 1 1
     146  2  10  2 1 1 1
     147  2  10  3 1 1 1
     148  2  10  4 1 1 1
     149  2  10  5 1 1 1
     150  2  10  6 1 1 1
     151  2  11  1 1 1 1
     152  2  11  2 1 1 1
     153  2  11  3 1 1 1
     154  2  11  4 1 1 1
     155  2  11  5 1 1 1
     156  2  11  6 1 1 1
     157  2  12  1 1 1 1
     158  2  12  2 1 1 1
     159  2  12  3 1 1 1
     160  2  12  4 1 1 1
     161  2  12  5 1 1 1
     162  2  12  6 1 1 1
     163  2  13  1 1 1 1
     164  2  13  2 1 1 1
     165  2  13  3 1 1 1
     166  2  13  4 1 1 1
     167  2  13  5 1 1 1
     168  2  13  6 1 1 1
     169  2  14  1 1 1 1
     170  2  14  2 1 1 1
     171  2  14  3 1 1 1
     172  2  14  4 1 1 1
     173  2  14  5 1 1 1
     174  2  14  6 1 1 1
     175  2  15  1 1 1 1
     176  2  15  2 1 1 1
     177  2  15  3 1 1 1
     178  2  15  4 1 1 1
     179  2  15  5 1 1 1
     180  2  15  6 1 1 1
     181  3  1  1 1 1 1
     182  3  1  2 1 1 1
     183  3  1  3 1 1 1
     184  3  1  4 1 1 1
     185  3  1  5 1 1 1
     186  3  1  6 1 1 1
     187  3  2  1 1 1 1
     188  3  2  2 1 1 1
     189  3  2  3 1 1 1
     190  3  2  4 1 1 1
     191  3  2  5 1 1 1
     192  3  2  6 1 1 1
     193  3  3  1 1 1 1
     194  3  3  2 1 1 1
     195  3  3  3 1 1 1
     196  3  3  4 1 1 1
     197  3  3  5 1 1 1
     198  3  3  6 1 1 1
     199  3  4  1 1 1 1
     200  3  4  2 1 1 1
     201  3  4  3 1 1 1
     202  3  4  4 1 1 1
     203  3  4  5 1 1 1
     204  3  4  6 1 1 1
     205  3  5  1 1 1 1
     206  3  5  2 1 1 1
     207  3  5  3 1 1 1
     208  3  5  4 1 1 1
     209  3  5  5 1 1 1
     210  3  5  6 1 1 1
     211  3  6  1 1 1 1
     212  3  6  2 1 1 1
     213  3  6  3 1 1 1
     214  3  6  4 1 1 1
     215  3  6  5 1 1 1
     216  3  6  6 1 1 1
     217  3  7  1 1 1 1
     218  3  7  2 1 1 1
     219  3  7  3 1 1 1
     220  3  7  4 1 1 1
     221  3  7  5 1 1 1
     222  3  7  6 1 1 1
     223  3  8  1 1 1 1
     224  3  8  2 1 1 1
     225  3  8  3 1 1 1
     226  3  8  4 1 1 1
     227  3  8  5 1 1 1
     228  3  8  6 1 1 1
     229  3  9  1 1 1 1
     230  3  9  2 1 1 1
     231  3  9  3 1 1 1
     232  3  9  4 1 1 1
     233  3  9  5 1 1 1
     234  3  9  6 1 1 1
     235  3  10  1 1 1 1
     236  3  10  2 1 1 1
     237  3  10  3 1 1 1
     238  3  10  4 1 1 1
     239  3  10  5 1 1 1
     240  3  10  6 1 1 1
     241  3  11  1 1 1 1
     242  3  11  2 1 1 1
     243  3  11  3 1 1 1
     244  3  11  4 1 1 1
     245  3  11  5 1 1 1
     246  3  11  6 1 1 1
     247  3  12  1 1 1 1
     248  3  12  2 1 1 1
     249  3  12  3 1 1 1
     250  3  12  4 1 1 1
     251  3  12  5 1 1 1
     252  3  12  6 1 1 1
     253  3  13  1 1 1 1
     254  3  13  2 1 1 1
     255  3  13  3 1 1 1
     256  3  13  4 1 1 1
     257  3  13  5 1 1 1
     258  3  13  6 1 1 1
     259  3  14  1 1 1 1
     260  3  14  2 1 1 1
     261  3  14  3 1 1 1
     262  3  14  4 1 1 1
     263  3  14  5 1 1 1
     264  3  14  6 1 1 1
     265  3  15  1 1 1 1
     266  3  15  2 1 1 1
     267  3  15  3 1 1 1
     268  3  15  4 1 1 1
     269  3  15  5 1 1 1
     270  3  15  6 1 1 1
     271  4  1  1 1 1 1
     272  4  1  2 1 1 1
     273  4  1  3 1 1 1
     274  4  1  4 1 1 1
     275  4  1  5 1 1 1
     276  4  1  6 1 1 1
     277  4  2  1 1 1 1
     278  4  2  2 1 1 1
     279  4  2  3 1 1 1
     280  4  2  4 1 1 1
     281  4  2  5 1 1 1
     282  4  2  6 1 1 1
     283  4  3  1 1 1 1
     284  4  3  2 1 1 1
     285  4  3  3 1 1 1
     286  4  3  4 1 1 1
     287  4  3  5 1 1 1
     288  4  3  6 1 1 1
     289  4  4  1 1 1 1
     290  4  4  2 1 1 1
     291  4  4  3 1 1 1
     292  4  4  4 1 1 1
     293  4  4  5 1 1 1
     294  4  4  6 1 1 1
     295  4  5  1 1 1 1
     296  4  5  2 1 1 1
     297  4  5  3 1 1 1
     298  4  5  4 1 1 1
     299  4  5  5 1 1 1
     300  4  5  6 1 1 1
     301  4  6  1 1 1 1
     302  4  6  2 1 1 1
     303  4  6  3 1 1 1
     304  4  6  4 1 1 1
     305  4  6  5 1 1 1
     306  4  6  6 1 1 1
     307  4  7  1 1 1 1
     308  4  7  2 1 1 1
     309  4  7  3 1 1 1
     310  4  7  4 1 1 1
     311  4  7  5 1 1 1
     312  4  7  6 1 1 1
     313  4  8  1 1 1 1
     314  4  8  2 1 1 1
     315  4  8  3 1 1 1
     316  4  8  4 1 1 1
     317  4  8  5 1 1 1
     318  4  8  6 1 1 1
     319  4  9  1 1 1 1
     320  4  9  2 1 1 1
     321  4  9  3 1 1 1
     322  4  9  4 1 1 1
     323  4  9  5 1 1 1
     324  4  9  6 1 1 1
     325  4  10  1 1 1 1
     326  4  10  2 1 1 1
     327  4  10  3 1 1 1
     328  4  10  4 1 1 1
     329  4  10  5 1 1 1
     330  4  10  6 1 1 1
     331  4  11  1 1 1 1
     332  4  11  2 1 1 1
     333  4  11  3 1 1 1
     334  4  11  4 1 1 1
     335  4  11  5 1 1 1
     336  4  11  6 1 1 1
     337  4  12  1 1 1 1
     338  4  12  2 1 1 1
     339  4  12  3 1 1 1
     340  4  12  4 1 1 1
     341  4  12  5 1 1 1
     342  4  12  6 1 1 1
     343  4  13  1 1 1 1
     344  4  13  2 1 1 1
     345  4  13  3 1 1 1
     346  4  13  4 1 1 1
     347  4  13  5 1 1 1
     348  4  13  6 1 1 1
     349  4  14  1 1 1 1
     350  4  14  2 1 1 1
     351  4  14  3 1 1 1
     352  4  14  4 1 1 1
     353  4  14  5 1 1 1
     354  4  14  6 1 1 1
     355  4  15  1 1 1 1
     356  4  15  2 1 1 1
     357  4  15  3 1 1 1
     358  4  15  4 1 1 1
     359  4  15  5 1 1 1
     360  4  15  6 1 1 1
     361  5  1  1 1 1 1
     362  5  1  2 1 1 1
     363  5  1  3 1 1 1
     364  5  1  4 1 1 1
     365  5  1  5 1 1 1
     366  5  1  6 1 1 1
     367  5  2  1 1 1 1
     368  5  2  2 1 1 1
     369  5  2  3 1 1 1
     370  5  2  4 1 1 1
     371  5  2  5 1 1 1
     372  5  2  6 1 1 1
     373  5  3  1 1 1 1
     374  5  3  2 1 1 1
     375  5  3  3 1 1 1
     376  5  3  4 1 1 1
     377  5  3  5 1 1 1
     378  5  3  6 1 1 1
     379  5  4  1 1 1 1
     380  5  4  2 1 1 1
     381  5  4  3 1 1 1
     382  5  4  4 1 1 1
     383  5  4  5 1 1 1
     384  5  4  6 1 1 1
     385  5  5  1 1 1 1
     386  5  5  2 1 1 1
     387  5  5  3 1 1 1
     388  5  5  4 1 1 1
     389  5  5  5 1 1 1
     390  5  5  6 1 1 1
     391  5  6  1 1 1 1
     392  5  6  2 1 1 1
     393  5  6  3 1 1 1
     394  5  6  4 1 1 1
     395  5  6  5 1 1 1
     396  5  6  6 1 1 1
     397  5  7  1 1 1 1
     398  5  7  2 1 1 1
     399  5  7  3 1 1 1
     400  5  7  4 1 1 1
     401  5  7  5 1 1 1
     402  5  7  6 1 1 1
     403  5  8  1 1 1 1
     404  5  8  2 1 1 1
     405  5  8  3 1 1 1
     406  5  8  4 1 1 1
     407  5  8  5 1 1 1
     408  5  8  6 1 1 1
     409  5  9  1 1 1 1
     410  5  9  2 1 1 1
     411  5  9  3 1 1 1
     412  5  9  4 1 1 1
     413  5  9  5 1 1 1
     414  5  9  6 1 1 1
     415  5  10  1 1 1 1
     416  5  10  2 1 1 1
     417  5  10  3 1 1 1
     418  5  10  4 1 1 1
     419  5  10  5 1 1 1
     420  5  10  6 1 1 1
     421  5  11  1 1 1 1
     422  5  11  2 1 1 1
     423  5  11  3 1 1 1
     424  5  11  4 1 1 1
     425  5  11  5 1 1 1
     426  5  11  6 1 1 1
     427  5  12  1 1 1 1
     428  5  12  2 1 1 1
     429  5  12  3 1 1 1
     430  5  12  4 1 1 1
     431  5  12  5 1 1 1
     432  5  12  6 1 1 1
     433  5  13  1 1 1 1
     434  5  13  2 1 1 1
     435  5  13  3 1 1 1
     436  5  13  4 1 1 1
     437  5  13  5 1 1 1
     438  5  13  6 1 1 1
     439  5  14  1 1 1 1
     440  5  14  2 1 1 1
     441  5  14  3 1 1 1
     442  5  14  4 1 1 1
     443  5  14  5 1 1 1
     444  5  14  6 1 1 1
     445  5  15  1 1 1 1
     446  5  15  2 1 1 1
     447  5  15  3 1 1 1
     448  5  15  4 1 1 1
     449  5  15  5 1 1 1
     450  5  15  6 1 1 1
     451  6  1  1 1 1 1
     452  6  1  2 1 1 1
     453  6  1  3 1 1 1
     454  6  1  4 1 1 1
     455  6  1  5 1 1 1
     456  6  1  6 1 1 1
     457  6  2  1 1 1 1
     458  6  2  2 1 1 1
     459  6  2  3 1 1 1
     460  6  2  4 1 1 1
     461  6  2  5 1 1 1
     462  6  2  6 1 1 1
     463  6  3  1 1 1 1
     464  6  3  2 1 1 1
     465  6  3  3 1 1 1
     466  6  3  4 1 1 1
     467  6  3  5 1 1 1
     468  6  3  6 1 1 1
     469  6  4  1 1 1 1
     470  6  4  2 1 1 1
     471  6  4  3 1 1 1
     472  6  4  4 1 1 1
     473  6  4  5 1 1 1
     474  6  4  6 1 1 1
     475  6  5  1 1 1 1
     476  6  5  2 1 1 1
     477  6  5  3 1 1 1
     478  6  5  4 1 1 1
     479  6  5  5 1 1 1
     480  6  5  6 1 1 1
     481  6  6  1 1 1 1
     482  6  6  2 1 1 1
     483  6  6  3 1 1 1
     484  6  6  4 1 1 1
     485  6  6  5 1 1 1
     486  6  6  6 1 1 1
     487  6  7  1 1 1 1
     488  6  7  2 1 1 1
     489  6  7  3 1 1 1
     490  6  7  4 1 1 1
     491  6  7  5 1 1 1
     492  6  7  6 1 1 1
     493  6  8  1 1 1 1
     494  6  8  2 1 1 1
     495  6  8  3 1 1 1
     496  6  8  4 1 1 1
     497  6  8  5 1 1 1
     498  6  8  6 1 1 1
     499  6  9  1 1 1 1
     500  6  9  2 1 1 1
     501  6  9  3 1 1 1
     502  6  9  4 1 1 1
     503  6  9  5 1 1 1
     504  6  9  6 1 1 1
     505  6  10  1 1 1 1
     506  6  10  2 1 1 1
     507  6  10  3 1 1 1
     508  6  10  4 1 1 1
     509  6  10  5 1 1 1
     510  6  10  6 1 1 1
     511  6  11  1 1 1 1
     512  6  11  2 1 1 1
     513  6  11  3 1 1 1
     514  6  11  4 1 1 1
     515  6  11  5 1 1 1
     516  6  11  6 1 1 1
     517  6  12  1 1 1 1
     518  6  12  2 1 1 1
     519  6  12  3 1 1 1
     520  6  12  4 1 1 1
     521  6  12  5 1 1 1
     522  6  12  6 1 1 1
     523  6  13  1 1 1 1
     524  6  13  2 1 1 1
     525  6  13  3 1 1 1
     526  6  13  4 1 1 1
     527  6  13  5 1 1 1
     528  6  13  6 1 1 1
     529  6  14  1 1 1 1
     530  6  14  2 1 1 1
     531  6  14  3 1 1 1
     532  6  14  4 1 1 1
     533  6  14  5 1 1 1
     534  6  14  6 1 1 1
     535  6  15  1 1 1 1
     536  6  15  2 1 1 1
     537  6  15  3 1 1 1
     538  6  15  4 1 1 1
     539  6  15  5 1 1 1
     540  6  15  6 1 1 1
     541  7  1  1 1 1 1
     542  7  1  2 1 1 1
     543  7  1  3 1 1 1
     544  7  1  4 1 1 1
     545  7  1  5 1 1 1
     546  7  1  6 1 1 1
     547  7  2  1 1 1 1
     548  7  2  2 1 1 1
     549  7  2  3 1 1 1
     550  7  2  4 1 1 1
     551  7  2  5 1 1 1
     552  7  2  6 1 1 1
     553  7  3  1 1 1 1
     554  7  3  2 1 1 1
     555  7  3  3 1 1 1
     556  7  3  4 1 1 1
     557  7  3  5 1 1 1
     558  7  3  6 1 1 1
     559  7  4  1 1 1 1
     560  7  4  2 1 1 1
     561  7  4  3 1 1 1
     562  7  4  4 1 1 1
     563  7  4  5 1 1 1
     564  7  4  6 1 1 1
     565  7  5  1 1 1 1
     566  7  5  2 1 1 1
     567  7  5  3 1 1 1
     568  7  5  4 1 1 1
     569  7  5  5 1 1 1
     570  7  5  6 1 1 1
     571  7  6  1 1 1 1
     572  7  6  2 1 1 1
     573  7  6  3 1 1 1
     574  7  6  4 1 1 1
     575  7  6  5 1 1 1
     576  7  6  6 1 1 1
     577  7  7  1 1 1 1
     578  7  7  2 1 1 1
     579  7  7  3 1 1 1
     580  7  7  4 1 1 1
     581  7  7  5 1 1 1
     582  7  7  6 1 1 1
     583  7  8  1 1 1 1
     584  7  8  2 1 1 1
     585  7  8  3 1 1 1
     586  7  8  4 1 1 1
     587  7  8  5 1 1 1
     588  7  8  6 1 1 1
     589  7  9  1 1 1 1
     590  7  9  2 1 1 1
     591  7  9  3 1 1 1
     592  7  9  4 1 1 1
     593  7  9  5 1 1 1
     594  7  9  6 1 1 1
     595  7  10  1 1 1 1
     596  7  10  2 1 1 1
     597  7  10  3 1 1 1
     598  7  10  4 1 1 1
     599  7  10  5 1 1 1
     600  7  10  6 1 1 1
     601  7  11  1 1 1 1
     602  7  11  2 1 1 1
     603  7  11  3 1 1 1
     604  7  11  4 1 1 1
     605  7  11  5 1 1 1
     606  7  11  6 1 1 1
     607  7  12  1 1 1 1
     608  7  12  2 1 1 1
     609  7  12  3 1 1 1
     610  7  12  4 1 1 1
     611  7  12  5 1 1 1
     612  7  12  6 1 1 1
     613  7  13  1 1 1 1
     614  7  13  2 1 1 1
     615  7  13  3 1 1 1
     616  7  13  4 1 1 1
     617  7  13  5 1 1 1
     618  7  13  6 1 1 1
     619  7  14  1 1 1 1
     620  7  14  2 1 1 1
     621  7  14  3 1 1 1
     622  7  14  4 1 1 1
     623  7  14  5 1 1 1
     624  7  14  6 1 1 1
     625  7  15  1 1 1 1
     626  7  15  2 1 1 1
     627  7  15  3 1 1 1
     628  7  15  4 1 1 1
     629  7  15  5 1 1 1
     630  7  15  6 1 1 1
     631  8  1  1 1 1 1
     632  8  1  2 1 1 1
     633  8  1  3 1 1 1
     634  8  1  4 1 1 1
     635  8  1  5 1 1 1
     636  8  1  6 1 1 1
     637  8  2  1 1 1 1
     638  8  2  2 1 1 1
     639  8  2  3 1 1 1
     640  8  2  4 1 1 1
     641  8  2  5 1 1 1
     642  8  2  6 1 1 1
     643  8  3  1 1 1 1
     644  8  3  2 1 1 1
     645  8  3  3 1 1 1
     646  8  3  4 1 1 1
     647  8  3  5 1 1 1
     648  8  3  6 1 1 1
     649  8  4  1 1 1 1
     650  8  4  2 1 1 1
     651  8  4  3 1 1 1
     652  8  4  4 1 1 1
     653  8  4  5 1 1 1
     654  8  4  6 1 1 1
     655  8  5  1 1 1 1
     656  8  5  2 1 1 1
     657  8  5  3 1 1 1
     658  8  5  4 1 1 1
     659  8  5  5 1 1 1
     660  8  5  6 1 1 1
     661  8  6  1 1 1 1
     662  8  6  2 1 1 1
     663  8  6  3 1 1 1
     664  8  6  4 1 1 1
     665  8  6  5 1 1 1
     666  8  6  6 1 1 1
     667  8  7  1 1 1 1
     668  8  7  2 1 1 1
     669  8  7  3 1 1 1
     670  8  7  4 1 1 1
     671  8  7  5 1 1 1
     672  8  7  6 1 1 1
     673  8  8  1 1 1 1
     674  8  8  2 1 1 1
     675  8  8  3 1 1 1
     676  8  8  4 1 1 1
     677  8  8  5 1 1 1
     678  8  8  6 1 1 1
     679  8  9  1 1 1 1
     680  8  9  2 1 1 1
     681  8  9  3 1 1 1
     682  8  9  4 1 1 1
     683  8  9  5 1 1 1
     684  8  9  6 1 1 1
     685  8  10  1 1 1 1
     686  8  10  2 1 1 1
     687  8  10  3 1 1 1
     688  8  10  4 1 1 1
     689  8  10  5 1 1 1
     690  8  10  6 1 1 1
     691  8  11  1 1 1 1
     692  8  11  2 1 1 1
     693  8  11  3 1 1 1
     694  8  11  4 1 1 1
     695  8  11  5 1 1 1
     696  8  11  6 1 1 1
     697  8  12  1 1 1 1
     698  8  12  2 1 1 1
     699  8  12  3 1 1 1
     700  8  12  4 1 1 1
     701  8  12  5 1 1 1
     702  8  12  6 1 1 1
     703  8  13  1 1 1 1
     704  8  13  2 1 1 1
     705  8  13  3 1 1 1
     706  8  13  4 1 1 1
     707  8  13  5 1 1 1
     708  8  13  6 1 1 1
     709  8  14  1 1 1 1
     710  8  14  2 1 1 1
     711  8  14  3 1 1 1
     712  8  14  4 1 1 1
     713  8  14  5 1 1 1
     714  8  14  6 1 1 1
     715  8  15  1 1 1 1
     716  8  15  2 1 1 1
     717  8  15  3 1 1 1
     718  8  15  4 1 1 1
     719  8  15  5 1 1 1
     720  8  15  6 1 1 1
     721  9  1  1 1 1 1
     722  9  1  2 1 1 1
     723  9  1  3 1 1 1
     724  9  1  4 1 1 1
     725  9  1  5 1 1 1
     726  9  1  6 1 1 1
     727  9  2  1 1 1 1
     728  9  2  2 1 1 1
     729  9  2  3 1 1 1
     730  9  2  4 1 1 1
     731  9  2  5 1 1 1
     732  9  2  6 1 1 1
     733  9  3  1 1 1 1
     734  9  3  2 1 1 1
     735  9  3  3 1 1 1
     736  9  3  4 1 1 1
     737  9  3  5 1 1 1
     738  9  3  6 1 1 1
     739  9  4  1 1 1 1
     740  9  4  2 1 1 1
     741  9  4  3 1 1 1
     742  9  4  4 1 1 1
     743  9  4  5 1 1 1
     744  9  4  6 1 1 1
     745  9  5  1 1 1 1
     746  9  5  2 1 1 1
     747  9  5  3 1 1 1
     748  9  5  4 1 1 1
     749  9  5  5 1 1 1
     750  9  5  6 1 1 1
     751  9  6  1 1 1 1
     752  9  6  2 1 1 1
     753  9  6  3 1 1 1
     754  9  6  4 1 1 1
     755  9  6  5 1 1 1
     756  9  6  6 1 1 1
     757  9  7  1 1 1 1
     758  9  7  2 1 1 1
     759  9  7  3 1 1 1
     760  9  7  4 1 1 1
     761  9  7  5 1 1 1
     762  9  7  6 1 1 1
     763  9  8  1 1 1 1
     764  9  8  2 1 1 1
     765  9  8  3 1 1 1
     766  9  8  4 1 1 1
     767  9  8  5 1 1 1
     768  9  8  6 1 1 1
     769  9  9  1 1 1 1
     770  9  9  2 1 1 1
     771  9  9  3 1 1 1
     772  9  9  4 1 1 1
     773  9  9  5 1 1 1
     774  9  9  6 1 1 1
     775  9  10  1 1 1 1
     776  9  10  2 1 1 1
     777  9  10  3 1 1 1
     778  9  10  4 1 1 1
     779  9  10  5 1 1 1
     780  9  10  6 1 1 1
     781  9  11  1 1 1 1
     782  9  11  2 1 1 1
     783  9  11  3 1 1 1
     784  9  11  4 1 1 1
     785  9  11  5 1 1 1
     786  9  11  6 1 1 1
     787  9  12  1 1 1 1
     788  9  12  2 1 1 1
     789  9  12  3 1 1 1
     790  9  12  4 1 1 1
     791  9  12  5 1 1 1
     792  9  12  6 1 1 1
     793  9  13  1 1 1 1
     794  9  13  2 1 1 1
     795  9  13  3 1 1 1
     796  9  13  4 1 1 1
     797  9  13  5 1 1 1
     798  9  13  6 1 1 1
     799  9  14  1 1 1 1
     800  9  14  2 1 1 1
     801  9  14  3 1 1 1
     802  9  14  4 1 1 1
     803  9  14  5 1 1 1
     804  9  14  6 1 1 1
     805  9  15  1 1 1 1
     806  9  15  2 1 1 1
     807  9  15  3 1 1 1
     808  9  15  4 1 1 1
     809  9  15  5 1 1 1
     810  9  15  6 1 1 1
     811  10  1  1 1 1 1
     812  10  1  2 1 1 1
     813  10  1  3 1 1 1
     814  10  1  4 1 1 1
     815  10  1  5 1 1 1
     816  10  1  6 1 1 1
     817  10  2  1 1 1 1
     818  10  2  2 1 1 1
     819  10  2  3 1 1 1
     820  10  2  4 1 1 1
     821  10  2  5 1 1 1
     822  10  2  6 1 1 1
     823  10  3  1 1 1 1
     824  10  3  2 1 1 1
     825  10  3  3 1 1 1
     826  10  3  4 1 1 1
     827  10  3  5 1 1 1
     828  10  3  6 1 1 1
     829  10  4  1 1 1 1
     830  10  4  2 1 1 1
     831  10  4  3 1 1 1
     832  10  4  4 1 1 1
     833  10  4  5 1 1 1
     834  10  4  6 1 1 1
     835  10  5  1 1 1 1
     836  10  5  2 1 1 1
     837  10  5  3 1 1 1
     838  10  5  4 1 1 1
     839  10  5  5 1 1 1
     840  10  5  6 1 1 1
     841  10  6  1 1 1 1
     842  10  6  2 1 1 1
     843  10  6  3 1 1 1
     844  10  6  4 1 1 1
     845  10  6  5 1 1 1
     846  10  6  6 1 1 1
     847  10  7  1 1 1 1
     848  10  7  2 1 1 1
     849  10  7  3 1 1 1
     850  10  7  4 1 1 1
     851  10  7  5 1 1 1
     852  10  7  6 1 1 1
     853  10  8  1 1 1 1
     854  10  8  2 1 1 1
     855  10  8  3 1 1 1
     856  10  8  4 1 1 1
     857  10  8  5 1 1 1
     858  10  8  6 1 1 1
     859  10  9  1 1 1 1
     860  10  9  2 1 1 1
     861  10  9  3 1 1 1
     862  10  9  4 1 1 1
     863  10  9  5 1 1 1
     864  10  9  6 1 1 1
     865  10  10  1 1 1 1
     866  10  10  2 1 1 1
     867  10  10  3 1 1 1
     868  10  10  4 1 1 1
     869  10  10  5 1 1 1
     870  10  10  6 1 1 1
     871  10  11  1 1 1 1
     872  10  11  2 1 1 1
     873  10  11  3 1 1 1
     874  10  11  4 1 1 1
     875  10  11  5 1 1 1
     876  10  11  6 1 1 1
     877  10  12  1 1 1 1
     878  10  12  2 1 1 1
     879  10  12  3 1 1 1
     880  10  12  4 1 1 1
     881  10  12  5 1 1 1
     882  10  12  6 1 1 1
     883  10  13  1 1 1 1
     884  10  13  2 1 1 1
     885  10  13  3 1 1 1
     886  10  13  4 1 1 1
     887  10  13  5 1 1 1
     888  10  13  6 1 1 1
     889  10  14  1 1 1 1
     890  10  14  2 1 1 1
     891  10  14  3 1 1 1
     892  10  14  4 1 1 1
     893  10  14  5 1 1 1
     894  10  14  6 1 1 1
     895  10  15  1 1 1 1
     896  10  15  2 1 1 1
     897  10  15  3 1 1 1
     898  10  15  4 1 1 1
     899  10  15  5 1 1 1
     900  10  15  6 1 1 1
     901  11  1  1 1 1 1
     902  11  1  2 1 1 1
     903  11  1  3 1 1 1
     904  11  1  4 1 1 1
     905  11  1  5 1 1 1
     906  11  1  6 1 1 1
     907  11  2  1 1 1 1
     908  11  2  2 1 1 1
     909  11  2  3 1 1 1
     910  11  2  4 1 1 1
     911  11  2  5 1 1 1
     912  11  2  6 1 1 1
     913  11  3  1 1 1 1
     914  11  3  2 1 1 1
     915  11  3  3 1 1 1
     916  11  3  4 1 1 1
     917  11  3  5 1 1 1
     918  11  3  6 1 1 1
     919  11  4  1 1 1 1
     920  11  4  2 1 1 1
     921  11  4  3 1 1 1
     922  11  4  4 1 1 1
     923  11  4  5 1 1 1
     924  11  4  6 1 1 1
     925  11  5  1 1 1 1
     926  11  5  2 1 1 1
     927  11  5  3 1 1 1
     928  11  5  4 1 1 1
     929  11  5  5 1 1 1
     930  11  5  6 1 1 1
     931  11  6  1 1 1 1
     932  11  6  2 1 1 1
     933  11  6  3 1 1 1
     934  11  6  4 1 1 1
     935  11  6  5 1 1 1
     936  11  6  6 1 1 1
     937  11  7  1 1 1 1
     938  11  7  2 1 1 1
     939  11  7  3 1 1 1
     940  11  7  4 1 1 1
     941  11  7  5 1 1 1
     942  11  7  6 1 1 1
     943  11  8  1 1 1 1
     944  11  8  2 1 1 1
     945  11  8  3 1 1 1
     946  11  8  4 1 1 1
     947  11  8  5 1 1 1
     948  11  8  6 1 1 1
     949  11  9  1 1 1 1
     950  11  9  2 1 1 1
     951  11  9  3 1 1 1
     952  11  9  4 1 1 1
     953  11  9  5 1 1 1
     954  11  9  6 1 1 1
     955  11  10  1 1 1 1
     956  11  10  2 1 1 1
     957  11  10  3 1 1 1
     958  11  10  4 1 1 1
     959  11  10  5 1 1 1
     960  11  10  6 1 1 1
     961  11  11  1 1 1 1
     962  11  11  2 1 1 1
     963  11  11  3 1 1 1
     964  11  11  4 1 1 1
     965  11  11  5 1 1 1
     966  11  11  6 1 1 1
     967  11  12  1 1 1 1
     968  11  12  2 1 1 1
     969  11  12  3 1 1 1
     970  11  12  4 1 1 1
     971  11  12  5 1 1 1
     972  11  12  6 1 1 1
     973  11  13  1 1 1 1
     974  11  13  2 1 1 1
     975  11  13  3 1 1 1
     976  11  13  4 1 1 1
     977  11  13  5 1 1 1
     978  11  13  6 1 1 1
     979  11  14  1 1 1 1
     980  11  14  2 1 1 1
     981  11  14  3 1 1 1
     982  11  14  4 1 1 1
     983  11  14  5 1 1 1
     984  11  14  6 1 1 1
     985  11  15  1 1 1 1
     986  11  15  2 1 1 1
     987  11  15  3 1 1 1
     988  11  15  4 1 1 1
     989  11  15  5 1 1 1
     990  11  15  6 1 1 1
     991  12  1  1 1 1 1
     992  12  1  2 1 1 1
     993  12  1  3 1 1 1
     994  12  1  4 1 1 1
     995  12  1  5 1 1 1
     996  12  1  6 1 1 1
     997  12  2  1 1 1 1
     998  12  2  2 1 1 1
     999  12  2  3 1 1 1
     1000  12  2  4 1 1 1
     1001  12  2  5 1 1 1
     1002  12  2  6 1 1 1
     1003  12  3  1 1 1 1
     1004  12  3  2 1 1 1
     1005  12  3  3 1 1 1
     1006  12  3  4 1 1 1
     1007  12  3  5 1 1 1
     1008  12  3  6 1 1 1
     1009  12  4  1 1 1 1
     1010  12  4  2 1 1 1
     1011  12  4  3 1 1 1
     1012  12  4  4 1 1 1
     1013  12  4  5 1 1 1
     1014  12  4  6 1 1 1
     1015  12  5  1 1 1 1
     1016  12  5  2 1 1 1
     1017  12  5  3 1 1 1
     1018  12  5  4 1 1 1
     1019  12  5  5 1 1 1
     1020  12  5  6 1 1 1
     1021  12  6  1 1 1 1
     1022  12  6  2 1 1 1
     1023  12  6  3 1 1 1
     1024  12  6  4 1 1 1
     1025  12  6  5 1 1 1
     1026  12  6  6 1 1 1
     1027  12  7  1 1 1 1
     1028  12  7  2 1 1 1
     1029  12  7  3 1 1 1
     1030  12  7  4 1 1 1
     1031  12  7  5 1 1 1
     1032  12  7  6 1 1 1
     1033  12  8  1 1 1 1
     1034  12  8  2 1 1 1
     1035  12  8  3 1 1 1
     1036  12  8  4 1 1 1
     1037  12  8  5 1 1 1
     1038  12  8  6 1 1 1
     1039  12  9  1 1 1 1
     1040  12  9  2 1 1 1
     1041  12  9  3 1 1 1
     1042  12  9  4 1 1 1
     1043  12  9  5 1 1 1
     1044  12  9  6 1 1 1
     1045  12  10  1 1 1 1
     1046  12  10  2 1 1 1
     1047  12  10  3 1 1 1
     1048  12  10  4 1 1 1
     1049  12  10  5 1 1 1
     1050  12  10  6 1 1 1
     1051  12  11  1 1 1 1
     1052  12  11  2 1 1 1
     1053  12  11  3 1 1 1
     1054  12  11  4 1 1 1
     1055  12  11  5 1 1 1
     1056  12  11  6 1 1 1
     1057  12  12  1 1 1 1
     1058  12  12  2 1 1 1
     1059  12  12  3 1 1 1
     1060  12  12  4 1 1 1
     1061  12  12  5 1 1 1
     1062  12  12  6 1 1 1
     1063  12  13  1 1 1 1
     1064  12  13  2 1 1 1
     1065  12  13  3 1 1 1
     1066  12  13  4 1 1 1
     1067  12  13  5 1 1 1
     1068  12  13  6 1 1 1
     1069  12  14  1 1 1 1
     1070  12  14  2 1 1 1
     1071  12  14  3 1 1 1
     1072  12  14  4 1 1 1
     1073  12  14  5 1 1 1
     1074  12  14  6 1 1 1
     1075  12  15  1 1 1 1
     1076  12  15  2 1 1 1
     1077  12  15  3 1 1 1
     1078  12  15  4 1 1 1
     1079  12  15  5 1 1 1
     1080  12  15  6 1 1 1
     1081  13  1  1 1 1 1
     1082  13  1  2 1 1 1
     1083  13  1  3 1 1 1
     1084  13  1  4 1 1 1
     1085  13  1  5 1 1 1
     1086  13  1  6 1 1 1
     1087  13  2  1 1 1 1
     1088  13  2  2 1 1 1
     1089  13  2  3 1 1 1
     1090  13  2  4 1 1 1
     1091  13  2  5 1 1 1
     1092  13  2  6 1 1 1
     1093  13  3  1 1 1 1
     1094  13  3  2 1 1 1
     1095  13  3  3 1 1 1
     1096  13  3  4 1 1 1
     1097  13  3  5 1 1 1
     1098  13  3  6 1 1 1
     1099  13  4  1 1 1 1
     1100  13  4  2 1 1 1
     1101  13  4  3 1 1 1
     1102  13  4  4 1 1 1
     1103  13  4  5 1 1 1
     1104  13  4  6 1 1 1
     1105  13  5  1 1 1 1
     1106  13  5  2 1 1 1
     1107  13  5  3 1 1 1
     1108  13  5  4 1 1 1
     1109  13  5  5 1 1 1
     1110  13  5  6 1 1 1
     1111  13  6  1 1 1 1
     1112  13  6  2 1 1 1
     1113  13  6  3 1 1 1
     1114  13  6  4 1 1 1
     1115  13  6  5 1 1 1
     1116  13  6  6 1 1 1
     1117  13  7  1 1 1 1
     1118  13  7  2 1 1 1
     1119  13  7  3 1 1 1
     1120  13  7  4 1 1 1
     1121  13  7  5 1 1 1
     1122  13  7  6 1 1 1
     1123  13  8  1 1 1 1
     1124  13  8  2 1 1 1
     1125  13  8  3 1 1 1
     1126  13  8  4 1 1 1
     1127  13  8  5 1 1 1
     1128  13  8  6 1 1 1
     1129  13  9  1 1 1 1
     1130  13  9  2 1 1 1
     1131  13  9  3 1 1 1
     1132  13  9  4 1 1 1
     1133  13  9  5 1 1 1
     1134  13  9  6 1 1 1
     1135  13  10  1 1 1 1
     1136  13  10  2 1 1 1
     1137  13  10  3 1 1 1
     1138  13  10  4 1 1 1
     1139  13  10  5 1 1 1
     1140  13  10  6 1 1 1
     1141  13  11  1 1 1 1
     1142  13  11  2 1 1 1
     1143  13  11  3 1 1 1
     1144  13  11  4 1 1 1
     1145  13  11  5 1 1 1
     1146  13  11  6 1 1 1
     1147  13  12  1 1 1 1
     1148  13  12  2 1 1 1
     1149  13  12  3 1 1 1
     1150  13  12  4 1 1 1
     1151  13  12  5 1 1 1
     1152  13  12  6 1 1 1
     1153  13  13  1 1 1 1
     1154  13  13  2 1 1 1
     1155  13  13  3 1 1 1
     1156  13  13  4 1 1 1
     1157  13  13  5 1 1 1
     1158  13  13  6 1 1 1
     1159  13  14  1 1 1 1
     1160  13  14  2 1 1 1
     1161  13  14  3 1 1 1
     1162  13  14  4 1 1 1
     1163  13  14  5 1 1 1
     1164  13  14  6 1 1 1
     1165  13  15  1 1 1 1
     1166  13  15  2 1 1 1
     1167  13  15  3 1 1 1
     1168  13  15  4 1 1 1
     1169  13  15  5 1 1 1
     1170  13  15  6 1 1 1
     1171  14  1  1 1 1 1
     1172  14  1  2 1 1 1
     1173  14  1  3 1 1 1
     1174  14  1  4 1 1 1
     1175  14  1  5 1 1 1
     1176  14  1  6 1 1 1
     1177  14  2  1 1 1 1
     1178  14  2  2 1 1 1
     1179  14  2  3 1 1 1
     1180  14  2  4 1 1 1
     1181  14  2  5 1 1 1
     1182  14  2  6 1 1 1
     1183  14  3  1 1 1 1
     1184  14  3  2 1 1 1
     1185  14  3  3 1 1 1
     1186  14  3  4 1 1 1
     1187  14  3  5 1 1 1
     1188  14  3  6 1 1 1
     1189  14  4  1 1 1 1
     1190  14  4  2 1 1 1
     1191  14  4  3 1 1 1
     1192  14  4  4 1 1 1
     1193  14  4  5 1 1 1
     1194  14  4  6 1 1 1
     1195  14  5  1 1 1 1
     1196  14  5  2 1 1 1
     1197  14  5  3 1 1 1
     1198  14  5  4 1 1 1
     1199  14  5  5 1 1 1
     1200  14  5  6 1 1 1
     1201  14  6  1 1 1 1
     1202  14  6  2 1 1 1
     1203  14  6  3 1 1 1
     1204  14  6  4 1 1 1
     1205  14  6  5 1 1 1
     1206  14  6  6 1 1 1
     1207  14  7  1 1 1 1
     1208  14  7  2 1 1 1
     1209  14  7  3 1 1 1
     1210  14  7  4 1 1 1
     1211  14  7  5 1 1 1
     1212  14  7  6 1 1 1
     1213  14  8  1 1 1 1
     1214  14  8  2 1 1 1
     1215  14  8  3 1 1 1
     1216  14  8  4 1 1 1
     1217  14  8  5 1 1 1
     1218  14  8  6 1 1 1
     1219  14  9  1 1 1 1
     1220  14  9  2 1 1 1
     1221  14  9  3 1 1 1
     1222  14  9  4 1 1 1
     1223  14  9  5 1 1 1
     1224  14  9  6 1 1 1
     1225  14  10  1 1 1 1
     1226  14  10  2 1 1 1
     1227  14  10  3 1 1 1
     1228  14  10  4 1 1 1
     1229  14  10  5 1 1 1
     1230  14  10  6 1 1 1
     1231  14  11  1 1 1 1
     1232  14  11  2 1 1 1
     1233  14  11  3 1 1 1
     1234  14  11  4 1 1 1
     1235  14  11  5 1 1 1
     1236  14  11  6 1 1 1
     1237  14  12  1 1 1 1
     1238  14  12  2 1 1 1
     1239  14  12  3 1 1 1
     1240  14  12  4 1 1 1
     1241  14  12  5 1 1 1
     1242  14  12  6 1 1 1
     1243  14  13  1 1 1 1
     1244  14  13  2 1 1 1
     1245  14  13  3 1 1 1
     1246  14  13  4 1 1 1
     1247  14  13  5 1 1 1
     1248  14  13  6 1 1 1
     1249  14  14  1 1 1 1
     1250  14  14  2 1 1 1
     1251  14  14  3 1 1 1
     1252  14  14  4 1 1 1
     1253  14  14  5 1 1 1
     1254  14  14  6 1 1 1
     1255  14  15  1 1 1 1
     1256  14  15  2 1 1 1
     1257  14  15  3 1 1 1
     1258  14  15  4 1 1 1
     1259  14  15  5 1 1 1
     1260  14  15  6 1 1 1