>GEOMETRY   rect_prism; AX,AY,AZ= 0.3668 0.3668 0.3668
     1728 = NAT 
  1.000000  0.000000  0.000000 = A_1 vector
  0.000000  1.000000  0.000000 = A_2 vector
  1.000000  1.000000  1.000000 = lattice spacings (d_x,d_y,d_z)/d
 -0.07610 -0.08670 -0.02565 = lattice offset x0(1-3) = (x_TF, y_TF, z_TF)/d for dipole 0 0 0
     JA  IX  IY  IZ ICOMP(x,y,z)
     1  1  1  1 1 1 1
     2  1  1  2 1 1 1
     3  1  1  3 1 1 1
     4  1  1  4 1 1 1
     5  1  1  5 1 1 1
     6  1  1  6 1 1 1
     7  1  2  1 1 1 1
     8  1  2  2 1 1 1
     9  1  2  3 1 1 1
     10  1  2  4 1 1 1
     11  1  2  5 1 1 1
     12  1  2  6 1 1 1
     13  1  3  1 1 1 1
     14  1  3  2 1 1 1
     15  1  3  3 1 1 1
     16  1  3  4 1 1 1
     17  1  3  5 1 1 1
     18  1  3  6 1 1 1
     19  1  4  1 1 1 1
     20  1  4  2 1 1 1
     21  1  4  3 1 1 1
     22  1  4  4 1 1 1
     23  1  4  5 1 1 1
     24  1  4  6 1 1 1
     25  1  5  1 1 1 1
     26  1  5  2 1 1 1
     27  1  5  3 1 1 1
     28  1  5  4 1 1 1
     29  1  5  5 1 1 1
     30  1  5  6 1 1 1
     31  1  6  1 1 1 1
     32  1  6  2 1 1 1
     33  1  6  3 1 1 1
     34  1  6  4 1 1 1
     35  1  6  5 1 1 1
     36  1  6  6 1 1 1
     37  1  7  1 1 1 1
     38  1  7  2 1 1 1
     39  1  7  3 1 1 1
     40  1  7  4 1 1 1
     41  1  7  5 1 1 1
     42  1  7  6 1 1 1
     43  1  8  1 1 1 1
     44  1  8  2 1 1 1
     45  1  8  3 1 1 1
     46  1  8  4 1 1 1
     47  1  8  5 1 1 1
     48  1  8  6 1 1 1
     49  1  9  1 1 1 1
     50  1  9  2 1 1 1
     51  1  9  3 1 1 1
     52  1  9  4 1 1 1
     53  1  9  5 1 1 1
     54  1  9  6 1 1 1
     55  1  10  1 1 1 1
     56  1  10  2 1 1 1
     57  1  10  3 1 1 1
     58  1  10  4 1 1 1
     59  1  10  5 1 1 1
     60  1  10  6 1 1 1
     61  1  11  1 1 1 1
     62  1  11  2 1 1 1
     63  1  11  3 1 1 1
     64  1  11  4 1 1 1
     65  1  11  5 1 1 1
     66  1  11  6 1 1 1
     67  1  12  1 1 1 1
     68  1  12  2 1 1 1
     69  1  12  3 1 1 1
     70  1  12  4 1 1 1
     71  1  12  5 1 1 1
     72  1  12  6 1 1 1
     73  1  13  1 1 1 1
     74  1  13  2 1 1 1
     75  1  13  3 1 1 1
     76  1  13  4 1 1 1
     77  1  13  5 1 1 1
     78  1  13  6 1 1 1
     79  1  14  1 1 1 1
     80  1  14  2 1 1 1
     81  1  14  3 1 1 1
     82  1  14  4 1 1 1
     83  1  14  5 1 1 1
     84  1  14  6 1 1 1
     85  1  15  1 1 1 1
     86  1  15  2 1 1 1
     87  1  15  3 1 1 1
     88  1  15  4 1 1 1
     89  1  15  5 1 1 1
     90  1  15  6 1 1 1
     91  1  16  1 1 1 1
     92  1  16  2 1 1 1
     93  1  16  3 1 1 1
     94  1  16  4 1 1 1
     95  1  16  5 1 1 1
     96  1  16  6 1 1 1
     97  1  17  1 1 1 1
     98  1  17  2 1 1 1
     99  1  17  3 1 1 1
     100  1  17  4 1 1 1
     101  1  17  5 1 1 1
     102  1  17  6 1 1 1
     103  1  18  1 1 1 1
     104  1  18  2 1 1 1
     105  1  18  3 1 1 1
     106  1  18  4 1 1 1
     107  1  18  5 1 1 1
     108  1  18  6 1 1 1
     109  2  1  1 1 1 1
     110  2  1  2 1 1 1
     111  2  1  3 1 1 1
     112  2  1  4 1 1 1
     113  2  1  5 1 1 1
     114  2  1  6 1 1 1
     115  2  2  1 1 1 1
     116  2  2  2 1 1 1
     117  2  2  3 1 1 1
     118  2  2  4 1 1 1
     119  2  2  5 1 1 1
     120  2  2  6 1 1 1
     121  2  3  1 1 1 1
     122  2  3  2 1 1 1
     123  2  3  3 1 1 1
     124  2  3  4 1 1 1
     125  2  3  5 1 1 1
     126  2  3  6 1 1 1
     127  2  4  1 1 1 1
     128  2  4  2 1 1 1
     129  2  4  3 1 1 1
     130  2  4  4 1 1 1
     131  2  4  5 1 1 1
     132  2  4  6 1 1 1
     133  2  5  1 1 1 1
     134  2  5  2 1 1 1
     135  2  5  3 1 1 1
     136  2  5  4 1 1 1
     137  2  5  5 1 1 1
     138  2  5  6 1 1 1
     139  2  6  1 1 1 1
     140  2  6  2 1 1 1
     141  2  6  3 1 1 1
     142  2  6  4 1 1 1
     143  2  6  5 1 1 1
     144  2  6  6 1 1 1
     145  2  7  1 1 1 1
     146  2  7  2 1 1 1
     147  2  7  3 1 1 1
     148  2  7  4 1 1 1
     149  2  7  5 1 1 1
     150  2  7  6 1 1 1
     151  2  8  1 1 1 1
     152  2  8  2 1 1 1
     153  2  8  3 1 1 1
     154  2  8  4 1 1 1
     155  2  8  5 1 1 1
     156  2  8  6 1 1 1
     157  2  9  1 1 1 1
     158  2  9  2 1 1 1
     159  2  9  3 1 1 1
     160  2  9  4 1 1 1
     161  2  9  5 1 1 1
     162  2  9  6 1 1 1
     163  2  10  1 1 1 1
     164  2  10  2 1 1 1
     165  2  10  3 1 1 1
     166  2  10  4 1 1 1
     167  2  10  5 1 1 1
     168  2  10  6 1 1 1
     169  2  11  1 1 1 1
     170  2  11  2 1 1 1
     171  2  11  3 1 1 1
     172  2  11  4 1 1 1
     173  2  11  5 1 1 1
     174  2  11  6 1 1 1
     175  2  12  1 1 1 1
     176  2  12  2 1 1 1
     177  2  12  3 1 1 1
     178  2  12  4 1 1 1
     179  2  12  5 1 1 1
     180  2  12  6 1 1 1
     181  2  13  1 1 1 1
     182  2  13  2 1 1 1
     183  2  13  3 1 1 1
     184  2  13  4 1 1 1
     185  2  13  5 1 1 1
     186  2  13  6 1 1 1
     187  2  14  1 1 1 1
     188  2  14  2 1 1 1
     189  2  14  3 1 1 1
     190  2  14  4 1 1 1
     191  2  14  5 1 1 1
     192  2  14  6 1 1 1
     193  2  15  1 1 1 1
     194  2  15  2 1 1 1
     195  2  15  3 1 1 1
     196  2  15  4 1 1 1
     197  2  15  5 1 1 1
     198  2  15  6 1 1 1
     199  2  16  1 1 1 1
     200  2  16  2 1 1 1
     201  2  16  3 1 1 1
     202  2  16  4 1 1 1
     203  2  16  5 1 1 1
     204  2  16  6 1 1 1
     205  2  17  1 1 1 1
     206  2  17  2 1 1 1
     207  2  17  3 1 1 1
     208  2  17  4 1 1 1
     209  2  17  5 1 1 1
     210  2  17  6 1 1 1
     211  2  18  1 1 1 1
     212  2  18  2 1 1 1
     213  2  18  3 1 1 1
     214  2  18  4 1 1 1
     215  2  18  5 1 1 1
     216  2  18  6 1 1 1
     217  3  1  1 1 1 1
     218  3  1  2 1 1 1
     219  3  1  3 1 1 1
     220  3  1  4 1 1 1
     221  3  1  5 1 1 1
     222  3  1  6 1 1 1
     223  3  2  1 1 1 1
     224  3  2  2 1 1 1
     225  3  2  3 1 1 1
     226  3  2  4 1 1 1
     227  3  2  5 1 1 1
     228  3  2  6 1 1 1
     229  3  3  1 1 1 1
     230  3  3  2 1 1 1
     231  3  3  3 1 1 1
     232  3  3  4 1 1 1
     233  3  3  5 1 1 1
     234  3  3  6 1 1 1
     235  3  4  1 1 1 1
     236  3  4  2 1 1 1
     237  3  4  3 1 1 1
     238  3  4  4 1 1 1
     239  3  4  5 1 1 1
     240  3  4  6 1 1 1
     241  3  5  1 1 1 1
     242  3  5  2 1 1 1
     243  3  5  3 1 1 1
     244  3  5  4 1 1 1
     245  3  5  5 1 1 1
     246  3  5  6 1 1 1
     247  3  6  1 1 1 1
     248  3  6  2 1 1 1
     249  3  6  3 1 1 1
     250  3  6  4 1 1 1
     251  3  6  5 1 1 1
     252  3  6  6 1 1 1
     253  3  7  1 1 1 1
     254  3  7  2 1 1 1
     255  3  7  3 1 1 1
     256  3  7  4 1 1 1
     257  3  7  5 1 1 1
     258  3  7  6 1 1 1
     259  3  8  1 1 1 1
     260  3  8  2 1 1 1
     261  3  8  3 1 1 1
     262  3  8  4 1 1 1
     263  3  8  5 1 1 1
     264  3  8  6 1 1 1
     265  3  9  1 1 1 1
     266  3  9  2 1 1 1
     267  3  9  3 1 1 1
     268  3  9  4 1 1 1
     269  3  9  5 1 1 1
     270  3  9  6 1 1 1
     271  3  10  1 1 1 1
     272  3  10  2 1 1 1
     273  3  10  3 1 1 1
     274  3  10  4 1 1 1
     275  3  10  5 1 1 1
     276  3  10  6 1 1 1
     277  3  11  1 1 1 1
     278  3  11  2 1 1 1
     279  3  11  3 1 1 1
     280  3  11  4 1 1 1
     281  3  11  5 1 1 1
     282  3  11  6 1 1 1
     283  3  12  1 1 1 1
     284  3  12  2 1 1 1
     285  3  12  3 1 1 1
     286  3  12  4 1 1 1
     287  3  12  5 1 1 1
     288  3  12  6 1 1 1
     289  3  13  1 1 1 1
     290  3  13  2 1 1 1
     291  3  13  3 1 1 1
     292  3  13  4 1 1 1
     293  3  13  5 1 1 1
     294  3  13  6 1 1 1
     295  3  14  1 1 1 1
     296  3  14  2 1 1 1
     297  3  14  3 1 1 1
     298  3  14  4 1 1 1
     299  3  14  5 1 1 1
     300  3  14  6 1 1 1
     301  3  15  1 1 1 1
     302  3  15  2 1 1 1
     303  3  15  3 1 1 1
     304  3  15  4 1 1 1
     305  3  15  5 1 1 1
     306  3  15  6 1 1 1
     307  3  16  1 1 1 1
     308  3  16  2 1 1 1
     309  3  16  3 1 1 1
     310  3  16  4 1 1 1
     311  3  16  5 1 1 1
     312  3  16  6 1 1 1
     313  3  17  1 1 1 1
     314  3  17  2 1 1 1
     315  3  17  3 1 1 1
     316  3  17  4 1 1 1
     317  3  17  5 1 1 1
     318  3  17  6 1 1 1
     319  3  18  1 1 1 1
     320  3  18  2 1 1 1
     321  3  18  3 1 1 1
     322  3  18  4 1 1 1
     323  3  18  5 1 1 1
     324  3  18  6 1 1 1
     325  4  1  1 1 1 1
     326  4  1  2 1 1 1
     327  4  1  3 1 1 1
     328  4  1  4 1 1 1
     329  4  1  5 1 1 1
     330  4  1  6 1 1 1
     331  4  2  1 1 1 1
     332  4  2  2 1 1 1
     333  4  2  3 1 1 1
     334  4  2  4 1 1 1
     335  4  2  5 1 1 1
     336  4  2  6 1 1 1
     337  4  3  1 1 1 1
     338  4  3  2 1 1 1
     339  4  3  3 1 1 1
     340  4  3  4 1 1 1
     341  4  3  5 1 1 1
     342  4  3  6 1 1 1
     343  4  4  1 1 1 1
     344  4  4  2 1 1 1
     345  4  4  3 1 1 1
     346  4  4  4 1 1 1
     347  4  4  5 1 1 1
     348  4  4  6 1 1 1
     349  4  5  1 1 1 1
     350  4  5  2 1 1 1
     351  4  5  3 1 1 1
     352  4  5  4 1 1 1
     353  4  5  5 1 1 1
     354  4  5  6 1 1 1
     355  4  6  1 1 1 1
     356  4  6  2 1 1 1
     357  4  6  3 1 1 1
     358  4  6  4 1 1 1
     359  4  6  5 1 1 1
     360  4  6  6 1 1 1
     361  4  7  1 1 1 1
     362  4  7  2 1 1 1
     363  4  7  3 1 1 1
     364  4  7  4 1 1 1
     365  4  7  5 1 1 1
     366  4  7  6 1 1 1
     367  4  8  1 1 1 1
     368  4  8  2 1 1 1
     369  4  8  3 1 1 1
     370  4  8  4 1 1 1
     371  4  8  5 1 1 1
     372  4  8  6 1 1 1
     373  4  9  1 1 1 1
     374  4  9  2 1 1 1
     375  4  9  3 1 1 1
     376  4  9  4 1 1 1
     377  4  9  5 1 1 1
     378  4  9  6 1 1 1
     379  4  10  1 1 1 1
     380  4  10  2 1 1 1
     381  4  10  3 1 1 1
     382  4  10  4 1 1 1
     383  4  10  5 1 1 1
     384  4  10  6 1 1 1
     385  4  11  1 1 1 1
     386  4  11  2 1 1 1
     387  4  11  3 1 1 1
     388  4  11  4 1 1 1
     389  4  11  5 1 1 1
     390  4  11  6 1 1 1
     391  4  12  1 1 1 1
     392  4  12  2 1 1 1
     393  4  12  3 1 1 1
     394  4  12  4 1 1 1
     395  4  12  5 1 1 1
     396  4  12  6 1 1 1
     397  4  13  1 1 1 1
     398  4  13  2 1 1 1
     399  4  13  3 1 1 1
     400  4  13  4 1 1 1
     401  4  13  5 1 1 1
     402  4  13  6 1 1 1
     403  4  14  1 1 1 1
     404  4  14  2 1 1 1
     405  4  14  3 1 1 1
     406  4  14  4 1 1 1
     407  4  14  5 1 1 1
     408  4  14  6 1 1 1
     409  4  15  1 1 1 1
     410  4  15  2 1 1 1
     411  4  15  3 1 1 1
     412  4  15  4 1 1 1
     413  4  15  5 1 1 1
     414  4  15  6 1 1 1
     415  4  16  1 1 1 1
     416  4  16  2 1 1 1
     417  4  16  3 1 1 1
     418  4  16  4 1 1 1
     419  4  16  5 1 1 1
     420  4  16  6 1 1 1
     421  4  17  1 1 1 1
     422  4  17  2 1 1 1
     423  4  17  3 1 1 1
     424  4  17  4 1 1 1
     425  4  17  5 1 1 1
     426  4  17  6 1 1 1
     427  4  18  1 1 1 1
     428  4  18  2 1 1 1
     429  4  18  3 1 1 1
     430  4  18  4 1 1 1
     431  4  18  5 1 1 1
     432  4  18  6 1 1 1
     433  5  1  1 1 1 1
     434  5  1  2 1 1 1
     435  5  1  3 1 1 1
     436  5  1  4 1 1 1
     437  5  1  5 1 1 1
     438  5  1  6 1 1 1
     439  5  2  1 1 1 1
     440  5  2  2 1 1 1
     441  5  2  3 1 1 1
     442  5  2  4 1 1 1
     443  5  2  5 1 1 1
     444  5  2  6 1 1 1
     445  5  3  1 1 1 1
     446  5  3  2 1 1 1
     447  5  3  3 1 1 1
     448  5  3  4 1 1 1
     449  5  3  5 1 1 1
     450  5  3  6 1 1 1
     451  5  4  1 1 1 1
     452  5  4  2 1 1 1
     453  5  4  3 1 1 1
     454  5  4  4 1 1 1
     455  5  4  5 1 1 1
     456  5  4  6 1 1 1
     457  5  5  1 1 1 1
     458  5  5  2 1 1 1
     459  5  5  3 1 1 1
     460  5  5  4 1 1 1
     461  5  5  5 1 1 1
     462  5  5  6 1 1 1
     463  5  6  1 1 1 1
     464  5  6  2 1 1 1
     465  5  6  3 1 1 1
     466  5  6  4 1 1 1
     467  5  6  5 1 1 1
     468  5  6  6 1 1 1
     469  5  7  1 1 1 1
     470  5  7  2 1 1 1
     471  5  7  3 1 1 1
     472  5  7  4 1 1 1
     473  5  7  5 1 1 1
     474  5  7  6 1 1 1
     475  5  8  1 1 1 1
     476  5  8  2 1 1 1
     477  5  8  3 1 1 1
     478  5  8  4 1 1 1
     479  5  8  5 1 1 1
     480  5  8  6 1 1 1
     481  5  9  1 1 1 1
     482  5  9  2 1 1 1
     483  5  9  3 1 1 1
     484  5  9  4 1 1 1
     485  5  9  5 1 1 1
     486  5  9  6 1 1 1
     487  5  10  1 1 1 1
     488  5  10  2 1 1 1
     489  5  10  3 1 1 1
     490  5  10  4 1 1 1
     491  5  10  5 1 1 1
     492  5  10  6 1 1 1
     493  5  11  1 1 1 1
     494  5  11  2 1 1 1
     495  5  11  3 1 1 1
     496  5  11  4 1 1 1
     497  5  11  5 1 1 1
     498  5  11  6 1 1 1
     499  5  12  1 1 1 1
     500  5  12  2 1 1 1
     501  5  12  3 1 1 1
     502  5  12  4 1 1 1
     503  5  12  5 1 1 1
     504  5  12  6 1 1 1
     505  5  13  1 1 1 1
     506  5  13  2 1 1 1
     507  5  13  3 1 1 1
     508  5  13  4 1 1 1
     509  5  13  5 1 1 1
     510  5  13  6 1 1 1
     511  5  14  1 1 1 1
     512  5  14  2 1 1 1
     513  5  14  3 1 1 1
     514  5  14  4 1 1 1
     515  5  14  5 1 1 1
     516  5  14  6 1 1 1
     517  5  15  1 1 1 1
     518  5  15  2 1 1 1
     519  5  15  3 1 1 1
     520  5  15  4 1 1 1
     521  5  15  5 1 1 1
     522  5  15  6 1 1 1
     523  5  16  1 1 1 1
     524  5  16  2 1 1 1
     525  5  16  3 1 1 1
     526  5  16  4 1 1 1
     527  5  16  5 1 1 1
     528  5  16  6 1 1 1
     529  5  17  1 1 1 1
     530  5  17  2 1 1 1
     531  5  17  3 1 1 1
     532  5  17  4 1 1 1
     533  5  17  5 1 1 1
     534  5  17  6 1 1 1
     535  5  18  1 1 1 1
     536  5  18  2 1 1 1
     537  5  18  3 1 1 1
     538  5  18  4 1 1 1
     539  5  18  5 1 1 1
     540  5  18  6 1 1 1
     541  6  1  1 1 1 1
     542  6  1  2 1 1 1
     543  6  1  3 1 1 1
     544  6  1  4 1 1 1
     545  6  1  5 1 1 1
     546  6  1  6 1 1 1
     547  6  2  1 1 1 1
     548  6  2  2 1 1 1
     549  6  2  3 1 1 1
     550  6  2  4 1 1 1
     551  6  2  5 1 1 1
     552  6  2  6 1 1 1
     553  6  3  1 1 1 1
     554  6  3  2 1 1 1
     555  6  3  3 1 1 1
     556  6  3  4 1 1 1
     557  6  3  5 1 1 1
     558  6  3  6 1 1 1
     559  6  4  1 1 1 1
     560  6  4  2 1 1 1
     561  6  4  3 1 1 1
     562  6  4  4 1 1 1
     563  6  4  5 1 1 1
     564  6  4  6 1 1 1
     565  6  5  1 1 1 1
     566  6  5  2 1 1 1
     567  6  5  3 1 1 1
     568  6  5  4 1 1 1
     569  6  5  5 1 1 1
     570  6  5  6 1 1 1
     571  6  6  1 1 1 1
     572  6  6  2 1 1 1
     573  6  6  3 1 1 1
     574  6  6  4 1 1 1
     575  6  6  5 1 1 1
     576  6  6  6 1 1 1
     577  6  7  1 1 1 1
     578  6  7  2 1 1 1
     579  6  7  3 1 1 1
     580  6  7  4 1 1 1
     581  6  7  5 1 1 1
     582  6  7  6 1 1 1
     583  6  8  1 1 1 1
     584  6  8  2 1 1 1
     585  6  8  3 1 1 1
     586  6  8  4 1 1 1
     587  6  8  5 1 1 1
     588  6  8  6 1 1 1
     589  6  9  1 1 1 1
     590  6  9  2 1 1 1
     591  6  9  3 1 1 1
     592  6  9  4 1 1 1
     593  6  9  5 1 1 1
     594  6  9  6 1 1 1
     595  6  10  1 1 1 1
     596  6  10  2 1 1 1
     597  6  10  3 1 1 1
     598  6  10  4 1 1 1
     599  6  10  5 1 1 1
     600  6  10  6 1 1 1
     601  6  11  1 1 1 1
     602  6  11  2 1 1 1
     603  6  11  3 1 1 1
     604  6  11  4 1 1 1
     605  6  11  5 1 1 1
     606  6  11  6 1 1 1
     607  6  12  1 1 1 1
     608  6  12  2 1 1 1
     609  6  12  3 1 1 1
     610  6  12  4 1 1 1
     611  6  12  5 1 1 1
     612  6  12  6 1 1 1
     613  6  13  1 1 1 1
     614  6  13  2 1 1 1
     615  6  13  3 1 1 1
     616  6  13  4 1 1 1
     617  6  13  5 1 1 1
     618  6  13  6 1 1 1
     619  6  14  1 1 1 1
     620  6  14  2 1 1 1
     621  6  14  3 1 1 1
     622  6  14  4 1 1 1
     623  6  14  5 1 1 1
     624  6  14  6 1 1 1
     625  6  15  1 1 1 1
     626  6  15  2 1 1 1
     627  6  15  3 1 1 1
     628  6  15  4 1 1 1
     629  6  15  5 1 1 1
     630  6  15  6 1 1 1
     631  6  16  1 1 1 1
     632  6  16  2 1 1 1
     633  6  16  3 1 1 1
     634  6  16  4 1 1 1
     635  6  16  5 1 1 1
     636  6  16  6 1 1 1
     637  6  17  1 1 1 1
     638  6  17  2 1 1 1
     639  6  17  3 1 1 1
     640  6  17  4 1 1 1
     641  6  17  5 1 1 1
     642  6  17  6 1 1 1
     643  6  18  1 1 1 1
     644  6  18  2 1 1 1
     645  6  18  3 1 1 1
     646  6  18  4 1 1 1
     647  6  18  5 1 1 1
     648  6  18  6 1 1 1
     649  7  1  1 1 1 1
     650  7  1  2 1 1 1
     651  7  1  3 1 1 1
     652  7  1  4 1 1 1
     653  7  1  5 1 1 1
     654  7  1  6 1 1 1
     655  7  2  1 1 1 1
     656  7  2  2 1 1 1
     657  7  2  3 1 1 1
     658  7  2  4 1 1 1
     659  7  2  5 1 1 1
     660  7  2  6 1 1 1
     661  7  3  1 1 1 1
     662  7  3  2 1 1 1
     663  7  3  3 1 1 1
     664  7  3  4 1 1 1
     665  7  3  5 1 1 1
     666  7  3  6 1 1 1
     667  7  4  1 1 1 1
     668  7  4  2 1 1 1
     669  7  4  3 1 1 1
     670  7  4  4 1 1 1
     671  7  4  5 1 1 1
     672  7  4  6 1 1 1
     673  7  5  1 1 1 1
     674  7  5  2 1 1 1
     675  7  5  3 1 1 1
     676  7  5  4 1 1 1
     677  7  5  5 1 1 1
     678  7  5  6 1 1 1
     679  7  6  1 1 1 1
     680  7  6  2 1 1 1
     681  7  6  3 1 1 1
     682  7  6  4 1 1 1
     683  7  6  5 1 1 1
     684  7  6  6 1 1 1
     685  7  7  1 1 1 1
     686  7  7  2 1 1 1
     687  7  7  3 1 1 1
     688  7  7  4 1 1 1
     689  7  7  5 1 1 1
     690  7  7  6 1 1 1
     691  7  8  1 1 1 1
     692  7  8  2 1 1 1
     693  7  8  3 1 1 1
     694  7  8  4 1 1 1
     695  7  8  5 1 1 1
     696  7  8  6 1 1 1
     697  7  9  1 1 1 1
     698  7  9  2 1 1 1
     699  7  9  3 1 1 1
     700  7  9  4 1 1 1
     701  7  9  5 1 1 1
     702  7  9  6 1 1 1
     703  7  10  1 1 1 1
     704  7  10  2 1 1 1
     705  7  10  3 1 1 1
     706  7  10  4 1 1 1
     707  7  10  5 1 1 1
     708  7  10  6 1 1 1
     709  7  11  1 1 1 1
     710  7  11  2 1 1 1
     711  7  11  3 1 1 1
     712  7  11  4 1 1 1
     713  7  11  5 1 1 1
     714  7  11  6 1 1 1
     715  7  12  1 1 1 1
     716  7  12  2 1 1 1
     717  7  12  3 1 1 1
     718  7  12  4 1 1 1
     719  7  12  5 1 1 1
     720  7  12  6 1 1 1
     721  7  13  1 1 1 1
     722  7  13  2 1 1 1
     723  7  13  3 1 1 1
     724  7  13  4 1 1 1
     725  7  13  5 1 1 1
     726  7  13  6 1 1 1
     727  7  14  1 1 1 1
     728  7  14  2 1 1 1
     729  7  14  3 1 1 1
     730  7  14  4 1 1 1
     731  7  14  5 1 1 1
     732  7  14  6 1 1 1
     733  7  15  1 1 1 1
     734  7  15  2 1 1 1
     735  7  15  3 1 1 1
     736  7  15  4 1 1 1
     737  7  15  5 1 1 1
     738  7  15  6 1 1 1
     739  7  16  1 1 1 1
     740  7  16  2 1 1 1
     741  7  16  3 1 1 1
     742  7  16  4 1 1 1
     743  7  16  5 1 1 1
     744  7  16  6 1 1 1
     745  7  17  1 1 1 1
     746  7  17  2 1 1 1
     747  7  17  3 1 1 1
     748  7  17  4 1 1 1
     749  7  17  5 1 1 1
     750  7  17  6 1 1 1
     751  7  18  1 1 1 1
     752  7  18  2 1 1 1
     753  7  18  3 1 1 1
     754  7  18  4 1 1 1
     755  7  18  5 1 1 1
     756  7  18  6 1 1 1
     757  8  1  1 1 1 1
     758  8  1  2 1 1 1
     759  8  1  3 1 1 1
     760  8  1  4 1 1 1
     761  8  1  5 1 1 1
     762  8  1  6 1 1 1
     763  8  2  1 1 1 1
     764  8  2  2 1 1 1
     765  8  2  3 1 1 1
     766  8  2  4 1 1 1
     767  8  2  5 1 1 1
     768  8  2  6 1 1 1
     769  8  3  1 1 1 1
     770  8  3  2 1 1 1
     771  8  3  3 1 1 1
     772  8  3  4 1 1 1
     773  8  3  5 1 1 1
     774  8  3  6 1 1 1
     775  8  4  1 1 1 1
     776  8  4  2 1 1 1
     777  8  4  3 1 1 1
     778  8  4  4 1 1 1
     779  8  4  5 1 1 1
     780  8  4  6 1 1 1
     781  8  5  1 1 1 1
     782  8  5  2 1 1 1
     783  8  5  3 1 1 1
     784  8  5  4 1 1 1
     785  8  5  5 1 1 1
     786  8  5  6 1 1 1
     787  8  6  1 1 1 1
     788  8  6  2 1 1 1
     789  8  6  3 1 1 1
     790  8  6  4 1 1 1
     791  8  6  5 1 1 1
     792  8  6  6 1 1 1
     793  8  7  1 1 1 1
     794  8  7  2 1 1 1
     795  8  7  3 1 1 1
     796  8  7  4 1 1 1
     797  8  7  5 1 1 1
     798  8  7  6 1 1 1
     799  8  8  1 1 1 1
     800  8  8  2 1 1 1
     801  8  8  3 1 1 1
     802  8  8  4 1 1 1
     803  8  8  5 1 1 1
     804  8  8  6 1 1 1
     805  8  9  1 1 1 1
     806  8  9  2 1 1 1
     807  8  9  3 1 1 1
     808  8  9  4 1 1 1
     809  8  9  5 1 1 1
     810  8  9  6 1 1 1
     811  8  10  1 1 1 1
     812  8  10  2 1 1 1
     813  8  10  3 1 1 1
     814  8  10  4 1 1 1
     815  8  10  5 1 1 1
     816  8  10  6 1 1 1
     817  8  11  1 1 1 1
     818  8  11  2 1 1 1
     819  8  11  3 1 1 1
     820  8  11  4 1 1 1
     821  8  11  5 1 1 1
     822  8  11  6 1 1 1
     823  8  12  1 1 1 1
     824  8  12  2 1 1 1
     825  8  12  3 1 1 1
     826  8  12  4 1 1 1
     827  8  12  5 1 1 1
     828  8  12  6 1 1 1
     829  8  13  1 1 1 1
     830  8  13  2 1 1 1
     831  8  13  3 1 1 1
     832  8  13  4 1 1 1
     833  8  13  5 1 1 1
     834  8  13  6 1 1 1
     835  8  14  1 1 1 1
     836  8  14  2 1 1 1
     837  8  14  3 1 1 1
     838  8  14  4 1 1 1
     839  8  14  5 1 1 1
     840  8  14  6 1 1 1
     841  8  15  1 1 1 1
     842  8  15  2 1 1 1
     843  8  15  3 1 1 1
     844  8  15  4 1 1 1
     845  8  15  5 1 1 1
     846  8  15  6 1 1 1
     847  8  16  1 1 1 1
     848  8  16  2 1 1 1
     849  8  16  3 1 1 1
     850  8  16  4 1 1 1
     851  8  16  5 1 1 1
     852  8  16  6 1 1 1
     853  8  17  1 1 1 1
     854  8  17  2 1 1 1
     855  8  17  3 1 1 1
     856  8  17  4 1 1 1
     857  8  17  5 1 1 1
     858  8  17  6 1 1 1
     859  8  18  1 1 1 1
     860  8  18  2 1 1 1
     861  8  18  3 1 1 1
     862  8  18  4 1 1 1
     863  8  18  5 1 1 1
     864  8  18  6 1 1 1
     865  9  1  1 1 1 1
     866  9  1  2 1 1 1
     867  9  1  3 1 1 1
     868  9  1  4 1 1 1
     869  9  1  5 1 1 1
     870  9  1  6 1 1 1
     871  9  2  1 1 1 1
     872  9  2  2 1 1 1
     873  9  2  3 1 1 1
     874  9  2  4 1 1 1
     875  9  2  5 1 1 1
     876  9  2  6 1 1 1
     877  9  3  1 1 1 1
     878  9  3  2 1 1 1
     879  9  3  3 1 1 1
     880  9  3  4 1 1 1
     881  9  3  5 1 1 1
     882  9  3  6 1 1 1
     883  9  4  1 1 1 1
     884  9  4  2 1 1 1
     885  9  4  3 1 1 1
     886  9  4  4 1 1 1
     887  9  4  5 1 1 1
     888  9  4  6 1 1 1
     889  9  5  1 1 1 1
     890  9  5  2 1 1 1
     891  9  5  3 1 1 1
     892  9  5  4 1 1 1
     893  9  5  5 1 1 1
     894  9  5  6 1 1 1
     895  9  6  1 1 1 1
     896  9  6  2 1 1 1
     897  9  6  3 1 1 1
     898  9  6  4 1 1 1
     899  9  6  5 1 1 1
     900  9  6  6 1 1 1
     901  9  7  1 1 1 1
     902  9  7  2 1 1 1
     903  9  7  3 1 1 1
     904  9  7  4 1 1 1
     905  9  7  5 1 1 1
     906  9  7  6 1 1 1
     907  9  8  1 1 1 1
     908  9  8  2 1 1 1
     909  9  8  3 1 1 1
     910  9  8  4 1 1 1
     911  9  8  5 1 1 1
     912  9  8  6 1 1 1
     913  9  9  1 1 1 1
     914  9  9  2 1 1 1
     915  9  9  3 1 1 1
     916  9  9  4 1 1 1
     917  9  9  5 1 1 1
     918  9  9  6 1 1 1
     919  9  10  1 1 1 1
     920  9  10  2 1 1 1
     921  9  10  3 1 1 1
     922  9  10  4 1 1 1
     923  9  10  5 1 1 1
     924  9  10  6 1 1 1
     925  9  11  1 1 1 1
     926  9  11  2 1 1 1
     927  9  11  3 1 1 1
     928  9  11  4 1 1 1
     929  9  11  5 1 1 1
     930  9  11  6 1 1 1
     931  9  12  1 1 1 1
     932  9  12  2 1 1 1
     933  9  12  3 1 1 1
     934  9  12  4 1 1 1
     935  9  12  5 1 1 1
     936  9  12  6 1 1 1
     937  9  13  1 1 1 1
     938  9  13  2 1 1 1
     939  9  13  3 1 1 1
     940  9  13  4 1 1 1
     941  9  13  5 1 1 1
     942  9  13  6 1 1 1
     943  9  14  1 1 1 1
     944  9  14  2 1 1 1
     945  9  14  3 1 1 1
     946  9  14  4 1 1 1
     947  9  14  5 1 1 1
     948  9  14  6 1 1 1
     949  9  15  1 1 1 1
     950  9  15  2 1 1 1
     951  9  15  3 1 1 1
     952  9  15  4 1 1 1
     953  9  15  5 1 1 1
     954  9  15  6 1 1 1
     955  9  16  1 1 1 1
     956  9  16  2 1 1 1
     957  9  16  3 1 1 1
     958  9  16  4 1 1 1
     959  9  16  5 1 1 1
     960  9  16  6 1 1 1
     961  9  17  1 1 1 1
     962  9  17  2 1 1 1
     963  9  17  3 1 1 1
     964  9  17  4 1 1 1
     965  9  17  5 1 1 1
     966  9  17  6 1 1 1
     967  9  18  1 1 1 1
     968  9  18  2 1 1 1
     969  9  18  3 1 1 1
     970  9  18  4 1 1 1
     971  9  18  5 1 1 1
     972  9  18  6 1 1 1
     973  10  1  1 1 1 1
     974  10  1  2 1 1 1
     975  10  1  3 1 1 1
     976  10  1  4 1 1 1
     977  10  1  5 1 1 1
     978  10  1  6 1 1 1
     979  10  2  1 1 1 1
     980  10  2  2 1 1 1
     981  10  2  3 1 1 1
     982  10  2  4 1 1 1
     983  10  2  5 1 1 1
     984  10  2  6 1 1 1
     985  10  3  1 1 1 1
     986  10  3  2 1 1 1
     987  10  3  3 1 1 1
     988  10  3  4 1 1 1
     989  10  3  5 1 1 1
     990  10  3  6 1 1 1
     991  10  4  1 1 1 1
     992  10  4  2 1 1 1
     993  10  4  3 1 1 1
     994  10  4  4 1 1 1
     995  10  4  5 1 1 1
     996  10  4  6 1 1 1
     997  10  5  1 1 1 1
     998  10  5  2 1 1 1
     999  10  5  3 1 1 1
     1000  10  5  4 1 1 1
     1001  10  5  5 1 1 1
     1002  10  5  6 1 1 1
     1003  10  6  1 1 1 1
     1004  10  6  2 1 1 1
     1005  10  6  3 1 1 1
     1006  10  6  4 1 1 1
     1007  10  6  5 1 1 1
     1008  10  6  6 1 1 1
     1009  10  7  1 1 1 1
     1010  10  7  2 1 1 1
     1011  10  7  3 1 1 1
     1012  10  7  4 1 1 1
     1013  10  7  5 1 1 1
     1014  10  7  6 1 1 1
     1015  10  8  1 1 1 1
     1016  10  8  2 1 1 1
     1017  10  8  3 1 1 1
     1018  10  8  4 1 1 1
     1019  10  8  5 1 1 1
     1020  10  8  6 1 1 1
     1021  10  9  1 1 1 1
     1022  10  9  2 1 1 1
     1023  10  9  3 1 1 1
     1024  10  9  4 1 1 1
     1025  10  9  5 1 1 1
     1026  10  9  6 1 1 1
     1027  10  10  1 1 1 1
     1028  10  10  2 1 1 1
     1029  10  10  3 1 1 1
     1030  10  10  4 1 1 1
     1031  10  10  5 1 1 1
     1032  10  10  6 1 1 1
     1033  10  11  1 1 1 1
     1034  10  11  2 1 1 1
     1035  10  11  3 1 1 1
     1036  10  11  4 1 1 1
     1037  10  11  5 1 1 1
     1038  10  11  6 1 1 1
     1039  10  12  1 1 1 1
     1040  10  12  2 1 1 1
     1041  10  12  3 1 1 1
     1042  10  12  4 1 1 1
     1043  10  12  5 1 1 1
     1044  10  12  6 1 1 1
     1045  10  13  1 1 1 1
     1046  10  13  2 1 1 1
     1047  10  13  3 1 1 1
     1048  10  13  4 1 1 1
     1049  10  13  5 1 1 1
     1050  10  13  6 1 1 1
     1051  10  14  1 1 1 1
     1052  10  14  2 1 1 1
     1053  10  14  3 1 1 1
     1054  10  14  4 1 1 1
     1055  10  14  5 1 1 1
     1056  10  14  6 1 1 1
     1057  10  15  1 1 1 1
     1058  10  15  2 1 1 1
     1059  10  15  3 1 1 1
     1060  10  15  4 1 1 1
     1061  10  15  5 1 1 1
     1062  10  15  6 1 1 1
     1063  10  16  1 1 1 1
     1064  10  16  2 1 1 1
     1065  10  16  3 1 1 1
     1066  10  16  4 1 1 1
     1067  10  16  5 1 1 1
     1068  10  16  6 1 1 1
     1069  10  17  1 1 1 1
     1070  10  17  2 1 1 1
     1071  10  17  3 1 1 1
     1072  10  17  4 1 1 1
     1073  10  17  5 1 1 1
     1074  10  17  6 1 1 1
     1075  10  18  1 1 1 1
     1076  10  18  2 1 1 1
     1077  10  18  3 1 1 1
     1078  10  18  4 1 1 1
     1079  10  18  5 1 1 1
     1080  10  18  6 1 1 1
     1081  11  1  1 1 1 1
     1082  11  1  2 1 1 1
     1083  11  1  3 1 1 1
     1084  11  1  4 1 1 1
     1085  11  1  5 1 1 1
     1086  11  1  6 1 1 1
     1087  11  2  1 1 1 1
     1088  11  2  2 1 1 1
     1089  11  2  3 1 1 1
     1090  11  2  4 1 1 1
     1091  11  2  5 1 1 1
     1092  11  2  6 1 1 1
     1093  11  3  1 1 1 1
     1094  11  3  2 1 1 1
     1095  11  3  3 1 1 1
     1096  11  3  4 1 1 1
     1097  11  3  5 1 1 1
     1098  11  3  6 1 1 1
     1099  11  4  1 1 1 1
     1100  11  4  2 1 1 1
     1101  11  4  3 1 1 1
     1102  11  4  4 1 1 1
     1103  11  4  5 1 1 1
     1104  11  4  6 1 1 1
     1105  11  5  1 1 1 1
     1106  11  5  2 1 1 1
     1107  11  5  3 1 1 1
     1108  11  5  4 1 1 1
     1109  11  5  5 1 1 1
     1110  11  5  6 1 1 1
     1111  11  6  1 1 1 1
     1112  11  6  2 1 1 1
     1113  11  6  3 1 1 1
     1114  11  6  4 1 1 1
     1115  11  6  5 1 1 1
     1116  11  6  6 1 1 1
     1117  11  7  1 1 1 1
     1118  11  7  2 1 1 1
     1119  11  7  3 1 1 1
     1120  11  7  4 1 1 1
     1121  11  7  5 1 1 1
     1122  11  7  6 1 1 1
     1123  11  8  1 1 1 1
     1124  11  8  2 1 1 1
     1125  11  8  3 1 1 1
     1126  11  8  4 1 1 1
     1127  11  8  5 1 1 1
     1128  11  8  6 1 1 1
     1129  11  9  1 1 1 1
     1130  11  9  2 1 1 1
     1131  11  9  3 1 1 1
     1132  11  9  4 1 1 1
     1133  11  9  5 1 1 1
     1134  11  9  6 1 1 1
     1135  11  10  1 1 1 1
     1136  11  10  2 1 1 1
     1137  11  10  3 1 1 1
     1138  11  10  4 1 1 1
     1139  11  10  5 1 1 1
     1140  11  10  6 1 1 1
     1141  11  11  1 1 1 1
     1142  11  11  2 1 1 1
     1143  11  11  3 1 1 1
     1144  11  11  4 1 1 1
     1145  11  11  5 1 1 1
     1146  11  11  6 1 1 1
     1147  11  12  1 1 1 1
     1148  11  12  2 1 1 1
     1149  11  12  3 1 1 1
     1150  11  12  4 1 1 1
     1151  11  12  5 1 1 1
     1152  11  12  6 1 1 1
     1153  11  13  1 1 1 1
     1154  11  13  2 1 1 1
     1155  11  13  3 1 1 1
     1156  11  13  4 1 1 1
     1157  11  13  5 1 1 1
     1158  11  13  6 1 1 1
     1159  11  14  1 1 1 1
     1160  11  14  2 1 1 1
     1161  11  14  3 1 1 1
     1162  11  14  4 1 1 1
     1163  11  14  5 1 1 1
     1164  11  14  6 1 1 1
     1165  11  15  1 1 1 1
     1166  11  15  2 1 1 1
     1167  11  15  3 1 1 1
     1168  11  15  4 1 1 1
     1169  11  15  5 1 1 1
     1170  11  15  6 1 1 1
     1171  11  16  1 1 1 1
     1172  11  16  2 1 1 1
     1173  11  16  3 1 1 1
     1174  11  16  4 1 1 1
     1175  11  16  5 1 1 1
     1176  11  16  6 1 1 1
     1177  11  17  1 1 1 1
     1178  11  17  2 1 1 1
     1179  11  17  3 1 1 1
     1180  11  17  4 1 1 1
     1181  11  17  5 1 1 1
     1182  11  17  6 1 1 1
     1183  11  18  1 1 1 1
     1184  11  18  2 1 1 1
     1185  11  18  3 1 1 1
     1186  11  18  4 1 1 1
     1187  11  18  5 1 1 1
     1188  11  18  6 1 1 1
     1189  12  1  1 1 1 1
     1190  12  1  2 1 1 1
     1191  12  1  3 1 1 1
     1192  12  1  4 1 1 1
     1193  12  1  5 1 1 1
     1194  12  1  6 1 1 1
     1195  12  2  1 1 1 1
     1196  12  2  2 1 1 1
     1197  12  2  3 1 1 1
     1198  12  2  4 1 1 1
     1199  12  2  5 1 1 1
     1200  12  2  6 1 1 1
     1201  12  3  1 1 1 1
     1202  12  3  2 1 1 1
     1203  12  3  3 1 1 1
     1204  12  3  4 1 1 1
     1205  12  3  5 1 1 1
     1206  12  3  6 1 1 1
     1207  12  4  1 1 1 1
     1208  12  4  2 1 1 1
     1209  12  4  3 1 1 1
     1210  12  4  4 1 1 1
     1211  12  4  5 1 1 1
     1212  12  4  6 1 1 1
     1213  12  5  1 1 1 1
     1214  12  5  2 1 1 1
     1215  12  5  3 1 1 1
     1216  12  5  4 1 1 1
     1217  12  5  5 1 1 1
     1218  12  5  6 1 1 1
     1219  12  6  1 1 1 1
     1220  12  6  2 1 1 1
     1221  12  6  3 1 1 1
     1222  12  6  4 1 1 1
     1223  12  6  5 1 1 1
     1224  12  6  6 1 1 1
     1225  12  7  1 1 1 1
     1226  12  7  2 1 1 1
     1227  12  7  3 1 1 1
     1228  12  7  4 1 1 1
     1229  12  7  5 1 1 1
     1230  12  7  6 1 1 1
     1231  12  8  1 1 1 1
     1232  12  8  2 1 1 1
     1233  12  8  3 1 1 1
     1234  12  8  4 1 1 1
     1235  12  8  5 1 1 1
     1236  12  8  6 1 1 1
     1237  12  9  1 1 1 1
     1238  12  9  2 1 1 1
     1239  12  9  3 1 1 1
     1240  12  9  4 1 1 1
     1241  12  9  5 1 1 1
     1242  12  9  6 1 1 1
     1243  12  10  1 1 1 1
     1244  12  10  2 1 1 1
     1245  12  10  3 1 1 1
     1246  12  10  4 1 1 1
     1247  12  10  5 1 1 1
     1248  12  10  6 1 1 1
     1249  12  11  1 1 1 1
     1250  12  11  2 1 1 1
     1251  12  11  3 1 1 1
     1252  12  11  4 1 1 1
     1253  12  11  5 1 1 1
     1254  12  11  6 1 1 1
     1255  12  12  1 1 1 1
     1256  12  12  2 1 1 1
     1257  12  12  3 1 1 1
     1258  12  12  4 1 1 1
     1259  12  12  5 1 1 1
     1260  12  12  6 1 1 1
     1261  12  13  1 1 1 1
     1262  12  13  2 1 1 1
     1263  12  13  3 1 1 1
     1264  12  13  4 1 1 1
     1265  12  13  5 1 1 1
     1266  12  13  6 1 1 1
     1267  12  14  1 1 1 1
     1268  12  14  2 1 1 1
     1269  12  14  3 1 1 1
     1270  12  14  4 1 1 1
     1271  12  14  5 1 1 1
     1272  12  14  6 1 1 1
     1273  12  15  1 1 1 1
     1274  12  15  2 1 1 1
     1275  12  15  3 1 1 1
     1276  12  15  4 1 1 1
     1277  12  15  5 1 1 1
     1278  12  15  6 1 1 1
     1279  12  16  1 1 1 1
     1280  12  16  2 1 1 1
     1281  12  16  3 1 1 1
     1282  12  16  4 1 1 1
     1283  12  16  5 1 1 1
     1284  12  16  6 1 1 1
     1285  12  17  1 1 1 1
     1286  12  17  2 1 1 1
     1287  12  17  3 1 1 1
     1288  12  17  4 1 1 1
     1289  12  17  5 1 1 1
     1290  12  17  6 1 1 1
     1291  12  18  1 1 1 1
     1292  12  18  2 1 1 1
     1293  12  18  3 1 1 1
     1294  12  18  4 1 1 1
     1295  12  18  5 1 1 1
     1296  12  18  6 1 1 1
     1297  13  1  1 1 1 1
     1298  13  1  2 1 1 1
     1299  13  1  3 1 1 1
     1300  13  1  4 1 1 1
     1301  13  1  5 1 1 1
     1302  13  1  6 1 1 1
     1303  13  2  1 1 1 1
     1304  13  2  2 1 1 1
     1305  13  2  3 1 1 1
     1306  13  2  4 1 1 1
     1307  13  2  5 1 1 1
     1308  13  2  6 1 1 1
     1309  13  3  1 1 1 1
     1310  13  3  2 1 1 1
     1311  13  3  3 1 1 1
     1312  13  3  4 1 1 1
     1313  13  3  5 1 1 1
     1314  13  3  6 1 1 1
     1315  13  4  1 1 1 1
     1316  13  4  2 1 1 1
     1317  13  4  3 1 1 1
     1318  13  4  4 1 1 1
     1319  13  4  5 1 1 1
     1320  13  4  6 1 1 1
     1321  13  5  1 1 1 1
     1322  13  5  2 1 1 1
     1323  13  5  3 1 1 1
     1324  13  5  4 1 1 1
     1325  13  5  5 1 1 1
     1326  13  5  6 1 1 1
     1327  13  6  1 1 1 1
     1328  13  6  2 1 1 1
     1329  13  6  3 1 1 1
     1330  13  6  4 1 1 1
     1331  13  6  5 1 1 1
     1332  13  6  6 1 1 1
     1333  13  7  1 1 1 1
     1334  13  7  2 1 1 1
     1335  13  7  3 1 1 1
     1336  13  7  4 1 1 1
     1337  13  7  5 1 1 1
     1338  13  7  6 1 1 1
     1339  13  8  1 1 1 1
     1340  13  8  2 1 1 1
     1341  13  8  3 1 1 1
     1342  13  8  4 1 1 1
     1343  13  8  5 1 1 1
     1344  13  8  6 1 1 1
     1345  13  9  1 1 1 1
     1346  13  9  2 1 1 1
     1347  13  9  3 1 1 1
     1348  13  9  4 1 1 1
     1349  13  9  5 1 1 1
     1350  13  9  6 1 1 1
     1351  13  10  1 1 1 1
     1352  13  10  2 1 1 1
     1353  13  10  3 1 1 1
     1354  13  10  4 1 1 1
     1355  13  10  5 1 1 1
     1356  13  10  6 1 1 1
     1357  13  11  1 1 1 1
     1358  13  11  2 1 1 1
     1359  13  11  3 1 1 1
     1360  13  11  4 1 1 1
     1361  13  11  5 1 1 1
     1362  13  11  6 1 1 1
     1363  13  12  1 1 1 1
     1364  13  12  2 1 1 1
     1365  13  12  3 1 1 1
     1366  13  12  4 1 1 1
     1367  13  12  5 1 1 1
     1368  13  12  6 1 1 1
     1369  13  13  1 1 1 1
     1370  13  13  2 1 1 1
     1371  13  13  3 1 1 1
     1372  13  13  4 1 1 1
     1373  13  13  5 1 1 1
     1374  13  13  6 1 1 1
     1375  13  14  1 1 1 1
     1376  13  14  2 1 1 1
     1377  13  14  3 1 1 1
     1378  13  14  4 1 1 1
     1379  13  14  5 1 1 1
     1380  13  14  6 1 1 1
     1381  13  15  1 1 1 1
     1382  13  15  2 1 1 1
     1383  13  15  3 1 1 1
     1384  13  15  4 1 1 1
     1385  13  15  5 1 1 1
     1386  13  15  6 1 1 1
     1387  13  16  1 1 1 1
     1388  13  16  2 1 1 1
     1389  13  16  3 1 1 1
     1390  13  16  4 1 1 1
     1391  13  16  5 1 1 1
     1392  13  16  6 1 1 1
     1393  13  17  1 1 1 1
     1394  13  17  2 1 1 1
     1395  13  17  3 1 1 1
     1396  13  17  4 1 1 1
     1397  13  17  5 1 1 1
     1398  13  17  6 1 1 1
     1399  13  18  1 1 1 1
     1400  13  18  2 1 1 1
     1401  13  18  3 1 1 1
     1402  13  18  4 1 1 1
     1403  13  18  5 1 1 1
     1404  13  18  6 1 1 1
     1405  14  1  1 1 1 1
     1406  14  1  2 1 1 1
     1407  14  1  3 1 1 1
     1408  14  1  4 1 1 1
     1409  14  1  5 1 1 1
     1410  14  1  6 1 1 1
     1411  14  2  1 1 1 1
     1412  14  2  2 1 1 1
     1413  14  2  3 1 1 1
     1414  14  2  4 1 1 1
     1415  14  2  5 1 1 1
     1416  14  2  6 1 1 1
     1417  14  3  1 1 1 1
     1418  14  3  2 1 1 1
     1419  14  3  3 1 1 1
     1420  14  3  4 1 1 1
     1421  14  3  5 1 1 1
     1422  14  3  6 1 1 1
     1423  14  4  1 1 1 1
     1424  14  4  2 1 1 1
     1425  14  4  3 1 1 1
     1426  14  4  4 1 1 1
     1427  14  4  5 1 1 1
     1428  14  4  6 1 1 1
     1429  14  5  1 1 1 1
     1430  14  5  2 1 1 1
     1431  14  5  3 1 1 1
     1432  14  5  4 1 1 1
     1433  14  5  5 1 1 1
     1434  14  5  6 1 1 1
     1435  14  6  1 1 1 1
     1436  14  6  2 1 1 1
     1437  14  6  3 1 1 1
     1438  14  6  4 1 1 1
     1439  14  6  5 1 1 1
     1440  14  6  6 1 1 1
     1441  14  7  1 1 1 1
     1442  14  7  2 1 1 1
     1443  14  7  3 1 1 1
     1444  14  7  4 1 1 1
     1445  14  7  5 1 1 1
     1446  14  7  6 1 1 1
     1447  14  8  1 1 1 1
     1448  14  8  2 1 1 1
     1449  14  8  3 1 1 1
     1450  14  8  4 1 1 1
     1451  14  8  5 1 1 1
     1452  14  8  6 1 1 1
     1453  14  9  1 1 1 1
     1454  14  9  2 1 1 1
     1455  14  9  3 1 1 1
     1456  14  9  4 1 1 1
     1457  14  9  5 1 1 1
     1458  14  9  6 1 1 1
     1459  14  10  1 1 1 1
     1460  14  10  2 1 1 1
     1461  14  10  3 1 1 1
     1462  14  10  4 1 1 1
     1463  14  10  5 1 1 1
     1464  14  10  6 1 1 1
     1465  14  11  1 1 1 1
     1466  14  11  2 1 1 1
     1467  14  11  3 1 1 1
     1468  14  11  4 1 1 1
     1469  14  11  5 1 1 1
     1470  14  11  6 1 1 1
     1471  14  12  1 1 1 1
     1472  14  12  2 1 1 1
     1473  14  12  3 1 1 1
     1474  14  12  4 1 1 1
     1475  14  12  5 1 1 1
     1476  14  12  6 1 1 1
     1477  14  13  1 1 1 1
     1478  14  13  2 1 1 1
     1479  14  13  3 1 1 1
     1480  14  13  4 1 1 1
     1481  14  13  5 1 1 1
     1482  14  13  6 1 1 1
     1483  14  14  1 1 1 1
     1484  14  14  2 1 1 1
     1485  14  14  3 1 1 1
     1486  14  14  4 1 1 1
     1487  14  14  5 1 1 1
     1488  14  14  6 1 1 1
     1489  14  15  1 1 1 1
     1490  14  15  2 1 1 1
     1491  14  15  3 1 1 1
     1492  14  15  4 1 1 1
     1493  14  15  5 1 1 1
     1494  14  15  6 1 1 1
     1495  14  16  1 1 1 1
     1496  14  16  2 1 1 1
     1497  14  16  3 1 1 1
     1498  14  16  4 1 1 1
     1499  14  16  5 1 1 1
     1500  14  16  6 1 1 1
     1501  14  17  1 1 1 1
     1502  14  17  2 1 1 1
     1503  14  17  3 1 1 1
     1504  14  17  4 1 1 1
     1505  14  17  5 1 1 1
     1506  14  17  6 1 1 1
     1507  14  18  1 1 1 1
     1508  14  18  2 1 1 1
     1509  14  18  3 1 1 1
     1510  14  18  4 1 1 1
     1511  14  18  5 1 1 1
     1512  14  18  6 1 1 1
     1513  15  1  1 1 1 1
     1514  15  1  2 1 1 1
     1515  15  1  3 1 1 1
     1516  15  1  4 1 1 1
     1517  15  1  5 1 1 1
     1518  15  1  6 1 1 1
     1519  15  2  1 1 1 1
     1520  15  2  2 1 1 1
     1521  15  2  3 1 1 1
     1522  15  2  4 1 1 1
     1523  15  2  5 1 1 1
     1524  15  2  6 1 1 1
     1525  15  3  1 1 1 1
     1526  15  3  2 1 1 1
     1527  15  3  3 1 1 1
     1528  15  3  4 1 1 1
     1529  15  3  5 1 1 1
     1530  15  3  6 1 1 1
     1531  15  4  1 1 1 1
     1532  15  4  2 1 1 1
     1533  15  4  3 1 1 1
     1534  15  4  4 1 1 1
     1535  15  4  5 1 1 1
     1536  15  4  6 1 1 1
     1537  15  5  1 1 1 1
     1538  15  5  2 1 1 1
     1539  15  5  3 1 1 1
     1540  15  5  4 1 1 1
     1541  15  5  5 1 1 1
     1542  15  5  6 1 1 1
     1543  15  6  1 1 1 1
     1544  15  6  2 1 1 1
     1545  15  6  3 1 1 1
     1546  15  6  4 1 1 1
     1547  15  6  5 1 1 1
     1548  15  6  6 1 1 1
     1549  15  7  1 1 1 1
     1550  15  7  2 1 1 1
     1551  15  7  3 1 1 1
     1552  15  7  4 1 1 1
     1553  15  7  5 1 1 1
     1554  15  7  6 1 1 1
     1555  15  8  1 1 1 1
     1556  15  8  2 1 1 1
     1557  15  8  3 1 1 1
     1558  15  8  4 1 1 1
     1559  15  8  5 1 1 1
     1560  15  8  6 1 1 1
     1561  15  9  1 1 1 1
     1562  15  9  2 1 1 1
     1563  15  9  3 1 1 1
     1564  15  9  4 1 1 1
     1565  15  9  5 1 1 1
     1566  15  9  6 1 1 1
     1567  15  10  1 1 1 1
     1568  15  10  2 1 1 1
     1569  15  10  3 1 1 1
     1570  15  10  4 1 1 1
     1571  15  10  5 1 1 1
     1572  15  10  6 1 1 1
     1573  15  11  1 1 1 1
     1574  15  11  2 1 1 1
     1575  15  11  3 1 1 1
     1576  15  11  4 1 1 1
     1577  15  11  5 1 1 1
     1578  15  11  6 1 1 1
     1579  15  12  1 1 1 1
     1580  15  12  2 1 1 1
     1581  15  12  3 1 1 1
     1582  15  12  4 1 1 1
     1583  15  12  5 1 1 1
     1584  15  12  6 1 1 1
     1585  15  13  1 1 1 1
     1586  15  13  2 1 1 1
     1587  15  13  3 1 1 1
     1588  15  13  4 1 1 1
     1589  15  13  5 1 1 1
     1590  15  13  6 1 1 1
     1591  15  14  1 1 1 1
     1592  15  14  2 1 1 1
     1593  15  14  3 1 1 1
     1594  15  14  4 1 1 1
     1595  15  14  5 1 1 1
     1596  15  14  6 1 1 1
     1597  15  15  1 1 1 1
     1598  15  15  2 1 1 1
     1599  15  15  3 1 1 1
     1600  15  15  4 1 1 1
     1601  15  15  5 1 1 1
     1602  15  15  6 1 1 1
     1603  15  16  1 1 1 1
     1604  15  16  2 1 1 1
     1605  15  16  3 1 1 1
     1606  15  16  4 1 1 1
     1607  15  16  5 1 1 1
     1608  15  16  6 1 1 1
     1609  15  17  1 1 1 1
     1610  15  17  2 1 1 1
     1611  15  17  3 1 1 1
     1612  15  17  4 1 1 1
     1613  15  17  5 1 1 1
     1614  15  17  6 1 1 1
     1615  15  18  1 1 1 1
     1616  15  18  2 1 1 1
     1617  15  18  3 1 1 1
     1618  15  18  4 1 1 1
     1619  15  18  5 1 1 1
     1620  15  18  6 1 1 1
     1621  16  1  1 1 1 1
     1622  16  1  2 1 1 1
     1623  16  1  3 1 1 1
     1624  16  1  4 1 1 1
     1625  16  1  5 1 1 1
     1626  16  1  6 1 1 1
     1627  16  2  1 1 1 1
     1628  16  2  2 1 1 1
     1629  16  2  3 1 1 1
     1630  16  2  4 1 1 1
     1631  16  2  5 1 1 1
     1632  16  2  6 1 1 1
     1633  16  3  1 1 1 1
     1634  16  3  2 1 1 1
     1635  16  3  3 1 1 1
     1636  16  3  4 1 1 1
     1637  16  3  5 1 1 1
     1638  16  3  6 1 1 1
     1639  16  4  1 1 1 1
     1640  16  4  2 1 1 1
     1641  16  4  3 1 1 1
     1642  16  4  4 1 1 1
     1643  16  4  5 1 1 1
     1644  16  4  6 1 1 1
     1645  16  5  1 1 1 1
     1646  16  5  2 1 1 1
     1647  16  5  3 1 1 1
     1648  16  5  4 1 1 1
     1649  16  5  5 1 1 1
     1650  16  5  6 1 1 1
     1651  16  6  1 1 1 1
     1652  16  6  2 1 1 1
     1653  16  6  3 1 1 1
     1654  16  6  4 1 1 1
     1655  16  6  5 1 1 1
     1656  16  6  6 1 1 1
     1657  16  7  1 1 1 1
     1658  16  7  2 1 1 1
     1659  16  7  3 1 1 1
     1660  16  7  4 1 1 1
     1661  16  7  5 1 1 1
     1662  16  7  6 1 1 1
     1663  16  8  1 1 1 1
     1664  16  8  2 1 1 1
     1665  16  8  3 1 1 1
     1666  16  8  4 1 1 1
     1667  16  8  5 1 1 1
     1668  16  8  6 1 1 1
     1669  16  9  1 1 1 1
     1670  16  9  2 1 1 1
     1671  16  9  3 1 1 1
     1672  16  9  4 1 1 1
     1673  16  9  5 1 1 1
     1674  16  9  6 1 1 1
     1675  16  10  1 1 1 1
     1676  16  10  2 1 1 1
     1677  16  10  3 1 1 1
     1678  16  10  4 1 1 1
     1679  16  10  5 1 1 1
     1680  16  10  6 1 1 1
     1681  16  11  1 1 1 1
     1682  16  11  2 1 1 1
     1683  16  11  3 1 1 1
     1684  16  11  4 1 1 1
     1685  16  11  5 1 1 1
     1686  16  11  6 1 1 1
     1687  16  12  1 1 1 1
     1688  16  12  2 1 1 1
     1689  16  12  3 1 1 1
     1690  16  12  4 1 1 1
     1691  16  12  5 1 1 1
     1692  16  12  6 1 1 1
     1693  16  13  1 1 1 1
     1694  16  13  2 1 1 1
     1695  16  13  3 1 1 1
     1696  16  13  4 1 1 1
     1697  16  13  5 1 1 1
     1698  16  13  6 1 1 1
     1699  16  14  1 1 1 1
     1700  16  14  2 1 1 1
     1701  16  14  3 1 1 1
     1702  16  14  4 1 1 1
     1703  16  14  5 1 1 1
     1704  16  14  6 1 1 1
     1705  16  15  1 1 1 1
     1706  16  15  2 1 1 1
     1707  16  15  3 1 1 1
     1708  16  15  4 1 1 1
     1709  16  15  5 1 1 1
     1710  16  15  6 1 1 1
     1711  16  16  1 1 1 1
     1712  16  16  2 1 1 1
     1713  16  16  3 1 1 1
     1714  16  16  4 1 1 1
     1715  16  16  5 1 1 1
     1716  16  16  6 1 1 1
     1717  16  17  1 1 1 1
     1718  16  17  2 1 1 1
     1719  16  17  3 1 1 1
     1720  16  17  4 1 1 1
     1721  16  17  5 1 1 1
     1722  16  17  6 1 1 1
     1723  16  18  1 1 1 1
     1724  16  18  2 1 1 1
     1725  16  18  3 1 1 1
     1726  16  18  4 1 1 1
     1727  16  18  5 1 1 1
     1728  16  18  6 1 1 1