>GEOMETRY   rect_prism; AX,AY,AZ= 0.3320 0.3320 0.3320
     1024 = NAT 
  1.000000  0.000000  0.000000 = A_1 vector
  0.000000  1.000000  0.000000 = A_2 vector
  1.000000  1.000000  1.000000 = lattice spacings (d_x,d_y,d_z)/d
 -0.01890 -0.07780 -0.07800 = lattice offset x0(1-3) = (x_TF, y_TF, z_TF)/d for dipole 0 0 0
     JA  IX  IY  IZ ICOMP(x,y,z)
     1  1  1  1 1 1 1
     2  1  1  2 1 1 1
     3  1  1  3 1 1 1
     4  1  1  4 1 1 1
     5  1  1  5 1 1 1
     6  1  1  6 1 1 1
     7  1  1  7 1 1 1
     8  1  1  8 1 1 1
     9  1  1  9 1 1 1
     10  1  1  10 1 1 1
     11  1  1  11 1 1 1
     12  1  1  12 1 1 1
     13  1  1  13 1 1 1
     14  1  1  14 1 1 1
     15  1  1  15 1 1 1
     16  1  1  16 1 1 1
     17  1  2  1 1 1 1
     18  1  2  2 1 1 1
     19  1  2  3 1 1 1
     20  1  2  4 1 1 1
     21  1  2  5 1 1 1
     22  1  2  6 1 1 1
     23  1  2  7 1 1 1
     24  1  2  8 1 1 1
     25  1  2  9 1 1 1
     26  1  2  10 1 1 1
     27  1  2  11 1 1 1
     28  1  2  12 1 1 1
     29  1  2  13 1 1 1
     30  1  2  14 1 1 1
     31  1  2  15 1 1 1
     32  1  2  16 1 1 1
     33  1  3  1 1 1 1
     34  1  3  2 1 1 1
     35  1  3  3 1 1 1
     36  1  3  4 1 1 1
     37  1  3  5 1 1 1
     38  1  3  6 1 1 1
     39  1  3  7 1 1 1
     40  1  3  8 1 1 1
     41  1  3  9 1 1 1
     42  1  3  10 1 1 1
     43  1  3  11 1 1 1
     44  1  3  12 1 1 1
     45  1  3  13 1 1 1
     46  1  3  14 1 1 1
     47  1  3  15 1 1 1
     48  1  3  16 1 1 1
     49  1  4  1 1 1 1
     50  1  4  2 1 1 1
     51  1  4  3 1 1 1
     52  1  4  4 1 1 1
     53  1  4  5 1 1 1
     54  1  4  6 1 1 1
     55  1  4  7 1 1 1
     56  1  4  8 1 1 1
     57  1  4  9 1 1 1
     58  1  4  10 1 1 1
     59  1  4  11 1 1 1
     60  1  4  12 1 1 1
     61  1  4  13 1 1 1
     62  1  4  14 1 1 1
     63  1  4  15 1 1 1
     64  1  4  16 1 1 1
     65  1  5  1 1 1 1
     66  1  5  2 1 1 1
     67  1  5  3 1 1 1
     68  1  5  4 1 1 1
     69  1  5  5 1 1 1
     70  1  5  6 1 1 1
     71  1  5  7 1 1 1
     72  1  5  8 1 1 1
     73  1  5  9 1 1 1
     74  1  5  10 1 1 1
     75  1  5  11 1 1 1
     76  1  5  12 1 1 1
     77  1  5  13 1 1 1
     78  1  5  14 1 1 1
     79  1  5  15 1 1 1
     80  1  5  16 1 1 1
     81  1  6  1 1 1 1
     82  1  6  2 1 1 1
     83  1  6  3 1 1 1
     84  1  6  4 1 1 1
     85  1  6  5 1 1 1
     86  1  6  6 1 1 1
     87  1  6  7 1 1 1
     88  1  6  8 1 1 1
     89  1  6  9 1 1 1
     90  1  6  10 1 1 1
     91  1  6  11 1 1 1
     92  1  6  12 1 1 1
     93  1  6  13 1 1 1
     94  1  6  14 1 1 1
     95  1  6  15 1 1 1
     96  1  6  16 1 1 1
     97  1  7  1 1 1 1
     98  1  7  2 1 1 1
     99  1  7  3 1 1 1
     100  1  7  4 1 1 1
     101  1  7  5 1 1 1
     102  1  7  6 1 1 1
     103  1  7  7 1 1 1
     104  1  7  8 1 1 1
     105  1  7  9 1 1 1
     106  1  7  10 1 1 1
     107  1  7  11 1 1 1
     108  1  7  12 1 1 1
     109  1  7  13 1 1 1
     110  1  7  14 1 1 1
     111  1  7  15 1 1 1
     112  1  7  16 1 1 1
     113  1  8  1 1 1 1
     114  1  8  2 1 1 1
     115  1  8  3 1 1 1
     116  1  8  4 1 1 1
     117  1  8  5 1 1 1
     118  1  8  6 1 1 1
     119  1  8  7 1 1 1
     120  1  8  8 1 1 1
     121  1  8  9 1 1 1
     122  1  8  10 1 1 1
     123  1  8  11 1 1 1
     124  1  8  12 1 1 1
     125  1  8  13 1 1 1
     126  1  8  14 1 1 1
     127  1  8  15 1 1 1
     128  1  8  16 1 1 1
     129  1  9  1 1 1 1
     130  1  9  2 1 1 1
     131  1  9  3 1 1 1
     132  1  9  4 1 1 1
     133  1  9  5 1 1 1
     134  1  9  6 1 1 1
     135  1  9  7 1 1 1
     136  1  9  8 1 1 1
     137  1  9  9 1 1 1
     138  1  9  10 1 1 1
     139  1  9  11 1 1 1
     140  1  9  12 1 1 1
     141  1  9  13 1 1 1
     142  1  9  14 1 1 1
     143  1  9  15 1 1 1
     144  1  9  16 1 1 1
     145  1  10  1 1 1 1
     146  1  10  2 1 1 1
     147  1  10  3 1 1 1
     148  1  10  4 1 1 1
     149  1  10  5 1 1 1
     150  1  10  6 1 1 1
     151  1  10  7 1 1 1
     152  1  10  8 1 1 1
     153  1  10  9 1 1 1
     154  1  10  10 1 1 1
     155  1  10  11 1 1 1
     156  1  10  12 1 1 1
     157  1  10  13 1 1 1
     158  1  10  14 1 1 1
     159  1  10  15 1 1 1
     160  1  10  16 1 1 1
     161  1  11  1 1 1 1
     162  1  11  2 1 1 1
     163  1  11  3 1 1 1
     164  1  11  4 1 1 1
     165  1  11  5 1 1 1
     166  1  11  6 1 1 1
     167  1  11  7 1 1 1
     168  1  11  8 1 1 1
     169  1  11  9 1 1 1
     170  1  11  10 1 1 1
     171  1  11  11 1 1 1
     172  1  11  12 1 1 1
     173  1  11  13 1 1 1
     174  1  11  14 1 1 1
     175  1  11  15 1 1 1
     176  1  11  16 1 1 1
     177  1  12  1 1 1 1
     178  1  12  2 1 1 1
     179  1  12  3 1 1 1
     180  1  12  4 1 1 1
     181  1  12  5 1 1 1
     182  1  12  6 1 1 1
     183  1  12  7 1 1 1
     184  1  12  8 1 1 1
     185  1  12  9 1 1 1
     186  1  12  10 1 1 1
     187  1  12  11 1 1 1
     188  1  12  12 1 1 1
     189  1  12  13 1 1 1
     190  1  12  14 1 1 1
     191  1  12  15 1 1 1
     192  1  12  16 1 1 1
     193  1  13  1 1 1 1
     194  1  13  2 1 1 1
     195  1  13  3 1 1 1
     196  1  13  4 1 1 1
     197  1  13  5 1 1 1
     198  1  13  6 1 1 1
     199  1  13  7 1 1 1
     200  1  13  8 1 1 1
     201  1  13  9 1 1 1
     202  1  13  10 1 1 1
     203  1  13  11 1 1 1
     204  1  13  12 1 1 1
     205  1  13  13 1 1 1
     206  1  13  14 1 1 1
     207  1  13  15 1 1 1
     208  1  13  16 1 1 1
     209  1  14  1 1 1 1
     210  1  14  2 1 1 1
     211  1  14  3 1 1 1
     212  1  14  4 1 1 1
     213  1  14  5 1 1 1
     214  1  14  6 1 1 1
     215  1  14  7 1 1 1
     216  1  14  8 1 1 1
     217  1  14  9 1 1 1
     218  1  14  10 1 1 1
     219  1  14  11 1 1 1
     220  1  14  12 1 1 1
     221  1  14  13 1 1 1
     222  1  14  14 1 1 1
     223  1  14  15 1 1 1
     224  1  14  16 1 1 1
     225  1  15  1 1 1 1
     226  1  15  2 1 1 1
     227  1  15  3 1 1 1
     228  1  15  4 1 1 1
     229  1  15  5 1 1 1
     230  1  15  6 1 1 1
     231  1  15  7 1 1 1
     232  1  15  8 1 1 1
     233  1  15  9 1 1 1
     234  1  15  10 1 1 1
     235  1  15  11 1 1 1
     236  1  15  12 1 1 1
     237  1  15  13 1 1 1
     238  1  15  14 1 1 1
     239  1  15  15 1 1 1
     240  1  15  16 1 1 1
     241  1  16  1 1 1 1
     242  1  16  2 1 1 1
     243  1  16  3 1 1 1
     244  1  16  4 1 1 1
     245  1  16  5 1 1 1
     246  1  16  6 1 1 1
     247  1  16  7 1 1 1
     248  1  16  8 1 1 1
     249  1  16  9 1 1 1
     250  1  16  10 1 1 1
     251  1  16  11 1 1 1
     252  1  16  12 1 1 1
     253  1  16  13 1 1 1
     254  1  16  14 1 1 1
     255  1  16  15 1 1 1
     256  1  16  16 1 1 1
     257  2  1  1 1 1 1
     258  2  1  2 1 1 1
     259  2  1  3 1 1 1
     260  2  1  4 1 1 1
     261  2  1  5 1 1 1
     262  2  1  6 1 1 1
     263  2  1  7 1 1 1
     264  2  1  8 1 1 1
     265  2  1  9 1 1 1
     266  2  1  10 1 1 1
     267  2  1  11 1 1 1
     268  2  1  12 1 1 1
     269  2  1  13 1 1 1
     270  2  1  14 1 1 1
     271  2  1  15 1 1 1
     272  2  1  16 1 1 1
     273  2  2  1 1 1 1
     274  2  2  2 1 1 1
     275  2  2  3 1 1 1
     276  2  2  4 1 1 1
     277  2  2  5 1 1 1
     278  2  2  6 1 1 1
     279  2  2  7 1 1 1
     280  2  2  8 1 1 1
     281  2  2  9 1 1 1
     282  2  2  10 1 1 1
     283  2  2  11 1 1 1
     284  2  2  12 1 1 1
     285  2  2  13 1 1 1
     286  2  2  14 1 1 1
     287  2  2  15 1 1 1
     288  2  2  16 1 1 1
     289  2  3  1 1 1 1
     290  2  3  2 1 1 1
     291  2  3  3 1 1 1
     292  2  3  4 1 1 1
     293  2  3  5 1 1 1
     294  2  3  6 1 1 1
     295  2  3  7 1 1 1
     296  2  3  8 1 1 1
     297  2  3  9 1 1 1
     298  2  3  10 1 1 1
     299  2  3  11 1 1 1
     300  2  3  12 1 1 1
     301  2  3  13 1 1 1
     302  2  3  14 1 1 1
     303  2  3  15 1 1 1
     304  2  3  16 1 1 1
     305  2  4  1 1 1 1
     306  2  4  2 1 1 1
     307  2  4  3 1 1 1
     308  2  4  4 1 1 1
     309  2  4  5 1 1 1
     310  2  4  6 1 1 1
     311  2  4  7 1 1 1
     312  2  4  8 1 1 1
     313  2  4  9 1 1 1
     314  2  4  10 1 1 1
     315  2  4  11 1 1 1
     316  2  4  12 1 1 1
     317  2  4  13 1 1 1
     318  2  4  14 1 1 1
     319  2  4  15 1 1 1
     320  2  4  16 1 1 1
     321  2  5  1 1 1 1
     322  2  5  2 1 1 1
     323  2  5  3 1 1 1
     324  2  5  4 1 1 1
     325  2  5  5 1 1 1
     326  2  5  6 1 1 1
     327  2  5  7 1 1 1
     328  2  5  8 1 1 1
     329  2  5  9 1 1 1
     330  2  5  10 1 1 1
     331  2  5  11 1 1 1
     332  2  5  12 1 1 1
     333  2  5  13 1 1 1
     334  2  5  14 1 1 1
     335  2  5  15 1 1 1
     336  2  5  16 1 1 1
     337  2  6  1 1 1 1
     338  2  6  2 1 1 1
     339  2  6  3 1 1 1
     340  2  6  4 1 1 1
     341  2  6  5 1 1 1
     342  2  6  6 1 1 1
     343  2  6  7 1 1 1
     344  2  6  8 1 1 1
     345  2  6  9 1 1 1
     346  2  6  10 1 1 1
     347  2  6  11 1 1 1
     348  2  6  12 1 1 1
     349  2  6  13 1 1 1
     350  2  6  14 1 1 1
     351  2  6  15 1 1 1
     352  2  6  16 1 1 1
     353  2  7  1 1 1 1
     354  2  7  2 1 1 1
     355  2  7  3 1 1 1
     356  2  7  4 1 1 1
     357  2  7  5 1 1 1
     358  2  7  6 1 1 1
     359  2  7  7 1 1 1
     360  2  7  8 1 1 1
     361  2  7  9 1 1 1
     362  2  7  10 1 1 1
     363  2  7  11 1 1 1
     364  2  7  12 1 1 1
     365  2  7  13 1 1 1
     366  2  7  14 1 1 1
     367  2  7  15 1 1 1
     368  2  7  16 1 1 1
     369  2  8  1 1 1 1
     370  2  8  2 1 1 1
     371  2  8  3 1 1 1
     372  2  8  4 1 1 1
     373  2  8  5 1 1 1
     374  2  8  6 1 1 1
     375  2  8  7 1 1 1
     376  2  8  8 1 1 1
     377  2  8  9 1 1 1
     378  2  8  10 1 1 1
     379  2  8  11 1 1 1
     380  2  8  12 1 1 1
     381  2  8  13 1 1 1
     382  2  8  14 1 1 1
     383  2  8  15 1 1 1
     384  2  8  16 1 1 1
     385  2  9  1 1 1 1
     386  2  9  2 1 1 1
     387  2  9  3 1 1 1
     388  2  9  4 1 1 1
     389  2  9  5 1 1 1
     390  2  9  6 1 1 1
     391  2  9  7 1 1 1
     392  2  9  8 1 1 1
     393  2  9  9 1 1 1
     394  2  9  10 1 1 1
     395  2  9  11 1 1 1
     396  2  9  12 1 1 1
     397  2  9  13 1 1 1
     398  2  9  14 1 1 1
     399  2  9  15 1 1 1
     400  2  9  16 1 1 1
     401  2  10  1 1 1 1
     402  2  10  2 1 1 1
     403  2  10  3 1 1 1
     404  2  10  4 1 1 1
     405  2  10  5 1 1 1
     406  2  10  6 1 1 1
     407  2  10  7 1 1 1
     408  2  10  8 1 1 1
     409  2  10  9 1 1 1
     410  2  10  10 1 1 1
     411  2  10  11 1 1 1
     412  2  10  12 1 1 1
     413  2  10  13 1 1 1
     414  2  10  14 1 1 1
     415  2  10  15 1 1 1
     416  2  10  16 1 1 1
     417  2  11  1 1 1 1
     418  2  11  2 1 1 1
     419  2  11  3 1 1 1
     420  2  11  4 1 1 1
     421  2  11  5 1 1 1
     422  2  11  6 1 1 1
     423  2  11  7 1 1 1
     424  2  11  8 1 1 1
     425  2  11  9 1 1 1
     426  2  11  10 1 1 1
     427  2  11  11 1 1 1
     428  2  11  12 1 1 1
     429  2  11  13 1 1 1
     430  2  11  14 1 1 1
     431  2  11  15 1 1 1
     432  2  11  16 1 1 1
     433  2  12  1 1 1 1
     434  2  12  2 1 1 1
     435  2  12  3 1 1 1
     436  2  12  4 1 1 1
     437  2  12  5 1 1 1
     438  2  12  6 1 1 1
     439  2  12  7 1 1 1
     440  2  12  8 1 1 1
     441  2  12  9 1 1 1
     442  2  12  10 1 1 1
     443  2  12  11 1 1 1
     444  2  12  12 1 1 1
     445  2  12  13 1 1 1
     446  2  12  14 1 1 1
     447  2  12  15 1 1 1
     448  2  12  16 1 1 1
     449  2  13  1 1 1 1
     450  2  13  2 1 1 1
     451  2  13  3 1 1 1
     452  2  13  4 1 1 1
     453  2  13  5 1 1 1
     454  2  13  6 1 1 1
     455  2  13  7 1 1 1
     456  2  13  8 1 1 1
     457  2  13  9 1 1 1
     458  2  13  10 1 1 1
     459  2  13  11 1 1 1
     460  2  13  12 1 1 1
     461  2  13  13 1 1 1
     462  2  13  14 1 1 1
     463  2  13  15 1 1 1
     464  2  13  16 1 1 1
     465  2  14  1 1 1 1
     466  2  14  2 1 1 1
     467  2  14  3 1 1 1
     468  2  14  4 1 1 1
     469  2  14  5 1 1 1
     470  2  14  6 1 1 1
     471  2  14  7 1 1 1
     472  2  14  8 1 1 1
     473  2  14  9 1 1 1
     474  2  14  10 1 1 1
     475  2  14  11 1 1 1
     476  2  14  12 1 1 1
     477  2  14  13 1 1 1
     478  2  14  14 1 1 1
     479  2  14  15 1 1 1
     480  2  14  16 1 1 1
     481  2  15  1 1 1 1
     482  2  15  2 1 1 1
     483  2  15  3 1 1 1
     484  2  15  4 1 1 1
     485  2  15  5 1 1 1
     486  2  15  6 1 1 1
     487  2  15  7 1 1 1
     488  2  15  8 1 1 1
     489  2  15  9 1 1 1
     490  2  15  10 1 1 1
     491  2  15  11 1 1 1
     492  2  15  12 1 1 1
     493  2  15  13 1 1 1
     494  2  15  14 1 1 1
     495  2  15  15 1 1 1
     496  2  15  16 1 1 1
     497  2  16  1 1 1 1
     498  2  16  2 1 1 1
     499  2  16  3 1 1 1
     500  2  16  4 1 1 1
     501  2  16  5 1 1 1
     502  2  16  6 1 1 1
     503  2  16  7 1 1 1
     504  2  16  8 1 1 1
     505  2  16  9 1 1 1
     506  2  16  10 1 1 1
     507  2  16  11 1 1 1
     508  2  16  12 1 1 1
     509  2  16  13 1 1 1
     510  2  16  14 1 1 1
     511  2  16  15 1 1 1
     512  2  16  16 1 1 1
     513  3  1  1 1 1 1
     514  3  1  2 1 1 1
     515  3  1  3 1 1 1
     516  3  1  4 1 1 1
     517  3  1  5 1 1 1
     518  3  1  6 1 1 1
     519  3  1  7 1 1 1
     520  3  1  8 1 1 1
     521  3  1  9 1 1 1
     522  3  1  10 1 1 1
     523  3  1  11 1 1 1
     524  3  1  12 1 1 1
     525  3  1  13 1 1 1
     526  3  1  14 1 1 1
     527  3  1  15 1 1 1
     528  3  1  16 1 1 1
     529  3  2  1 1 1 1
     530  3  2  2 1 1 1
     531  3  2  3 1 1 1
     532  3  2  4 1 1 1
     533  3  2  5 1 1 1
     534  3  2  6 1 1 1
     535  3  2  7 1 1 1
     536  3  2  8 1 1 1
     537  3  2  9 1 1 1
     538  3  2  10 1 1 1
     539  3  2  11 1 1 1
     540  3  2  12 1 1 1
     541  3  2  13 1 1 1
     542  3  2  14 1 1 1
     543  3  2  15 1 1 1
     544  3  2  16 1 1 1
     545  3  3  1 1 1 1
     546  3  3  2 1 1 1
     547  3  3  3 1 1 1
     548  3  3  4 1 1 1
     549  3  3  5 1 1 1
     550  3  3  6 1 1 1
     551  3  3  7 1 1 1
     552  3  3  8 1 1 1
     553  3  3  9 1 1 1
     554  3  3  10 1 1 1
     555  3  3  11 1 1 1
     556  3  3  12 1 1 1
     557  3  3  13 1 1 1
     558  3  3  14 1 1 1
     559  3  3  15 1 1 1
     560  3  3  16 1 1 1
     561  3  4  1 1 1 1
     562  3  4  2 1 1 1
     563  3  4  3 1 1 1
     564  3  4  4 1 1 1
     565  3  4  5 1 1 1
     566  3  4  6 1 1 1
     567  3  4  7 1 1 1
     568  3  4  8 1 1 1
     569  3  4  9 1 1 1
     570  3  4  10 1 1 1
     571  3  4  11 1 1 1
     572  3  4  12 1 1 1
     573  3  4  13 1 1 1
     574  3  4  14 1 1 1
     575  3  4  15 1 1 1
     576  3  4  16 1 1 1
     577  3  5  1 1 1 1
     578  3  5  2 1 1 1
     579  3  5  3 1 1 1
     580  3  5  4 1 1 1
     581  3  5  5 1 1 1
     582  3  5  6 1 1 1
     583  3  5  7 1 1 1
     584  3  5  8 1 1 1
     585  3  5  9 1 1 1
     586  3  5  10 1 1 1
     587  3  5  11 1 1 1
     588  3  5  12 1 1 1
     589  3  5  13 1 1 1
     590  3  5  14 1 1 1
     591  3  5  15 1 1 1
     592  3  5  16 1 1 1
     593  3  6  1 1 1 1
     594  3  6  2 1 1 1
     595  3  6  3 1 1 1
     596  3  6  4 1 1 1
     597  3  6  5 1 1 1
     598  3  6  6 1 1 1
     599  3  6  7 1 1 1
     600  3  6  8 1 1 1
     601  3  6  9 1 1 1
     602  3  6  10 1 1 1
     603  3  6  11 1 1 1
     604  3  6  12 1 1 1
     605  3  6  13 1 1 1
     606  3  6  14 1 1 1
     607  3  6  15 1 1 1
     608  3  6  16 1 1 1
     609  3  7  1 1 1 1
     610  3  7  2 1 1 1
     611  3  7  3 1 1 1
     612  3  7  4 1 1 1
     613  3  7  5 1 1 1
     614  3  7  6 1 1 1
     615  3  7  7 1 1 1
     616  3  7  8 1 1 1
     617  3  7  9 1 1 1
     618  3  7  10 1 1 1
     619  3  7  11 1 1 1
     620  3  7  12 1 1 1
     621  3  7  13 1 1 1
     622  3  7  14 1 1 1
     623  3  7  15 1 1 1
     624  3  7  16 1 1 1
     625  3  8  1 1 1 1
     626  3  8  2 1 1 1
     627  3  8  3 1 1 1
     628  3  8  4 1 1 1
     629  3  8  5 1 1 1
     630  3  8  6 1 1 1
     631  3  8  7 1 1 1
     632  3  8  8 1 1 1
     633  3  8  9 1 1 1
     634  3  8  10 1 1 1
     635  3  8  11 1 1 1
     636  3  8  12 1 1 1
     637  3  8  13 1 1 1
     638  3  8  14 1 1 1
     639  3  8  15 1 1 1
     640  3  8  16 1 1 1
     641  3  9  1 1 1 1
     642  3  9  2 1 1 1
     643  3  9  3 1 1 1
     644  3  9  4 1 1 1
     645  3  9  5 1 1 1
     646  3  9  6 1 1 1
     647  3  9  7 1 1 1
     648  3  9  8 1 1 1
     649  3  9  9 1 1 1
     650  3  9  10 1 1 1
     651  3  9  11 1 1 1
     652  3  9  12 1 1 1
     653  3  9  13 1 1 1
     654  3  9  14 1 1 1
     655  3  9  15 1 1 1
     656  3  9  16 1 1 1
     657  3  10  1 1 1 1
     658  3  10  2 1 1 1
     659  3  10  3 1 1 1
     660  3  10  4 1 1 1
     661  3  10  5 1 1 1
     662  3  10  6 1 1 1
     663  3  10  7 1 1 1
     664  3  10  8 1 1 1
     665  3  10  9 1 1 1
     666  3  10  10 1 1 1
     667  3  10  11 1 1 1
     668  3  10  12 1 1 1
     669  3  10  13 1 1 1
     670  3  10  14 1 1 1
     671  3  10  15 1 1 1
     672  3  10  16 1 1 1
     673  3  11  1 1 1 1
     674  3  11  2 1 1 1
     675  3  11  3 1 1 1
     676  3  11  4 1 1 1
     677  3  11  5 1 1 1
     678  3  11  6 1 1 1
     679  3  11  7 1 1 1
     680  3  11  8 1 1 1
     681  3  11  9 1 1 1
     682  3  11  10 1 1 1
     683  3  11  11 1 1 1
     684  3  11  12 1 1 1
     685  3  11  13 1 1 1
     686  3  11  14 1 1 1
     687  3  11  15 1 1 1
     688  3  11  16 1 1 1
     689  3  12  1 1 1 1
     690  3  12  2 1 1 1
     691  3  12  3 1 1 1
     692  3  12  4 1 1 1
     693  3  12  5 1 1 1
     694  3  12  6 1 1 1
     695  3  12  7 1 1 1
     696  3  12  8 1 1 1
     697  3  12  9 1 1 1
     698  3  12  10 1 1 1
     699  3  12  11 1 1 1
     700  3  12  12 1 1 1
     701  3  12  13 1 1 1
     702  3  12  14 1 1 1
     703  3  12  15 1 1 1
     704  3  12  16 1 1 1
     705  3  13  1 1 1 1
     706  3  13  2 1 1 1
     707  3  13  3 1 1 1
     708  3  13  4 1 1 1
     709  3  13  5 1 1 1
     710  3  13  6 1 1 1
     711  3  13  7 1 1 1
     712  3  13  8 1 1 1
     713  3  13  9 1 1 1
     714  3  13  10 1 1 1
     715  3  13  11 1 1 1
     716  3  13  12 1 1 1
     717  3  13  13 1 1 1
     718  3  13  14 1 1 1
     719  3  13  15 1 1 1
     720  3  13  16 1 1 1
     721  3  14  1 1 1 1
     722  3  14  2 1 1 1
     723  3  14  3 1 1 1
     724  3  14  4 1 1 1
     725  3  14  5 1 1 1
     726  3  14  6 1 1 1
     727  3  14  7 1 1 1
     728  3  14  8 1 1 1
     729  3  14  9 1 1 1
     730  3  14  10 1 1 1
     731  3  14  11 1 1 1
     732  3  14  12 1 1 1
     733  3  14  13 1 1 1
     734  3  14  14 1 1 1
     735  3  14  15 1 1 1
     736  3  14  16 1 1 1
     737  3  15  1 1 1 1
     738  3  15  2 1 1 1
     739  3  15  3 1 1 1
     740  3  15  4 1 1 1
     741  3  15  5 1 1 1
     742  3  15  6 1 1 1
     743  3  15  7 1 1 1
     744  3  15  8 1 1 1
     745  3  15  9 1 1 1
     746  3  15  10 1 1 1
     747  3  15  11 1 1 1
     748  3  15  12 1 1 1
     749  3  15  13 1 1 1
     750  3  15  14 1 1 1
     751  3  15  15 1 1 1
     752  3  15  16 1 1 1
     753  3  16  1 1 1 1
     754  3  16  2 1 1 1
     755  3  16  3 1 1 1
     756  3  16  4 1 1 1
     757  3  16  5 1 1 1
     758  3  16  6 1 1 1
     759  3  16  7 1 1 1
     760  3  16  8 1 1 1
     761  3  16  9 1 1 1
     762  3  16  10 1 1 1
     763  3  16  11 1 1 1
     764  3  16  12 1 1 1
     765  3  16  13 1 1 1
     766  3  16  14 1 1 1
     767  3  16  15 1 1 1
     768  3  16  16 1 1 1
     769  4  1  1 1 1 1
     770  4  1  2 1 1 1
     771  4  1  3 1 1 1
     772  4  1  4 1 1 1
     773  4  1  5 1 1 1
     774  4  1  6 1 1 1
     775  4  1  7 1 1 1
     776  4  1  8 1 1 1
     777  4  1  9 1 1 1
     778  4  1  10 1 1 1
     779  4  1  11 1 1 1
     780  4  1  12 1 1 1
     781  4  1  13 1 1 1
     782  4  1  14 1 1 1
     783  4  1  15 1 1 1
     784  4  1  16 1 1 1
     785  4  2  1 1 1 1
     786  4  2  2 1 1 1
     787  4  2  3 1 1 1
     788  4  2  4 1 1 1
     789  4  2  5 1 1 1
     790  4  2  6 1 1 1
     791  4  2  7 1 1 1
     792  4  2  8 1 1 1
     793  4  2  9 1 1 1
     794  4  2  10 1 1 1
     795  4  2  11 1 1 1
     796  4  2  12 1 1 1
     797  4  2  13 1 1 1
     798  4  2  14 1 1 1
     799  4  2  15 1 1 1
     800  4  2  16 1 1 1
     801  4  3  1 1 1 1
     802  4  3  2 1 1 1
     803  4  3  3 1 1 1
     804  4  3  4 1 1 1
     805  4  3  5 1 1 1
     806  4  3  6 1 1 1
     807  4  3  7 1 1 1
     808  4  3  8 1 1 1
     809  4  3  9 1 1 1
     810  4  3  10 1 1 1
     811  4  3  11 1 1 1
     812  4  3  12 1 1 1
     813  4  3  13 1 1 1
     814  4  3  14 1 1 1
     815  4  3  15 1 1 1
     816  4  3  16 1 1 1
     817  4  4  1 1 1 1
     818  4  4  2 1 1 1
     819  4  4  3 1 1 1
     820  4  4  4 1 1 1
     821  4  4  5 1 1 1
     822  4  4  6 1 1 1
     823  4  4  7 1 1 1
     824  4  4  8 1 1 1
     825  4  4  9 1 1 1
     826  4  4  10 1 1 1
     827  4  4  11 1 1 1
     828  4  4  12 1 1 1
     829  4  4  13 1 1 1
     830  4  4  14 1 1 1
     831  4  4  15 1 1 1
     832  4  4  16 1 1 1
     833  4  5  1 1 1 1
     834  4  5  2 1 1 1
     835  4  5  3 1 1 1
     836  4  5  4 1 1 1
     837  4  5  5 1 1 1
     838  4  5  6 1 1 1
     839  4  5  7 1 1 1
     840  4  5  8 1 1 1
     841  4  5  9 1 1 1
     842  4  5  10 1 1 1
     843  4  5  11 1 1 1
     844  4  5  12 1 1 1
     845  4  5  13 1 1 1
     846  4  5  14 1 1 1
     847  4  5  15 1 1 1
     848  4  5  16 1 1 1
     849  4  6  1 1 1 1
     850  4  6  2 1 1 1
     851  4  6  3 1 1 1
     852  4  6  4 1 1 1
     853  4  6  5 1 1 1
     854  4  6  6 1 1 1
     855  4  6  7 1 1 1
     856  4  6  8 1 1 1
     857  4  6  9 1 1 1
     858  4  6  10 1 1 1
     859  4  6  11 1 1 1
     860  4  6  12 1 1 1
     861  4  6  13 1 1 1
     862  4  6  14 1 1 1
     863  4  6  15 1 1 1
     864  4  6  16 1 1 1
     865  4  7  1 1 1 1
     866  4  7  2 1 1 1
     867  4  7  3 1 1 1
     868  4  7  4 1 1 1
     869  4  7  5 1 1 1
     870  4  7  6 1 1 1
     871  4  7  7 1 1 1
     872  4  7  8 1 1 1
     873  4  7  9 1 1 1
     874  4  7  10 1 1 1
     875  4  7  11 1 1 1
     876  4  7  12 1 1 1
     877  4  7  13 1 1 1
     878  4  7  14 1 1 1
     879  4  7  15 1 1 1
     880  4  7  16 1 1 1
     881  4  8  1 1 1 1
     882  4  8  2 1 1 1
     883  4  8  3 1 1 1
     884  4  8  4 1 1 1
     885  4  8  5 1 1 1
     886  4  8  6 1 1 1
     887  4  8  7 1 1 1
     888  4  8  8 1 1 1
     889  4  8  9 1 1 1
     890  4  8  10 1 1 1
     891  4  8  11 1 1 1
     892  4  8  12 1 1 1
     893  4  8  13 1 1 1
     894  4  8  14 1 1 1
     895  4  8  15 1 1 1
     896  4  8  16 1 1 1
     897  4  9  1 1 1 1
     898  4  9  2 1 1 1
     899  4  9  3 1 1 1
     900  4  9  4 1 1 1
     901  4  9  5 1 1 1
     902  4  9  6 1 1 1
     903  4  9  7 1 1 1
     904  4  9  8 1 1 1
     905  4  9  9 1 1 1
     906  4  9  10 1 1 1
     907  4  9  11 1 1 1
     908  4  9  12 1 1 1
     909  4  9  13 1 1 1
     910  4  9  14 1 1 1
     911  4  9  15 1 1 1
     912  4  9  16 1 1 1
     913  4  10  1 1 1 1
     914  4  10  2 1 1 1
     915  4  10  3 1 1 1
     916  4  10  4 1 1 1
     917  4  10  5 1 1 1
     918  4  10  6 1 1 1
     919  4  10  7 1 1 1
     920  4  10  8 1 1 1
     921  4  10  9 1 1 1
     922  4  10  10 1 1 1
     923  4  10  11 1 1 1
     924  4  10  12 1 1 1
     925  4  10  13 1 1 1
     926  4  10  14 1 1 1
     927  4  10  15 1 1 1
     928  4  10  16 1 1 1
     929  4  11  1 1 1 1
     930  4  11  2 1 1 1
     931  4  11  3 1 1 1
     932  4  11  4 1 1 1
     933  4  11  5 1 1 1
     934  4  11  6 1 1 1
     935  4  11  7 1 1 1
     936  4  11  8 1 1 1
     937  4  11  9 1 1 1
     938  4  11  10 1 1 1
     939  4  11  11 1 1 1
     940  4  11  12 1 1 1
     941  4  11  13 1 1 1
     942  4  11  14 1 1 1
     943  4  11  15 1 1 1
     944  4  11  16 1 1 1
     945  4  12  1 1 1 1
     946  4  12  2 1 1 1
     947  4  12  3 1 1 1
     948  4  12  4 1 1 1
     949  4  12  5 1 1 1
     950  4  12  6 1 1 1
     951  4  12  7 1 1 1
     952  4  12  8 1 1 1
     953  4  12  9 1 1 1
     954  4  12  10 1 1 1
     955  4  12  11 1 1 1
     956  4  12  12 1 1 1
     957  4  12  13 1 1 1
     958  4  12  14 1 1 1
     959  4  12  15 1 1 1
     960  4  12  16 1 1 1
     961  4  13  1 1 1 1
     962  4  13  2 1 1 1
     963  4  13  3 1 1 1
     964  4  13  4 1 1 1
     965  4  13  5 1 1 1
     966  4  13  6 1 1 1
     967  4  13  7 1 1 1
     968  4  13  8 1 1 1
     969  4  13  9 1 1 1
     970  4  13  10 1 1 1
     971  4  13  11 1 1 1
     972  4  13  12 1 1 1
     973  4  13  13 1 1 1
     974  4  13  14 1 1 1
     975  4  13  15 1 1 1
     976  4  13  16 1 1 1
     977  4  14  1 1 1 1
     978  4  14  2 1 1 1
     979  4  14  3 1 1 1
     980  4  14  4 1 1 1
     981  4  14  5 1 1 1
     982  4  14  6 1 1 1
     983  4  14  7 1 1 1
     984  4  14  8 1 1 1
     985  4  14  9 1 1 1
     986  4  14  10 1 1 1
     987  4  14  11 1 1 1
     988  4  14  12 1 1 1
     989  4  14  13 1 1 1
     990  4  14  14 1 1 1
     991  4  14  15 1 1 1
     992  4  14  16 1 1 1
     993  4  15  1 1 1 1
     994  4  15  2 1 1 1
     995  4  15  3 1 1 1
     996  4  15  4 1 1 1
     997  4  15  5 1 1 1
     998  4  15  6 1 1 1
     999  4  15  7 1 1 1
     1000  4  15  8 1 1 1
     1001  4  15  9 1 1 1
     1002  4  15  10 1 1 1
     1003  4  15  11 1 1 1
     1004  4  15  12 1 1 1
     1005  4  15  13 1 1 1
     1006  4  15  14 1 1 1
     1007  4  15  15 1 1 1
     1008  4  15  16 1 1 1
     1009  4  16  1 1 1 1
     1010  4  16  2 1 1 1
     1011  4  16  3 1 1 1
     1012  4  16  4 1 1 1
     1013  4  16  5 1 1 1
     1014  4  16  6 1 1 1
     1015  4  16  7 1 1 1
     1016  4  16  8 1 1 1
     1017  4  16  9 1 1 1
     1018  4  16  10 1 1 1
     1019  4  16  11 1 1 1
     1020  4  16  12 1 1 1
     1021  4  16  13 1 1 1
     1022  4  16  14 1 1 1
     1023  4  16  15 1 1 1
     1024  4  16  16 1 1 1