>GEOMETRY   sphere; AX,AY,AZ= 0.1900 0.1900 0.1900
     3047 = NAT 
  1.000000  0.000000  0.000000 = A_1 vector
  0.000000  1.000000  0.000000 = A_2 vector
  1.000000  1.000000  1.000000 = lattice spacings (d_x,d_y,d_z)/d
 -0.00000 -0.00000 -0.00000 = lattice offset x0(1-3) = (x_TF, y_TF, z_TF)/d for dipole 0 0 0
     JA  IX  IY  IZ ICOMP(x,y,z)
     1  1  10  10 1 1 1
     2  2  6  9 1 1 1
     3  2  6  10 1 1 1
     4  2  6  11 1 1 1
     5  2  7  8 1 1 1
     6  2  7  9 1 1 1
     7  2  7  10 1 1 1
     8  2  7  11 1 1 1
     9  2  7  12 1 1 1
     10  2  8  7 1 1 1
     11  2  8  8 1 1 1
     12  2  8  9 1 1 1
     13  2  8  10 1 1 1
     14  2  8  11 1 1 1
     15  2  8  12 1 1 1
     16  2  8  13 1 1 1
     17  2  9  6 1 1 1
     18  2  9  7 1 1 1
     19  2  9  8 1 1 1
     20  2  9  9 1 1 1
     21  2  9  10 1 1 1
     22  2  9  11 1 1 1
     23  2  9  12 1 1 1
     24  2  9  13 1 1 1
     25  2  9  14 1 1 1
     26  2  10  6 1 1 1
     27  2  10  7 1 1 1
     28  2  10  8 1 1 1
     29  2  10  9 1 1 1
     30  2  10  10 1 1 1
     31  2  10  11 1 1 1
     32  2  10  12 1 1 1
     33  2  10  13 1 1 1
     34  2  10  14 1 1 1
     35  2  11  6 1 1 1
     36  2  11  7 1 1 1
     37  2  11  8 1 1 1
     38  2  11  9 1 1 1
     39  2  11  10 1 1 1
     40  2  11  11 1 1 1
     41  2  11  12 1 1 1
     42  2  11  13 1 1 1
     43  2  11  14 1 1 1
     44  2  12  7 1 1 1
     45  2  12  8 1 1 1
     46  2  12  9 1 1 1
     47  2  12  10 1 1 1
     48  2  12  11 1 1 1
     49  2  12  12 1 1 1
     50  2  12  13 1 1 1
     51  2  13  8 1 1 1
     52  2  13  9 1 1 1
     53  2  13  10 1 1 1
     54  2  13  11 1 1 1
     55  2  13  12 1 1 1
     56  2  14  9 1 1 1
     57  2  14  10 1 1 1
     58  2  14  11 1 1 1
     59  3  5  8 1 1 1
     60  3  5  9 1 1 1
     61  3  5  10 1 1 1
     62  3  5  11 1 1 1
     63  3  5  12 1 1 1
     64  3  6  6 1 1 1
     65  3  6  7 1 1 1
     66  3  6  8 1 1 1
     67  3  6  9 1 1 1
     68  3  6  10 1 1 1
     69  3  6  11 1 1 1
     70  3  6  12 1 1 1
     71  3  6  13 1 1 1
     72  3  6  14 1 1 1
     73  3  7  6 1 1 1
     74  3  7  7 1 1 1
     75  3  7  8 1 1 1
     76  3  7  9 1 1 1
     77  3  7  10 1 1 1
     78  3  7  11 1 1 1
     79  3  7  12 1 1 1
     80  3  7  13 1 1 1
     81  3  7  14 1 1 1
     82  3  8  5 1 1 1
     83  3  8  6 1 1 1
     84  3  8  7 1 1 1
     85  3  8  8 1 1 1
     86  3  8  9 1 1 1
     87  3  8  10 1 1 1
     88  3  8  11 1 1 1
     89  3  8  12 1 1 1
     90  3  8  13 1 1 1
     91  3  8  14 1 1 1
     92  3  8  15 1 1 1
     93  3  9  5 1 1 1
     94  3  9  6 1 1 1
     95  3  9  7 1 1 1
     96  3  9  8 1 1 1
     97  3  9  9 1 1 1
     98  3  9  10 1 1 1
     99  3  9  11 1 1 1
     100  3  9  12 1 1 1
     101  3  9  13 1 1 1
     102  3  9  14 1 1 1
     103  3  9  15 1 1 1
     104  3  10  5 1 1 1
     105  3  10  6 1 1 1
     106  3  10  7 1 1 1
     107  3  10  8 1 1 1
     108  3  10  9 1 1 1
     109  3  10  10 1 1 1
     110  3  10  11 1 1 1
     111  3  10  12 1 1 1
     112  3  10  13 1 1 1
     113  3  10  14 1 1 1
     114  3  10  15 1 1 1
     115  3  11  5 1 1 1
     116  3  11  6 1 1 1
     117  3  11  7 1 1 1
     118  3  11  8 1 1 1
     119  3  11  9 1 1 1
     120  3  11  10 1 1 1
     121  3  11  11 1 1 1
     122  3  11  12 1 1 1
     123  3  11  13 1 1 1
     124  3  11  14 1 1 1
     125  3  11  15 1 1 1
     126  3  12  5 1 1 1
     127  3  12  6 1 1 1
     128  3  12  7 1 1 1
     129  3  12  8 1 1 1
     130  3  12  9 1 1 1
     131  3  12  10 1 1 1
     132  3  12  11 1 1 1
     133  3  12  12 1 1 1
     134  3  12  13 1 1 1
     135  3  12  14 1 1 1
     136  3  12  15 1 1 1
     137  3  13  6 1 1 1
     138  3  13  7 1 1 1
     139  3  13  8 1 1 1
     140  3  13  9 1 1 1
     141  3  13  10 1 1 1
     142  3  13  11 1 1 1
     143  3  13  12 1 1 1
     144  3  13  13 1 1 1
     145  3  13  14 1 1 1
     146  3  14  6 1 1 1
     147  3  14  7 1 1 1
     148  3  14  8 1 1 1
     149  3  14  9 1 1 1
     150  3  14  10 1 1 1
     151  3  14  11 1 1 1
     152  3  14  12 1 1 1
     153  3  14  13 1 1 1
     154  3  14  14 1 1 1
     155  3  15  8 1 1 1
     156  3  15  9 1 1 1
     157  3  15  10 1 1 1
     158  3  15  11 1 1 1
     159  3  15  12 1 1 1
     160  4  4  7 1 1 1
     161  4  4  8 1 1 1
     162  4  4  9 1 1 1
     163  4  4  10 1 1 1
     164  4  4  11 1 1 1
     165  4  4  12 1 1 1
     166  4  4  13 1 1 1
     167  4  5  6 1 1 1
     168  4  5  7 1 1 1
     169  4  5  8 1 1 1
     170  4  5  9 1 1 1
     171  4  5  10 1 1 1
     172  4  5  11 1 1 1
     173  4  5  12 1 1 1
     174  4  5  13 1 1 1
     175  4  5  14 1 1 1
     176  4  6  5 1 1 1
     177  4  6  6 1 1 1
     178  4  6  7 1 1 1
     179  4  6  8 1 1 1
     180  4  6  9 1 1 1
     181  4  6  10 1 1 1
     182  4  6  11 1 1 1
     183  4  6  12 1 1 1
     184  4  6  13 1 1 1
     185  4  6  14 1 1 1
     186  4  6  15 1 1 1
     187  4  7  4 1 1 1
     188  4  7  5 1 1 1
     189  4  7  6 1 1 1
     190  4  7  7 1 1 1
     191  4  7  8 1 1 1
     192  4  7  9 1 1 1
     193  4  7  10 1 1 1
     194  4  7  11 1 1 1
     195  4  7  12 1 1 1
     196  4  7  13 1 1 1
     197  4  7  14 1 1 1
     198  4  7  15 1 1 1
     199  4  7  16 1 1 1
     200  4  8  4 1 1 1
     201  4  8  5 1 1 1
     202  4  8  6 1 1 1
     203  4  8  7 1 1 1
     204  4  8  8 1 1 1
     205  4  8  9 1 1 1
     206  4  8  10 1 1 1
     207  4  8  11 1 1 1
     208  4  8  12 1 1 1
     209  4  8  13 1 1 1
     210  4  8  14 1 1 1
     211  4  8  15 1 1 1
     212  4  8  16 1 1 1
     213  4  9  4 1 1 1
     214  4  9  5 1 1 1
     215  4  9  6 1 1 1
     216  4  9  7 1 1 1
     217  4  9  8 1 1 1
     218  4  9  9 1 1 1
     219  4  9  10 1 1 1
     220  4  9  11 1 1 1
     221  4  9  12 1 1 1
     222  4  9  13 1 1 1
     223  4  9  14 1 1 1
     224  4  9  15 1 1 1
     225  4  9  16 1 1 1
     226  4  10  4 1 1 1
     227  4  10  5 1 1 1
     228  4  10  6 1 1 1
     229  4  10  7 1 1 1
     230  4  10  8 1 1 1
     231  4  10  9 1 1 1
     232  4  10  10 1 1 1
     233  4  10  11 1 1 1
     234  4  10  12 1 1 1
     235  4  10  13 1 1 1
     236  4  10  14 1 1 1
     237  4  10  15 1 1 1
     238  4  10  16 1 1 1
     239  4  11  4 1 1 1
     240  4  11  5 1 1 1
     241  4  11  6 1 1 1
     242  4  11  7 1 1 1
     243  4  11  8 1 1 1
     244  4  11  9 1 1 1
     245  4  11  10 1 1 1
     246  4  11  11 1 1 1
     247  4  11  12 1 1 1
     248  4  11  13 1 1 1
     249  4  11  14 1 1 1
     250  4  11  15 1 1 1
     251  4  11  16 1 1 1
     252  4  12  4 1 1 1
     253  4  12  5 1 1 1
     254  4  12  6 1 1 1
     255  4  12  7 1 1 1
     256  4  12  8 1 1 1
     257  4  12  9 1 1 1
     258  4  12  10 1 1 1
     259  4  12  11 1 1 1
     260  4  12  12 1 1 1
     261  4  12  13 1 1 1
     262  4  12  14 1 1 1
     263  4  12  15 1 1 1
     264  4  12  16 1 1 1
     265  4  13  4 1 1 1
     266  4  13  5 1 1 1
     267  4  13  6 1 1 1
     268  4  13  7 1 1 1
     269  4  13  8 1 1 1
     270  4  13  9 1 1 1
     271  4  13  10 1 1 1
     272  4  13  11 1 1 1
     273  4  13  12 1 1 1
     274  4  13  13 1 1 1
     275  4  13  14 1 1 1
     276  4  13  15 1 1 1
     277  4  13  16 1 1 1
     278  4  14  5 1 1 1
     279  4  14  6 1 1 1
     280  4  14  7 1 1 1
     281  4  14  8 1 1 1
     282  4  14  9 1 1 1
     283  4  14  10 1 1 1
     284  4  14  11 1 1 1
     285  4  14  12 1 1 1
     286  4  14  13 1 1 1
     287  4  14  14 1 1 1
     288  4  14  15 1 1 1
     289  4  15  6 1 1 1
     290  4  15  7 1 1 1
     291  4  15  8 1 1 1
     292  4  15  9 1 1 1
     293  4  15  10 1 1 1
     294  4  15  11 1 1 1
     295  4  15  12 1 1 1
     296  4  15  13 1 1 1
     297  4  15  14 1 1 1
     298  4  16  7 1 1 1
     299  4  16  8 1 1 1
     300  4  16  9 1 1 1
     301  4  16  10 1 1 1
     302  4  16  11 1 1 1
     303  4  16  12 1 1 1
     304  4  16  13 1 1 1
     305  5  3  8 1 1 1
     306  5  3  9 1 1 1
     307  5  3  10 1 1 1
     308  5  3  11 1 1 1
     309  5  3  12 1 1 1
     310  5  4  6 1 1 1
     311  5  4  7 1 1 1
     312  5  4  8 1 1 1
     313  5  4  9 1 1 1
     314  5  4  10 1 1 1
     315  5  4  11 1 1 1
     316  5  4  12 1 1 1
     317  5  4  13 1 1 1
     318  5  4  14 1 1 1
     319  5  5  5 1 1 1
     320  5  5  6 1 1 1
     321  5  5  7 1 1 1
     322  5  5  8 1 1 1
     323  5  5  9 1 1 1
     324  5  5  10 1 1 1
     325  5  5  11 1 1 1
     326  5  5  12 1 1 1
     327  5  5  13 1 1 1
     328  5  5  14 1 1 1
     329  5  5  15 1 1 1
     330  5  6  4 1 1 1
     331  5  6  5 1 1 1
     332  5  6  6 1 1 1
     333  5  6  7 1 1 1
     334  5  6  8 1 1 1
     335  5  6  9 1 1 1
     336  5  6  10 1 1 1
     337  5  6  11 1 1 1
     338  5  6  12 1 1 1
     339  5  6  13 1 1 1
     340  5  6  14 1 1 1
     341  5  6  15 1 1 1
     342  5  6  16 1 1 1
     343  5  7  4 1 1 1
     344  5  7  5 1 1 1
     345  5  7  6 1 1 1
     346  5  7  7 1 1 1
     347  5  7  8 1 1 1
     348  5  7  9 1 1 1
     349  5  7  10 1 1 1
     350  5  7  11 1 1 1
     351  5  7  12 1 1 1
     352  5  7  13 1 1 1
     353  5  7  14 1 1 1
     354  5  7  15 1 1 1
     355  5  7  16 1 1 1
     356  5  8  3 1 1 1
     357  5  8  4 1 1 1
     358  5  8  5 1 1 1
     359  5  8  6 1 1 1
     360  5  8  7 1 1 1
     361  5  8  8 1 1 1
     362  5  8  9 1 1 1
     363  5  8  10 1 1 1
     364  5  8  11 1 1 1
     365  5  8  12 1 1 1
     366  5  8  13 1 1 1
     367  5  8  14 1 1 1
     368  5  8  15 1 1 1
     369  5  8  16 1 1 1
     370  5  8  17 1 1 1
     371  5  9  3 1 1 1
     372  5  9  4 1 1 1
     373  5  9  5 1 1 1
     374  5  9  6 1 1 1
     375  5  9  7 1 1 1
     376  5  9  8 1 1 1
     377  5  9  9 1 1 1
     378  5  9  10 1 1 1
     379  5  9  11 1 1 1
     380  5  9  12 1 1 1
     381  5  9  13 1 1 1
     382  5  9  14 1 1 1
     383  5  9  15 1 1 1
     384  5  9  16 1 1 1
     385  5  9  17 1 1 1
     386  5  10  3 1 1 1
     387  5  10  4 1 1 1
     388  5  10  5 1 1 1
     389  5  10  6 1 1 1
     390  5  10  7 1 1 1
     391  5  10  8 1 1 1
     392  5  10  9 1 1 1
     393  5  10  10 1 1 1
     394  5  10  11 1 1 1
     395  5  10  12 1 1 1
     396  5  10  13 1 1 1
     397  5  10  14 1 1 1
     398  5  10  15 1 1 1
     399  5  10  16 1 1 1
     400  5  10  17 1 1 1
     401  5  11  3 1 1 1
     402  5  11  4 1 1 1
     403  5  11  5 1 1 1
     404  5  11  6 1 1 1
     405  5  11  7 1 1 1
     406  5  11  8 1 1 1
     407  5  11  9 1 1 1
     408  5  11  10 1 1 1
     409  5  11  11 1 1 1
     410  5  11  12 1 1 1
     411  5  11  13 1 1 1
     412  5  11  14 1 1 1
     413  5  11  15 1 1 1
     414  5  11  16 1 1 1
     415  5  11  17 1 1 1
     416  5  12  3 1 1 1
     417  5  12  4 1 1 1
     418  5  12  5 1 1 1
     419  5  12  6 1 1 1
     420  5  12  7 1 1 1
     421  5  12  8 1 1 1
     422  5  12  9 1 1 1
     423  5  12  10 1 1 1
     424  5  12  11 1 1 1
     425  5  12  12 1 1 1
     426  5  12  13 1 1 1
     427  5  12  14 1 1 1
     428  5  12  15 1 1 1
     429  5  12  16 1 1 1
     430  5  12  17 1 1 1
     431  5  13  4 1 1 1
     432  5  13  5 1 1 1
     433  5  13  6 1 1 1
     434  5  13  7 1 1 1
     435  5  13  8 1 1 1
     436  5  13  9 1 1 1
     437  5  13  10 1 1 1
     438  5  13  11 1 1 1
     439  5  13  12 1 1 1
     440  5  13  13 1 1 1
     441  5  13  14 1 1 1
     442  5  13  15 1 1 1
     443  5  13  16 1 1 1
     444  5  14  4 1 1 1
     445  5  14  5 1 1 1
     446  5  14  6 1 1 1
     447  5  14  7 1 1 1
     448  5  14  8 1 1 1
     449  5  14  9 1 1 1
     450  5  14  10 1 1 1
     451  5  14  11 1 1 1
     452  5  14  12 1 1 1
     453  5  14  13 1 1 1
     454  5  14  14 1 1 1
     455  5  14  15 1 1 1
     456  5  14  16 1 1 1
     457  5  15  5 1 1 1
     458  5  15  6 1 1 1
     459  5  15  7 1 1 1
     460  5  15  8 1 1 1
     461  5  15  9 1 1 1
     462  5  15  10 1 1 1
     463  5  15  11 1 1 1
     464  5  15  12 1 1 1
     465  5  15  13 1 1 1
     466  5  15  14 1 1 1
     467  5  15  15 1 1 1
     468  5  16  6 1 1 1
     469  5  16  7 1 1 1
     470  5  16  8 1 1 1
     471  5  16  9 1 1 1
     472  5  16  10 1 1 1
     473  5  16  11 1 1 1
     474  5  16  12 1 1 1
     475  5  16  13 1 1 1
     476  5  16  14 1 1 1
     477  5  17  8 1 1 1
     478  5  17  9 1 1 1
     479  5  17  10 1 1 1
     480  5  17  11 1 1 1
     481  5  17  12 1 1 1
     482  6  2  9 1 1 1
     483  6  2  10 1 1 1
     484  6  2  11 1 1 1
     485  6  3  6 1 1 1
     486  6  3  7 1 1 1
     487  6  3  8 1 1 1
     488  6  3  9 1 1 1
     489  6  3  10 1 1 1
     490  6  3  11 1 1 1
     491  6  3  12 1 1 1
     492  6  3  13 1 1 1
     493  6  3  14 1 1 1
     494  6  4  5 1 1 1
     495  6  4  6 1 1 1
     496  6  4  7 1 1 1
     497  6  4  8 1 1 1
     498  6  4  9 1 1 1
     499  6  4  10 1 1 1
     500  6  4  11 1 1 1
     501  6  4  12 1 1 1
     502  6  4  13 1 1 1
     503  6  4  14 1 1 1
     504  6  4  15 1 1 1
     505  6  5  4 1 1 1
     506  6  5  5 1 1 1
     507  6  5  6 1 1 1
     508  6  5  7 1 1 1
     509  6  5  8 1 1 1
     510  6  5  9 1 1 1
     511  6  5  10 1 1 1
     512  6  5  11 1 1 1
     513  6  5  12 1 1 1
     514  6  5  13 1 1 1
     515  6  5  14 1 1 1
     516  6  5  15 1 1 1
     517  6  5  16 1 1 1
     518  6  6  3 1 1 1
     519  6  6  4 1 1 1
     520  6  6  5 1 1 1
     521  6  6  6 1 1 1
     522  6  6  7 1 1 1
     523  6  6  8 1 1 1
     524  6  6  9 1 1 1
     525  6  6  10 1 1 1
     526  6  6  11 1 1 1
     527  6  6  12 1 1 1
     528  6  6  13 1 1 1
     529  6  6  14 1 1 1
     530  6  6  15 1 1 1
     531  6  6  16 1 1 1
     532  6  6  17 1 1 1
     533  6  7  3 1 1 1
     534  6  7  4 1 1 1
     535  6  7  5 1 1 1
     536  6  7  6 1 1 1
     537  6  7  7 1 1 1
     538  6  7  8 1 1 1
     539  6  7  9 1 1 1
     540  6  7  10 1 1 1
     541  6  7  11 1 1 1
     542  6  7  12 1 1 1
     543  6  7  13 1 1 1
     544  6  7  14 1 1 1
     545  6  7  15 1 1 1
     546  6  7  16 1 1 1
     547  6  7  17 1 1 1
     548  6  8  3 1 1 1
     549  6  8  4 1 1 1
     550  6  8  5 1 1 1
     551  6  8  6 1 1 1
     552  6  8  7 1 1 1
     553  6  8  8 1 1 1
     554  6  8  9 1 1 1
     555  6  8  10 1 1 1
     556  6  8  11 1 1 1
     557  6  8  12 1 1 1
     558  6  8  13 1 1 1
     559  6  8  14 1 1 1
     560  6  8  15 1 1 1
     561  6  8  16 1 1 1
     562  6  8  17 1 1 1
     563  6  9  2 1 1 1
     564  6  9  3 1 1 1
     565  6  9  4 1 1 1
     566  6  9  5 1 1 1
     567  6  9  6 1 1 1
     568  6  9  7 1 1 1
     569  6  9  8 1 1 1
     570  6  9  9 1 1 1
     571  6  9  10 1 1 1
     572  6  9  11 1 1 1
     573  6  9  12 1 1 1
     574  6  9  13 1 1 1
     575  6  9  14 1 1 1
     576  6  9  15 1 1 1
     577  6  9  16 1 1 1
     578  6  9  17 1 1 1
     579  6  10  2 1 1 1
     580  6  10  3 1 1 1
     581  6  10  4 1 1 1
     582  6  10  5 1 1 1
     583  6  10  6 1 1 1
     584  6  10  7 1 1 1
     585  6  10  8 1 1 1
     586  6  10  9 1 1 1
     587  6  10  10 1 1 1
     588  6  10  11 1 1 1
     589  6  10  12 1 1 1
     590  6  10  13 1 1 1
     591  6  10  14 1 1 1
     592  6  10  15 1 1 1
     593  6  10  16 1 1 1
     594  6  10  17 1 1 1
     595  6  10  18 1 1 1
     596  6  11  2 1 1 1
     597  6  11  3 1 1 1
     598  6  11  4 1 1 1
     599  6  11  5 1 1 1
     600  6  11  6 1 1 1
     601  6  11  7 1 1 1
     602  6  11  8 1 1 1
     603  6  11  9 1 1 1
     604  6  11  10 1 1 1
     605  6  11  11 1 1 1
     606  6  11  12 1 1 1
     607  6  11  13 1 1 1
     608  6  11  14 1 1 1
     609  6  11  15 1 1 1
     610  6  11  16 1 1 1
     611  6  11  17 1 1 1
     612  6  12  3 1 1 1
     613  6  12  4 1 1 1
     614  6  12  5 1 1 1
     615  6  12  6 1 1 1
     616  6  12  7 1 1 1
     617  6  12  8 1 1 1
     618  6  12  9 1 1 1
     619  6  12  10 1 1 1
     620  6  12  11 1 1 1
     621  6  12  12 1 1 1
     622  6  12  13 1 1 1
     623  6  12  14 1 1 1
     624  6  12  15 1 1 1
     625  6  12  16 1 1 1
     626  6  12  17 1 1 1
     627  6  13  3 1 1 1
     628  6  13  4 1 1 1
     629  6  13  5 1 1 1
     630  6  13  6 1 1 1
     631  6  13  7 1 1 1
     632  6  13  8 1 1 1
     633  6  13  9 1 1 1
     634  6  13  10 1 1 1
     635  6  13  11 1 1 1
     636  6  13  12 1 1 1
     637  6  13  13 1 1 1
     638  6  13  14 1 1 1
     639  6  13  15 1 1 1
     640  6  13  16 1 1 1
     641  6  13  17 1 1 1
     642  6  14  3 1 1 1
     643  6  14  4 1 1 1
     644  6  14  5 1 1 1
     645  6  14  6 1 1 1
     646  6  14  7 1 1 1
     647  6  14  8 1 1 1
     648  6  14  9 1 1 1
     649  6  14  10 1 1 1
     650  6  14  11 1 1 1
     651  6  14  12 1 1 1
     652  6  14  13 1 1 1
     653  6  14  14 1 1 1
     654  6  14  15 1 1 1
     655  6  14  16 1 1 1
     656  6  14  17 1 1 1
     657  6  15  4 1 1 1
     658  6  15  5 1 1 1
     659  6  15  6 1 1 1
     660  6  15  7 1 1 1
     661  6  15  8 1 1 1
     662  6  15  9 1 1 1
     663  6  15  10 1 1 1
     664  6  15  11 1 1 1
     665  6  15  12 1 1 1
     666  6  15  13 1 1 1
     667  6  15  14 1 1 1
     668  6  15  15 1 1 1
     669  6  15  16 1 1 1
     670  6  16  5 1 1 1
     671  6  16  6 1 1 1
     672  6  16  7 1 1 1
     673  6  16  8 1 1 1
     674  6  16  9 1 1 1
     675  6  16  10 1 1 1
     676  6  16  11 1 1 1
     677  6  16  12 1 1 1
     678  6  16  13 1 1 1
     679  6  16  14 1 1 1
     680  6  16  15 1 1 1
     681  6  17  6 1 1 1
     682  6  17  7 1 1 1
     683  6  17  8 1 1 1
     684  6  17  9 1 1 1
     685  6  17  10 1 1 1
     686  6  17  11 1 1 1
     687  6  17  12 1 1 1
     688  6  17  13 1 1 1
     689  6  17  14 1 1 1
     690  6  18  10 1 1 1
     691  7  2  8 1 1 1
     692  7  2  9 1 1 1
     693  7  2  10 1 1 1
     694  7  2  11 1 1 1
     695  7  2  12 1 1 1
     696  7  3  6 1 1 1
     697  7  3  7 1 1 1
     698  7  3  8 1 1 1
     699  7  3  9 1 1 1
     700  7  3  10 1 1 1
     701  7  3  11 1 1 1
     702  7  3  12 1 1 1
     703  7  3  13 1 1 1
     704  7  3  14 1 1 1
     705  7  4  4 1 1 1
     706  7  4  5 1 1 1
     707  7  4  6 1 1 1
     708  7  4  7 1 1 1
     709  7  4  8 1 1 1
     710  7  4  9 1 1 1
     711  7  4  10 1 1 1
     712  7  4  11 1 1 1
     713  7  4  12 1 1 1
     714  7  4  13 1 1 1
     715  7  4  14 1 1 1
     716  7  4  15 1 1 1
     717  7  4  16 1 1 1
     718  7  5  4 1 1 1
     719  7  5  5 1 1 1
     720  7  5  6 1 1 1
     721  7  5  7 1 1 1
     722  7  5  8 1 1 1
     723  7  5  9 1 1 1
     724  7  5  10 1 1 1
     725  7  5  11 1 1 1
     726  7  5  12 1 1 1
     727  7  5  13 1 1 1
     728  7  5  14 1 1 1
     729  7  5  15 1 1 1
     730  7  5  16 1 1 1
     731  7  6  3 1 1 1
     732  7  6  4 1 1 1
     733  7  6  5 1 1 1
     734  7  6  6 1 1 1
     735  7  6  7 1 1 1
     736  7  6  8 1 1 1
     737  7  6  9 1 1 1
     738  7  6  10 1 1 1
     739  7  6  11 1 1 1
     740  7  6  12 1 1 1
     741  7  6  13 1 1 1
     742  7  6  14 1 1 1
     743  7  6  15 1 1 1
     744  7  6  16 1 1 1
     745  7  6  17 1 1 1
     746  7  7  3 1 1 1
     747  7  7  4 1 1 1
     748  7  7  5 1 1 1
     749  7  7  6 1 1 1
     750  7  7  7 1 1 1
     751  7  7  8 1 1 1
     752  7  7  9 1 1 1
     753  7  7  10 1 1 1
     754  7  7  11 1 1 1
     755  7  7  12 1 1 1
     756  7  7  13 1 1 1
     757  7  7  14 1 1 1
     758  7  7  15 1 1 1
     759  7  7  16 1 1 1
     760  7  7  17 1 1 1
     761  7  8  2 1 1 1
     762  7  8  3 1 1 1
     763  7  8  4 1 1 1
     764  7  8  5 1 1 1
     765  7  8  6 1 1 1
     766  7  8  7 1 1 1
     767  7  8  8 1 1 1
     768  7  8  9 1 1 1
     769  7  8  10 1 1 1
     770  7  8  11 1 1 1
     771  7  8  12 1 1 1
     772  7  8  13 1 1 1
     773  7  8  14 1 1 1
     774  7  8  15 1 1 1
     775  7  8  16 1 1 1
     776  7  8  17 1 1 1
     777  7  8  18 1 1 1
     778  7  9  2 1 1 1
     779  7  9  3 1 1 1
     780  7  9  4 1 1 1
     781  7  9  5 1 1 1
     782  7  9  6 1 1 1
     783  7  9  7 1 1 1
     784  7  9  8 1 1 1
     785  7  9  9 1 1 1
     786  7  9  10 1 1 1
     787  7  9  11 1 1 1
     788  7  9  12 1 1 1
     789  7  9  13 1 1 1
     790  7  9  14 1 1 1
     791  7  9  15 1 1 1
     792  7  9  16 1 1 1
     793  7  9  17 1 1 1
     794  7  9  18 1 1 1
     795  7  10  2 1 1 1
     796  7  10  3 1 1 1
     797  7  10  4 1 1 1
     798  7  10  5 1 1 1
     799  7  10  6 1 1 1
     800  7  10  7 1 1 1
     801  7  10  8 1 1 1
     802  7  10  9 1 1 1
     803  7  10  10 1 1 1
     804  7  10  11 1 1 1
     805  7  10  12 1 1 1
     806  7  10  13 1 1 1
     807  7  10  14 1 1 1
     808  7  10  15 1 1 1
     809  7  10  16 1 1 1
     810  7  10  17 1 1 1
     811  7  10  18 1 1 1
     812  7  11  2 1 1 1
     813  7  11  3 1 1 1
     814  7  11  4 1 1 1
     815  7  11  5 1 1 1
     816  7  11  6 1 1 1
     817  7  11  7 1 1 1
     818  7  11  8 1 1 1
     819  7  11  9 1 1 1
     820  7  11  10 1 1 1
     821  7  11  11 1 1 1
     822  7  11  12 1 1 1
     823  7  11  13 1 1 1
     824  7  11  14 1 1 1
     825  7  11  15 1 1 1
     826  7  11  16 1 1 1
     827  7  11  17 1 1 1
     828  7  11  18 1 1 1
     829  7  12  2 1 1 1
     830  7  12  3 1 1 1
     831  7  12  4 1 1 1
     832  7  12  5 1 1 1
     833  7  12  6 1 1 1
     834  7  12  7 1 1 1
     835  7  12  8 1 1 1
     836  7  12  9 1 1 1
     837  7  12  10 1 1 1
     838  7  12  11 1 1 1
     839  7  12  12 1 1 1
     840  7  12  13 1 1 1
     841  7  12  14 1 1 1
     842  7  12  15 1 1 1
     843  7  12  16 1 1 1
     844  7  12  17 1 1 1
     845  7  12  18 1 1 1
     846  7  13  3 1 1 1
     847  7  13  4 1 1 1
     848  7  13  5 1 1 1
     849  7  13  6 1 1 1
     850  7  13  7 1 1 1
     851  7  13  8 1 1 1
     852  7  13  9 1 1 1
     853  7  13  10 1 1 1
     854  7  13  11 1 1 1
     855  7  13  12 1 1 1
     856  7  13  13 1 1 1
     857  7  13  14 1 1 1
     858  7  13  15 1 1 1
     859  7  13  16 1 1 1
     860  7  13  17 1 1 1
     861  7  14  3 1 1 1
     862  7  14  4 1 1 1
     863  7  14  5 1 1 1
     864  7  14  6 1 1 1
     865  7  14  7 1 1 1
     866  7  14  8 1 1 1
     867  7  14  9 1 1 1
     868  7  14  10 1 1 1
     869  7  14  11 1 1 1
     870  7  14  12 1 1 1
     871  7  14  13 1 1 1
     872  7  14  14 1 1 1
     873  7  14  15 1 1 1
     874  7  14  16 1 1 1
     875  7  14  17 1 1 1
     876  7  15  4 1 1 1
     877  7  15  5 1 1 1
     878  7  15  6 1 1 1
     879  7  15  7 1 1 1
     880  7  15  8 1 1 1
     881  7  15  9 1 1 1
     882  7  15  10 1 1 1
     883  7  15  11 1 1 1
     884  7  15  12 1 1 1
     885  7  15  13 1 1 1
     886  7  15  14 1 1 1
     887  7  15  15 1 1 1
     888  7  15  16 1 1 1
     889  7  16  4 1 1 1
     890  7  16  5 1 1 1
     891  7  16  6 1 1 1
     892  7  16  7 1 1 1
     893  7  16  8 1 1 1
     894  7  16  9 1 1 1
     895  7  16  10 1 1 1
     896  7  16  11 1 1 1
     897  7  16  12 1 1 1
     898  7  16  13 1 1 1
     899  7  16  14 1 1 1
     900  7  16  15 1 1 1
     901  7  16  16 1 1 1
     902  7  17  6 1 1 1
     903  7  17  7 1 1 1
     904  7  17  8 1 1 1
     905  7  17  9 1 1 1
     906  7  17  10 1 1 1
     907  7  17  11 1 1 1
     908  7  17  12 1 1 1
     909  7  17  13 1 1 1
     910  7  17  14 1 1 1
     911  7  18  8 1 1 1
     912  7  18  9 1 1 1
     913  7  18  10 1 1 1
     914  7  18  11 1 1 1
     915  7  18  12 1 1 1
     916  8  2  7 1 1 1
     917  8  2  8 1 1 1
     918  8  2  9 1 1 1
     919  8  2  10 1 1 1
     920  8  2  11 1 1 1
     921  8  2  12 1 1 1
     922  8  2  13 1 1 1
     923  8  3  5 1 1 1
     924  8  3  6 1 1 1
     925  8  3  7 1 1 1
     926  8  3  8 1 1 1
     927  8  3  9 1 1 1
     928  8  3  10 1 1 1
     929  8  3  11 1 1 1
     930  8  3  12 1 1 1
     931  8  3  13 1 1 1
     932  8  3  14 1 1 1
     933  8  3  15 1 1 1
     934  8  4  4 1 1 1
     935  8  4  5 1 1 1
     936  8  4  6 1 1 1
     937  8  4  7 1 1 1
     938  8  4  8 1 1 1
     939  8  4  9 1 1 1
     940  8  4  10 1 1 1
     941  8  4  11 1 1 1
     942  8  4  12 1 1 1
     943  8  4  13 1 1 1
     944  8  4  14 1 1 1
     945  8  4  15 1 1 1
     946  8  4  16 1 1 1
     947  8  5  3 1 1 1
     948  8  5  4 1 1 1
     949  8  5  5 1 1 1
     950  8  5  6 1 1 1
     951  8  5  7 1 1 1
     952  8  5  8 1 1 1
     953  8  5  9 1 1 1
     954  8  5  10 1 1 1
     955  8  5  11 1 1 1
     956  8  5  12 1 1 1
     957  8  5  13 1 1 1
     958  8  5  14 1 1 1
     959  8  5  15 1 1 1
     960  8  5  16 1 1 1
     961  8  5  17 1 1 1
     962  8  6  3 1 1 1
     963  8  6  4 1 1 1
     964  8  6  5 1 1 1
     965  8  6  6 1 1 1
     966  8  6  7 1 1 1
     967  8  6  8 1 1 1
     968  8  6  9 1 1 1
     969  8  6  10 1 1 1
     970  8  6  11 1 1 1
     971  8  6  12 1 1 1
     972  8  6  13 1 1 1
     973  8  6  14 1 1 1
     974  8  6  15 1 1 1
     975  8  6  16 1 1 1
     976  8  6  17 1 1 1
     977  8  7  2 1 1 1
     978  8  7  3 1 1 1
     979  8  7  4 1 1 1
     980  8  7  5 1 1 1
     981  8  7  6 1 1 1
     982  8  7  7 1 1 1
     983  8  7  8 1 1 1
     984  8  7  9 1 1 1
     985  8  7  10 1 1 1
     986  8  7  11 1 1 1
     987  8  7  12 1 1 1
     988  8  7  13 1 1 1
     989  8  7  14 1 1 1
     990  8  7  15 1 1 1
     991  8  7  16 1 1 1
     992  8  7  17 1 1 1
     993  8  7  18 1 1 1
     994  8  8  2 1 1 1
     995  8  8  3 1 1 1
     996  8  8  4 1 1 1
     997  8  8  5 1 1 1
     998  8  8  6 1 1 1
     999  8  8  7 1 1 1
     1000  8  8  8 1 1 1
     1001  8  8  9 1 1 1
     1002  8  8  10 1 1 1
     1003  8  8  11 1 1 1
     1004  8  8  12 1 1 1
     1005  8  8  13 1 1 1
     1006  8  8  14 1 1 1
     1007  8  8  15 1 1 1
     1008  8  8  16 1 1 1
     1009  8  8  17 1 1 1
     1010  8  8  18 1 1 1
     1011  8  9  2 1 1 1
     1012  8  9  3 1 1 1
     1013  8  9  4 1 1 1
     1014  8  9  5 1 1 1
     1015  8  9  6 1 1 1
     1016  8  9  7 1 1 1
     1017  8  9  8 1 1 1
     1018  8  9  9 1 1 1
     1019  8  9  10 1 1 1
     1020  8  9  11 1 1 1
     1021  8  9  12 1 1 1
     1022  8  9  13 1 1 1
     1023  8  9  14 1 1 1
     1024  8  9  15 1 1 1
     1025  8  9  16 1 1 1
     1026  8  9  17 1 1 1
     1027  8  9  18 1 1 1
     1028  8  10  2 1 1 1
     1029  8  10  3 1 1 1
     1030  8  10  4 1 1 1
     1031  8  10  5 1 1 1
     1032  8  10  6 1 1 1
     1033  8  10  7 1 1 1
     1034  8  10  8 1 1 1
     1035  8  10  9 1 1 1
     1036  8  10  10 1 1 1
     1037  8  10  11 1 1 1
     1038  8  10  12 1 1 1
     1039  8  10  13 1 1 1
     1040  8  10  14 1 1 1
     1041  8  10  15 1 1 1
     1042  8  10  16 1 1 1
     1043  8  10  17 1 1 1
     1044  8  10  18 1 1 1
     1045  8  11  2 1 1 1
     1046  8  11  3 1 1 1
     1047  8  11  4 1 1 1
     1048  8  11  5 1 1 1
     1049  8  11  6 1 1 1
     1050  8  11  7 1 1 1
     1051  8  11  8 1 1 1
     1052  8  11  9 1 1 1
     1053  8  11  10 1 1 1
     1054  8  11  11 1 1 1
     1055  8  11  12 1 1 1
     1056  8  11  13 1 1 1
     1057  8  11  14 1 1 1
     1058  8  11  15 1 1 1
     1059  8  11  16 1 1 1
     1060  8  11  17 1 1 1
     1061  8  11  18 1 1 1
     1062  8  12  2 1 1 1
     1063  8  12  3 1 1 1
     1064  8  12  4 1 1 1
     1065  8  12  5 1 1 1
     1066  8  12  6 1 1 1
     1067  8  12  7 1 1 1
     1068  8  12  8 1 1 1
     1069  8  12  9 1 1 1
     1070  8  12  10 1 1 1
     1071  8  12  11 1 1 1
     1072  8  12  12 1 1 1
     1073  8  12  13 1 1 1
     1074  8  12  14 1 1 1
     1075  8  12  15 1 1 1
     1076  8  12  16 1 1 1
     1077  8  12  17 1 1 1
     1078  8  12  18 1 1 1
     1079  8  13  2 1 1 1
     1080  8  13  3 1 1 1
     1081  8  13  4 1 1 1
     1082  8  13  5 1 1 1
     1083  8  13  6 1 1 1
     1084  8  13  7 1 1 1
     1085  8  13  8 1 1 1
     1086  8  13  9 1 1 1
     1087  8  13  10 1 1 1
     1088  8  13  11 1 1 1
     1089  8  13  12 1 1 1
     1090  8  13  13 1 1 1
     1091  8  13  14 1 1 1
     1092  8  13  15 1 1 1
     1093  8  13  16 1 1 1
     1094  8  13  17 1 1 1
     1095  8  13  18 1 1 1
     1096  8  14  3 1 1 1
     1097  8  14  4 1 1 1
     1098  8  14  5 1 1 1
     1099  8  14  6 1 1 1
     1100  8  14  7 1 1 1
     1101  8  14  8 1 1 1
     1102  8  14  9 1 1 1
     1103  8  14  10 1 1 1
     1104  8  14  11 1 1 1
     1105  8  14  12 1 1 1
     1106  8  14  13 1 1 1
     1107  8  14  14 1 1 1
     1108  8  14  15 1 1 1
     1109  8  14  16 1 1 1
     1110  8  14  17 1 1 1
     1111  8  15  3 1 1 1
     1112  8  15  4 1 1 1
     1113  8  15  5 1 1 1
     1114  8  15  6 1 1 1
     1115  8  15  7 1 1 1
     1116  8  15  8 1 1 1
     1117  8  15  9 1 1 1
     1118  8  15  10 1 1 1
     1119  8  15  11 1 1 1
     1120  8  15  12 1 1 1
     1121  8  15  13 1 1 1
     1122  8  15  14 1 1 1
     1123  8  15  15 1 1 1
     1124  8  15  16 1 1 1
     1125  8  15  17 1 1 1
     1126  8  16  4 1 1 1
     1127  8  16  5 1 1 1
     1128  8  16  6 1 1 1
     1129  8  16  7 1 1 1
     1130  8  16  8 1 1 1
     1131  8  16  9 1 1 1
     1132  8  16  10 1 1 1
     1133  8  16  11 1 1 1
     1134  8  16  12 1 1 1
     1135  8  16  13 1 1 1
     1136  8  16  14 1 1 1
     1137  8  16  15 1 1 1
     1138  8  16  16 1 1 1
     1139  8  17  5 1 1 1
     1140  8  17  6 1 1 1
     1141  8  17  7 1 1 1
     1142  8  17  8 1 1 1
     1143  8  17  9 1 1 1
     1144  8  17  10 1 1 1
     1145  8  17  11 1 1 1
     1146  8  17  12 1 1 1
     1147  8  17  13 1 1 1
     1148  8  17  14 1 1 1
     1149  8  17  15 1 1 1
     1150  8  18  7 1 1 1
     1151  8  18  8 1 1 1
     1152  8  18  9 1 1 1
     1153  8  18  10 1 1 1
     1154  8  18  11 1 1 1
     1155  8  18  12 1 1 1
     1156  8  18  13 1 1 1
     1157  9  2  6 1 1 1
     1158  9  2  7 1 1 1
     1159  9  2  8 1 1 1
     1160  9  2  9 1 1 1
     1161  9  2  10 1 1 1
     1162  9  2  11 1 1 1
     1163  9  2  12 1 1 1
     1164  9  2  13 1 1 1
     1165  9  2  14 1 1 1
     1166  9  3  5 1 1 1
     1167  9  3  6 1 1 1
     1168  9  3  7 1 1 1
     1169  9  3  8 1 1 1
     1170  9  3  9 1 1 1
     1171  9  3  10 1 1 1
     1172  9  3  11 1 1 1
     1173  9  3  12 1 1 1
     1174  9  3  13 1 1 1
     1175  9  3  14 1 1 1
     1176  9  3  15 1 1 1
     1177  9  4  4 1 1 1
     1178  9  4  5 1 1 1
     1179  9  4  6 1 1 1
     1180  9  4  7 1 1 1
     1181  9  4  8 1 1 1
     1182  9  4  9 1 1 1
     1183  9  4  10 1 1 1
     1184  9  4  11 1 1 1
     1185  9  4  12 1 1 1
     1186  9  4  13 1 1 1
     1187  9  4  14 1 1 1
     1188  9  4  15 1 1 1
     1189  9  4  16 1 1 1
     1190  9  5  3 1 1 1
     1191  9  5  4 1 1 1
     1192  9  5  5 1 1 1
     1193  9  5  6 1 1 1
     1194  9  5  7 1 1 1
     1195  9  5  8 1 1 1
     1196  9  5  9 1 1 1
     1197  9  5  10 1 1 1
     1198  9  5  11 1 1 1
     1199  9  5  12 1 1 1
     1200  9  5  13 1 1 1
     1201  9  5  14 1 1 1
     1202  9  5  15 1 1 1
     1203  9  5  16 1 1 1
     1204  9  5  17 1 1 1
     1205  9  6  2 1 1 1
     1206  9  6  3 1 1 1
     1207  9  6  4 1 1 1
     1208  9  6  5 1 1 1
     1209  9  6  6 1 1 1
     1210  9  6  7 1 1 1
     1211  9  6  8 1 1 1
     1212  9  6  9 1 1 1
     1213  9  6  10 1 1 1
     1214  9  6  11 1 1 1
     1215  9  6  12 1 1 1
     1216  9  6  13 1 1 1
     1217  9  6  14 1 1 1
     1218  9  6  15 1 1 1
     1219  9  6  16 1 1 1
     1220  9  6  17 1 1 1
     1221  9  7  2 1 1 1
     1222  9  7  3 1 1 1
     1223  9  7  4 1 1 1
     1224  9  7  5 1 1 1
     1225  9  7  6 1 1 1
     1226  9  7  7 1 1 1
     1227  9  7  8 1 1 1
     1228  9  7  9 1 1 1
     1229  9  7  10 1 1 1
     1230  9  7  11 1 1 1
     1231  9  7  12 1 1 1
     1232  9  7  13 1 1 1
     1233  9  7  14 1 1 1
     1234  9  7  15 1 1 1
     1235  9  7  16 1 1 1
     1236  9  7  17 1 1 1
     1237  9  7  18 1 1 1
     1238  9  8  2 1 1 1
     1239  9  8  3 1 1 1
     1240  9  8  4 1 1 1
     1241  9  8  5 1 1 1
     1242  9  8  6 1 1 1
     1243  9  8  7 1 1 1
     1244  9  8  8 1 1 1
     1245  9  8  9 1 1 1
     1246  9  8  10 1 1 1
     1247  9  8  11 1 1 1
     1248  9  8  12 1 1 1
     1249  9  8  13 1 1 1
     1250  9  8  14 1 1 1
     1251  9  8  15 1 1 1
     1252  9  8  16 1 1 1
     1253  9  8  17 1 1 1
     1254  9  8  18 1 1 1
     1255  9  9  2 1 1 1
     1256  9  9  3 1 1 1
     1257  9  9  4 1 1 1
     1258  9  9  5 1 1 1
     1259  9  9  6 1 1 1
     1260  9  9  7 1 1 1
     1261  9  9  8 1 1 1
     1262  9  9  9 1 1 1
     1263  9  9  10 1 1 1
     1264  9  9  11 1 1 1
     1265  9  9  12 1 1 1
     1266  9  9  13 1 1 1
     1267  9  9  14 1 1 1
     1268  9  9  15 1 1 1
     1269  9  9  16 1 1 1
     1270  9  9  17 1 1 1
     1271  9  9  18 1 1 1
     1272  9  10  2 1 1 1
     1273  9  10  3 1 1 1
     1274  9  10  4 1 1 1
     1275  9  10  5 1 1 1
     1276  9  10  6 1 1 1
     1277  9  10  7 1 1 1
     1278  9  10  8 1 1 1
     1279  9  10  9 1 1 1
     1280  9  10  10 1 1 1
     1281  9  10  11 1 1 1
     1282  9  10  12 1 1 1
     1283  9  10  13 1 1 1
     1284  9  10  14 1 1 1
     1285  9  10  15 1 1 1
     1286  9  10  16 1 1 1
     1287  9  10  17 1 1 1
     1288  9  10  18 1 1 1
     1289  9  11  2 1 1 1
     1290  9  11  3 1 1 1
     1291  9  11  4 1 1 1
     1292  9  11  5 1 1 1
     1293  9  11  6 1 1 1
     1294  9  11  7 1 1 1
     1295  9  11  8 1 1 1
     1296  9  11  9 1 1 1
     1297  9  11  10 1 1 1
     1298  9  11  11 1 1 1
     1299  9  11  12 1 1 1
     1300  9  11  13 1 1 1
     1301  9  11  14 1 1 1
     1302  9  11  15 1 1 1
     1303  9  11  16 1 1 1
     1304  9  11  17 1 1 1
     1305  9  11  18 1 1 1
     1306  9  12  2 1 1 1
     1307  9  12  3 1 1 1
     1308  9  12  4 1 1 1
     1309  9  12  5 1 1 1
     1310  9  12  6 1 1 1
     1311  9  12  7 1 1 1
     1312  9  12  8 1 1 1
     1313  9  12  9 1 1 1
     1314  9  12  10 1 1 1
     1315  9  12  11 1 1 1
     1316  9  12  12 1 1 1
     1317  9  12  13 1 1 1
     1318  9  12  14 1 1 1
     1319  9  12  15 1 1 1
     1320  9  12  16 1 1 1
     1321  9  12  17 1 1 1
     1322  9  12  18 1 1 1
     1323  9  13  2 1 1 1
     1324  9  13  3 1 1 1
     1325  9  13  4 1 1 1
     1326  9  13  5 1 1 1
     1327  9  13  6 1 1 1
     1328  9  13  7 1 1 1
     1329  9  13  8 1 1 1
     1330  9  13  9 1 1 1
     1331  9  13  10 1 1 1
     1332  9  13  11 1 1 1
     1333  9  13  12 1 1 1
     1334  9  13  13 1 1 1
     1335  9  13  14 1 1 1
     1336  9  13  15 1 1 1
     1337  9  13  16 1 1 1
     1338  9  13  17 1 1 1
     1339  9  13  18 1 1 1
     1340  9  14  2 1 1 1
     1341  9  14  3 1 1 1
     1342  9  14  4 1 1 1
     1343  9  14  5 1 1 1
     1344  9  14  6 1 1 1
     1345  9  14  7 1 1 1
     1346  9  14  8 1 1 1
     1347  9  14  9 1 1 1
     1348  9  14  10 1 1 1
     1349  9  14  11 1 1 1
     1350  9  14  12 1 1 1
     1351  9  14  13 1 1 1
     1352  9  14  14 1 1 1
     1353  9  14  15 1 1 1
     1354  9  14  16 1 1 1
     1355  9  14  17 1 1 1
     1356  9  15  3 1 1 1
     1357  9  15  4 1 1 1
     1358  9  15  5 1 1 1
     1359  9  15  6 1 1 1
     1360  9  15  7 1 1 1
     1361  9  15  8 1 1 1
     1362  9  15  9 1 1 1
     1363  9  15  10 1 1 1
     1364  9  15  11 1 1 1
     1365  9  15  12 1 1 1
     1366  9  15  13 1 1 1
     1367  9  15  14 1 1 1
     1368  9  15  15 1 1 1
     1369  9  15  16 1 1 1
     1370  9  15  17 1 1 1
     1371  9  16  4 1 1 1
     1372  9  16  5 1 1 1
     1373  9  16  6 1 1 1
     1374  9  16  7 1 1 1
     1375  9  16  8 1 1 1
     1376  9  16  9 1 1 1
     1377  9  16  10 1 1 1
     1378  9  16  11 1 1 1
     1379  9  16  12 1 1 1
     1380  9  16  13 1 1 1
     1381  9  16  14 1 1 1
     1382  9  16  15 1 1 1
     1383  9  16  16 1 1 1
     1384  9  17  5 1 1 1
     1385  9  17  6 1 1 1
     1386  9  17  7 1 1 1
     1387  9  17  8 1 1 1
     1388  9  17  9 1 1 1
     1389  9  17  10 1 1 1
     1390  9  17  11 1 1 1
     1391  9  17  12 1 1 1
     1392  9  17  13 1 1 1
     1393  9  17  14 1 1 1
     1394  9  17  15 1 1 1
     1395  9  18  7 1 1 1
     1396  9  18  8 1 1 1
     1397  9  18  9 1 1 1
     1398  9  18  10 1 1 1
     1399  9  18  11 1 1 1
     1400  9  18  12 1 1 1
     1401  9  18  13 1 1 1
     1402  10  1  10 1 1 1
     1403  10  2  6 1 1 1
     1404  10  2  7 1 1 1
     1405  10  2  8 1 1 1
     1406  10  2  9 1 1 1
     1407  10  2  10 1 1 1
     1408  10  2  11 1 1 1
     1409  10  2  12 1 1 1
     1410  10  2  13 1 1 1
     1411  10  2  14 1 1 1
     1412  10  3  5 1 1 1
     1413  10  3  6 1 1 1
     1414  10  3  7 1 1 1
     1415  10  3  8 1 1 1
     1416  10  3  9 1 1 1
     1417  10  3  10 1 1 1
     1418  10  3  11 1 1 1
     1419  10  3  12 1 1 1
     1420  10  3  13 1 1 1
     1421  10  3  14 1 1 1
     1422  10  3  15 1 1 1
     1423  10  4  4 1 1 1
     1424  10  4  5 1 1 1
     1425  10  4  6 1 1 1
     1426  10  4  7 1 1 1
     1427  10  4  8 1 1 1
     1428  10  4  9 1 1 1
     1429  10  4  10 1 1 1
     1430  10  4  11 1 1 1
     1431  10  4  12 1 1 1
     1432  10  4  13 1 1 1
     1433  10  4  14 1 1 1
     1434  10  4  15 1 1 1
     1435  10  4  16 1 1 1
     1436  10  5  3 1 1 1
     1437  10  5  4 1 1 1
     1438  10  5  5 1 1 1
     1439  10  5  6 1 1 1
     1440  10  5  7 1 1 1
     1441  10  5  8 1 1 1
     1442  10  5  9 1 1 1
     1443  10  5  10 1 1 1
     1444  10  5  11 1 1 1
     1445  10  5  12 1 1 1
     1446  10  5  13 1 1 1
     1447  10  5  14 1 1 1
     1448  10  5  15 1 1 1
     1449  10  5  16 1 1 1
     1450  10  5  17 1 1 1
     1451  10  6  2 1 1 1
     1452  10  6  3 1 1 1
     1453  10  6  4 1 1 1
     1454  10  6  5 1 1 1
     1455  10  6  6 1 1 1
     1456  10  6  7 1 1 1
     1457  10  6  8 1 1 1
     1458  10  6  9 1 1 1
     1459  10  6  10 1 1 1
     1460  10  6  11 1 1 1
     1461  10  6  12 1 1 1
     1462  10  6  13 1 1 1
     1463  10  6  14 1 1 1
     1464  10  6  15 1 1 1
     1465  10  6  16 1 1 1
     1466  10  6  17 1 1 1
     1467  10  6  18 1 1 1
     1468  10  7  2 1 1 1
     1469  10  7  3 1 1 1
     1470  10  7  4 1 1 1
     1471  10  7  5 1 1 1
     1472  10  7  6 1 1 1
     1473  10  7  7 1 1 1
     1474  10  7  8 1 1 1
     1475  10  7  9 1 1 1
     1476  10  7  10 1 1 1
     1477  10  7  11 1 1 1
     1478  10  7  12 1 1 1
     1479  10  7  13 1 1 1
     1480  10  7  14 1 1 1
     1481  10  7  15 1 1 1
     1482  10  7  16 1 1 1
     1483  10  7  17 1 1 1
     1484  10  7  18 1 1 1
     1485  10  8  2 1 1 1
     1486  10  8  3 1 1 1
     1487  10  8  4 1 1 1
     1488  10  8  5 1 1 1
     1489  10  8  6 1 1 1
     1490  10  8  7 1 1 1
     1491  10  8  8 1 1 1
     1492  10  8  9 1 1 1
     1493  10  8  10 1 1 1
     1494  10  8  11 1 1 1
     1495  10  8  12 1 1 1
     1496  10  8  13 1 1 1
     1497  10  8  14 1 1 1
     1498  10  8  15 1 1 1
     1499  10  8  16 1 1 1
     1500  10  8  17 1 1 1
     1501  10  8  18 1 1 1
     1502  10  9  2 1 1 1
     1503  10  9  3 1 1 1
     1504  10  9  4 1 1 1
     1505  10  9  5 1 1 1
     1506  10  9  6 1 1 1
     1507  10  9  7 1 1 1
     1508  10  9  8 1 1 1
     1509  10  9  9 1 1 1
     1510  10  9  10 1 1 1
     1511  10  9  11 1 1 1
     1512  10  9  12 1 1 1
     1513  10  9  13 1 1 1
     1514  10  9  14 1 1 1
     1515  10  9  15 1 1 1
     1516  10  9  16 1 1 1
     1517  10  9  17 1 1 1
     1518  10  9  18 1 1 1
     1519  10  10  1 1 1 1
     1520  10  10  2 1 1 1
     1521  10  10  3 1 1 1
     1522  10  10  4 1 1 1
     1523  10  10  5 1 1 1
     1524  10  10  6 1 1 1
     1525  10  10  7 1 1 1
     1526  10  10  8 1 1 1
     1527  10  10  9 1 1 1
     1528  10  10  10 1 1 1
     1529  10  10  11 1 1 1
     1530  10  10  12 1 1 1
     1531  10  10  13 1 1 1
     1532  10  10  14 1 1 1
     1533  10  10  15 1 1 1
     1534  10  10  16 1 1 1
     1535  10  10  17 1 1 1
     1536  10  10  18 1 1 1
     1537  10  10  20 1 1 1
     1538  10  11  2 1 1 1
     1539  10  11  3 1 1 1
     1540  10  11  4 1 1 1
     1541  10  11  5 1 1 1
     1542  10  11  6 1 1 1
     1543  10  11  7 1 1 1
     1544  10  11  8 1 1 1
     1545  10  11  9 1 1 1
     1546  10  11  10 1 1 1
     1547  10  11  11 1 1 1
     1548  10  11  12 1 1 1
     1549  10  11  13 1 1 1
     1550  10  11  14 1 1 1
     1551  10  11  15 1 1 1
     1552  10  11  16 1 1 1
     1553  10  11  17 1 1 1
     1554  10  11  18 1 1 1
     1555  10  12  2 1 1 1
     1556  10  12  3 1 1 1
     1557  10  12  4 1 1 1
     1558  10  12  5 1 1 1
     1559  10  12  6 1 1 1
     1560  10  12  7 1 1 1
     1561  10  12  8 1 1 1
     1562  10  12  9 1 1 1
     1563  10  12  10 1 1 1
     1564  10  12  11 1 1 1
     1565  10  12  12 1 1 1
     1566  10  12  13 1 1 1
     1567  10  12  14 1 1 1
     1568  10  12  15 1 1 1
     1569  10  12  16 1 1 1
     1570  10  12  17 1 1 1
     1571  10  12  18 1 1 1
     1572  10  13  2 1 1 1
     1573  10  13  3 1 1 1
     1574  10  13  4 1 1 1
     1575  10  13  5 1 1 1
     1576  10  13  6 1 1 1
     1577  10  13  7 1 1 1
     1578  10  13  8 1 1 1
     1579  10  13  9 1 1 1
     1580  10  13  10 1 1 1
     1581  10  13  11 1 1 1
     1582  10  13  12 1 1 1
     1583  10  13  13 1 1 1
     1584  10  13  14 1 1 1
     1585  10  13  15 1 1 1
     1586  10  13  16 1 1 1
     1587  10  13  17 1 1 1
     1588  10  13  18 1 1 1
     1589  10  14  2 1 1 1
     1590  10  14  3 1 1 1
     1591  10  14  4 1 1 1
     1592  10  14  5 1 1 1
     1593  10  14  6 1 1 1
     1594  10  14  7 1 1 1
     1595  10  14  8 1 1 1
     1596  10  14  9 1 1 1
     1597  10  14  10 1 1 1
     1598  10  14  11 1 1 1
     1599  10  14  12 1 1 1
     1600  10  14  13 1 1 1
     1601  10  14  14 1 1 1
     1602  10  14  15 1 1 1
     1603  10  14  16 1 1 1
     1604  10  14  17 1 1 1
     1605  10  14  18 1 1 1
     1606  10  15  3 1 1 1
     1607  10  15  4 1 1 1
     1608  10  15  5 1 1 1
     1609  10  15  6 1 1 1
     1610  10  15  7 1 1 1
     1611  10  15  8 1 1 1
     1612  10  15  9 1 1 1
     1613  10  15  10 1 1 1
     1614  10  15  11 1 1 1
     1615  10  15  12 1 1 1
     1616  10  15  13 1 1 1
     1617  10  15  14 1 1 1
     1618  10  15  15 1 1 1
     1619  10  15  16 1 1 1
     1620  10  15  17 1 1 1
     1621  10  16  4 1 1 1
     1622  10  16  5 1 1 1
     1623  10  16  6 1 1 1
     1624  10  16  7 1 1 1
     1625  10  16  8 1 1 1
     1626  10  16  9 1 1 1
     1627  10  16  10 1 1 1
     1628  10  16  11 1 1 1
     1629  10  16  12 1 1 1
     1630  10  16  13 1 1 1
     1631  10  16  14 1 1 1
     1632  10  16  15 1 1 1
     1633  10  16  16 1 1 1
     1634  10  17  5 1 1 1
     1635  10  17  6 1 1 1
     1636  10  17  7 1 1 1
     1637  10  17  8 1 1 1
     1638  10  17  9 1 1 1
     1639  10  17  10 1 1 1
     1640  10  17  11 1 1 1
     1641  10  17  12 1 1 1
     1642  10  17  13 1 1 1
     1643  10  17  14 1 1 1
     1644  10  17  15 1 1 1
     1645  10  18  6 1 1 1
     1646  10  18  7 1 1 1
     1647  10  18  8 1 1 1
     1648  10  18  9 1 1 1
     1649  10  18  10 1 1 1
     1650  10  18  11 1 1 1
     1651  10  18  12 1 1 1
     1652  10  18  13 1 1 1
     1653  10  18  14 1 1 1
     1654  10  20  10 1 1 1
     1655  11  2  6 1 1 1
     1656  11  2  7 1 1 1
     1657  11  2  8 1 1 1
     1658  11  2  9 1 1 1
     1659  11  2  10 1 1 1
     1660  11  2  11 1 1 1
     1661  11  2  12 1 1 1
     1662  11  2  13 1 1 1
     1663  11  2  14 1 1 1
     1664  11  3  5 1 1 1
     1665  11  3  6 1 1 1
     1666  11  3  7 1 1 1
     1667  11  3  8 1 1 1
     1668  11  3  9 1 1 1
     1669  11  3  10 1 1 1
     1670  11  3  11 1 1 1
     1671  11  3  12 1 1 1
     1672  11  3  13 1 1 1
     1673  11  3  14 1 1 1
     1674  11  3  15 1 1 1
     1675  11  4  4 1 1 1
     1676  11  4  5 1 1 1
     1677  11  4  6 1 1 1
     1678  11  4  7 1 1 1
     1679  11  4  8 1 1 1
     1680  11  4  9 1 1 1
     1681  11  4  10 1 1 1
     1682  11  4  11 1 1 1
     1683  11  4  12 1 1 1
     1684  11  4  13 1 1 1
     1685  11  4  14 1 1 1
     1686  11  4  15 1 1 1
     1687  11  4  16 1 1 1
     1688  11  5  3 1 1 1
     1689  11  5  4 1 1 1
     1690  11  5  5 1 1 1
     1691  11  5  6 1 1 1
     1692  11  5  7 1 1 1
     1693  11  5  8 1 1 1
     1694  11  5  9 1 1 1
     1695  11  5  10 1 1 1
     1696  11  5  11 1 1 1
     1697  11  5  12 1 1 1
     1698  11  5  13 1 1 1
     1699  11  5  14 1 1 1
     1700  11  5  15 1 1 1
     1701  11  5  16 1 1 1
     1702  11  5  17 1 1 1
     1703  11  6  2 1 1 1
     1704  11  6  3 1 1 1
     1705  11  6  4 1 1 1
     1706  11  6  5 1 1 1
     1707  11  6  6 1 1 1
     1708  11  6  7 1 1 1
     1709  11  6  8 1 1 1
     1710  11  6  9 1 1 1
     1711  11  6  10 1 1 1
     1712  11  6  11 1 1 1
     1713  11  6  12 1 1 1
     1714  11  6  13 1 1 1
     1715  11  6  14 1 1 1
     1716  11  6  15 1 1 1
     1717  11  6  16 1 1 1
     1718  11  6  17 1 1 1
     1719  11  7  2 1 1 1
     1720  11  7  3 1 1 1
     1721  11  7  4 1 1 1
     1722  11  7  5 1 1 1
     1723  11  7  6 1 1 1
     1724  11  7  7 1 1 1
     1725  11  7  8 1 1 1
     1726  11  7  9 1 1 1
     1727  11  7  10 1 1 1
     1728  11  7  11 1 1 1
     1729  11  7  12 1 1 1
     1730  11  7  13 1 1 1
     1731  11  7  14 1 1 1
     1732  11  7  15 1 1 1
     1733  11  7  16 1 1 1
     1734  11  7  17 1 1 1
     1735  11  7  18 1 1 1
     1736  11  8  2 1 1 1
     1737  11  8  3 1 1 1
     1738  11  8  4 1 1 1
     1739  11  8  5 1 1 1
     1740  11  8  6 1 1 1
     1741  11  8  7 1 1 1
     1742  11  8  8 1 1 1
     1743  11  8  9 1 1 1
     1744  11  8  10 1 1 1
     1745  11  8  11 1 1 1
     1746  11  8  12 1 1 1
     1747  11  8  13 1 1 1
     1748  11  8  14 1 1 1
     1749  11  8  15 1 1 1
     1750  11  8  16 1 1 1
     1751  11  8  17 1 1 1
     1752  11  8  18 1 1 1
     1753  11  9  2 1 1 1
     1754  11  9  3 1 1 1
     1755  11  9  4 1 1 1
     1756  11  9  5 1 1 1
     1757  11  9  6 1 1 1
     1758  11  9  7 1 1 1
     1759  11  9  8 1 1 1
     1760  11  9  9 1 1 1
     1761  11  9  10 1 1 1
     1762  11  9  11 1 1 1
     1763  11  9  12 1 1 1
     1764  11  9  13 1 1 1
     1765  11  9  14 1 1 1
     1766  11  9  15 1 1 1
     1767  11  9  16 1 1 1
     1768  11  9  17 1 1 1
     1769  11  9  18 1 1 1
     1770  11  10  2 1 1 1
     1771  11  10  3 1 1 1
     1772  11  10  4 1 1 1
     1773  11  10  5 1 1 1
     1774  11  10  6 1 1 1
     1775  11  10  7 1 1 1
     1776  11  10  8 1 1 1
     1777  11  10  9 1 1 1
     1778  11  10  10 1 1 1
     1779  11  10  11 1 1 1
     1780  11  10  12 1 1 1
     1781  11  10  13 1 1 1
     1782  11  10  14 1 1 1
     1783  11  10  15 1 1 1
     1784  11  10  16 1 1 1
     1785  11  10  17 1 1 1
     1786  11  10  18 1 1 1
     1787  11  11  2 1 1 1
     1788  11  11  3 1 1 1
     1789  11  11  4 1 1 1
     1790  11  11  5 1 1 1
     1791  11  11  6 1 1 1
     1792  11  11  7 1 1 1
     1793  11  11  8 1 1 1
     1794  11  11  9 1 1 1
     1795  11  11  10 1 1 1
     1796  11  11  11 1 1 1
     1797  11  11  12 1 1 1
     1798  11  11  13 1 1 1
     1799  11  11  14 1 1 1
     1800  11  11  15 1 1 1
     1801  11  11  16 1 1 1
     1802  11  11  17 1 1 1
     1803  11  11  18 1 1 1
     1804  11  12  2 1 1 1
     1805  11  12  3 1 1 1
     1806  11  12  4 1 1 1
     1807  11  12  5 1 1 1
     1808  11  12  6 1 1 1
     1809  11  12  7 1 1 1
     1810  11  12  8 1 1 1
     1811  11  12  9 1 1 1
     1812  11  12  10 1 1 1
     1813  11  12  11 1 1 1
     1814  11  12  12 1 1 1
     1815  11  12  13 1 1 1
     1816  11  12  14 1 1 1
     1817  11  12  15 1 1 1
     1818  11  12  16 1 1 1
     1819  11  12  17 1 1 1
     1820  11  12  18 1 1 1
     1821  11  13  2 1 1 1
     1822  11  13  3 1 1 1
     1823  11  13  4 1 1 1
     1824  11  13  5 1 1 1
     1825  11  13  6 1 1 1
     1826  11  13  7 1 1 1
     1827  11  13  8 1 1 1
     1828  11  13  9 1 1 1
     1829  11  13  10 1 1 1
     1830  11  13  11 1 1 1
     1831  11  13  12 1 1 1
     1832  11  13  13 1 1 1
     1833  11  13  14 1 1 1
     1834  11  13  15 1 1 1
     1835  11  13  16 1 1 1
     1836  11  13  17 1 1 1
     1837  11  13  18 1 1 1
     1838  11  14  2 1 1 1
     1839  11  14  3 1 1 1
     1840  11  14  4 1 1 1
     1841  11  14  5 1 1 1
     1842  11  14  6 1 1 1
     1843  11  14  7 1 1 1
     1844  11  14  8 1 1 1
     1845  11  14  9 1 1 1
     1846  11  14  10 1 1 1
     1847  11  14  11 1 1 1
     1848  11  14  12 1 1 1
     1849  11  14  13 1 1 1
     1850  11  14  14 1 1 1
     1851  11  14  15 1 1 1
     1852  11  14  16 1 1 1
     1853  11  14  17 1 1 1
     1854  11  15  3 1 1 1
     1855  11  15  4 1 1 1
     1856  11  15  5 1 1 1
     1857  11  15  6 1 1 1
     1858  11  15  7 1 1 1
     1859  11  15  8 1 1 1
     1860  11  15  9 1 1 1
     1861  11  15  10 1 1 1
     1862  11  15  11 1 1 1
     1863  11  15  12 1 1 1
     1864  11  15  13 1 1 1
     1865  11  15  14 1 1 1
     1866  11  15  15 1 1 1
     1867  11  15  16 1 1 1
     1868  11  15  17 1 1 1
     1869  11  16  4 1 1 1
     1870  11  16  5 1 1 1
     1871  11  16  6 1 1 1
     1872  11  16  7 1 1 1
     1873  11  16  8 1 1 1
     1874  11  16  9 1 1 1
     1875  11  16  10 1 1 1
     1876  11  16  11 1 1 1
     1877  11  16  12 1 1 1
     1878  11  16  13 1 1 1
     1879  11  16  14 1 1 1
     1880  11  16  15 1 1 1
     1881  11  16  16 1 1 1
     1882  11  17  5 1 1 1
     1883  11  17  6 1 1 1
     1884  11  17  7 1 1 1
     1885  11  17  8 1 1 1
     1886  11  17  9 1 1 1
     1887  11  17  10 1 1 1
     1888  11  17  11 1 1 1
     1889  11  17  12 1 1 1
     1890  11  17  13 1 1 1
     1891  11  17  14 1 1 1
     1892  11  17  15 1 1 1
     1893  11  18  7 1 1 1
     1894  11  18  8 1 1 1
     1895  11  18  9 1 1 1
     1896  11  18  10 1 1 1
     1897  11  18  11 1 1 1
     1898  11  18  12 1 1 1
     1899  11  18  13 1 1 1
     1900  12  2  7 1 1 1
     1901  12  2  8 1 1 1
     1902  12  2  9 1 1 1
     1903  12  2  10 1 1 1
     1904  12  2  11 1 1 1
     1905  12  2  12 1 1 1
     1906  12  2  13 1 1 1
     1907  12  3  5 1 1 1
     1908  12  3  6 1 1 1
     1909  12  3  7 1 1 1
     1910  12  3  8 1 1 1
     1911  12  3  9 1 1 1
     1912  12  3  10 1 1 1
     1913  12  3  11 1 1 1
     1914  12  3  12 1 1 1
     1915  12  3  13 1 1 1
     1916  12  3  14 1 1 1
     1917  12  3  15 1 1 1
     1918  12  4  4 1 1 1
     1919  12  4  5 1 1 1
     1920  12  4  6 1 1 1
     1921  12  4  7 1 1 1
     1922  12  4  8 1 1 1
     1923  12  4  9 1 1 1
     1924  12  4  10 1 1 1
     1925  12  4  11 1 1 1
     1926  12  4  12 1 1 1
     1927  12  4  13 1 1 1
     1928  12  4  14 1 1 1
     1929  12  4  15 1 1 1
     1930  12  4  16 1 1 1
     1931  12  5  3 1 1 1
     1932  12  5  4 1 1 1
     1933  12  5  5 1 1 1
     1934  12  5  6 1 1 1
     1935  12  5  7 1 1 1
     1936  12  5  8 1 1 1
     1937  12  5  9 1 1 1
     1938  12  5  10 1 1 1
     1939  12  5  11 1 1 1
     1940  12  5  12 1 1 1
     1941  12  5  13 1 1 1
     1942  12  5  14 1 1 1
     1943  12  5  15 1 1 1
     1944  12  5  16 1 1 1
     1945  12  5  17 1 1 1
     1946  12  6  3 1 1 1
     1947  12  6  4 1 1 1
     1948  12  6  5 1 1 1
     1949  12  6  6 1 1 1
     1950  12  6  7 1 1 1
     1951  12  6  8 1 1 1
     1952  12  6  9 1 1 1
     1953  12  6  10 1 1 1
     1954  12  6  11 1 1 1
     1955  12  6  12 1 1 1
     1956  12  6  13 1 1 1
     1957  12  6  14 1 1 1
     1958  12  6  15 1 1 1
     1959  12  6  16 1 1 1
     1960  12  6  17 1 1 1
     1961  12  7  2 1 1 1
     1962  12  7  3 1 1 1
     1963  12  7  4 1 1 1
     1964  12  7  5 1 1 1
     1965  12  7  6 1 1 1
     1966  12  7  7 1 1 1
     1967  12  7  8 1 1 1
     1968  12  7  9 1 1 1
     1969  12  7  10 1 1 1
     1970  12  7  11 1 1 1
     1971  12  7  12 1 1 1
     1972  12  7  13 1 1 1
     1973  12  7  14 1 1 1
     1974  12  7  15 1 1 1
     1975  12  7  16 1 1 1
     1976  12  7  17 1 1 1
     1977  12  7  18 1 1 1
     1978  12  8  2 1 1 1
     1979  12  8  3 1 1 1
     1980  12  8  4 1 1 1
     1981  12  8  5 1 1 1
     1982  12  8  6 1 1 1
     1983  12  8  7 1 1 1
     1984  12  8  8 1 1 1
     1985  12  8  9 1 1 1
     1986  12  8  10 1 1 1
     1987  12  8  11 1 1 1
     1988  12  8  12 1 1 1
     1989  12  8  13 1 1 1
     1990  12  8  14 1 1 1
     1991  12  8  15 1 1 1
     1992  12  8  16 1 1 1
     1993  12  8  17 1 1 1
     1994  12  8  18 1 1 1
     1995  12  9  2 1 1 1
     1996  12  9  3 1 1 1
     1997  12  9  4 1 1 1
     1998  12  9  5 1 1 1
     1999  12  9  6 1 1 1
     2000  12  9  7 1 1 1
     2001  12  9  8 1 1 1
     2002  12  9  9 1 1 1
     2003  12  9  10 1 1 1
     2004  12  9  11 1 1 1
     2005  12  9  12 1 1 1
     2006  12  9  13 1 1 1
     2007  12  9  14 1 1 1
     2008  12  9  15 1 1 1
     2009  12  9  16 1 1 1
     2010  12  9  17 1 1 1
     2011  12  9  18 1 1 1
     2012  12  10  2 1 1 1
     2013  12  10  3 1 1 1
     2014  12  10  4 1 1 1
     2015  12  10  5 1 1 1
     2016  12  10  6 1 1 1
     2017  12  10  7 1 1 1
     2018  12  10  8 1 1 1
     2019  12  10  9 1 1 1
     2020  12  10  10 1 1 1
     2021  12  10  11 1 1 1
     2022  12  10  12 1 1 1
     2023  12  10  13 1 1 1
     2024  12  10  14 1 1 1
     2025  12  10  15 1 1 1
     2026  12  10  16 1 1 1
     2027  12  10  17 1 1 1
     2028  12  10  18 1 1 1
     2029  12  11  2 1 1 1
     2030  12  11  3 1 1 1
     2031  12  11  4 1 1 1
     2032  12  11  5 1 1 1
     2033  12  11  6 1 1 1
     2034  12  11  7 1 1 1
     2035  12  11  8 1 1 1
     2036  12  11  9 1 1 1
     2037  12  11  10 1 1 1
     2038  12  11  11 1 1 1
     2039  12  11  12 1 1 1
     2040  12  11  13 1 1 1
     2041  12  11  14 1 1 1
     2042  12  11  15 1 1 1
     2043  12  11  16 1 1 1
     2044  12  11  17 1 1 1
     2045  12  11  18 1 1 1
     2046  12  12  2 1 1 1
     2047  12  12  3 1 1 1
     2048  12  12  4 1 1 1
     2049  12  12  5 1 1 1
     2050  12  12  6 1 1 1
     2051  12  12  7 1 1 1
     2052  12  12  8 1 1 1
     2053  12  12  9 1 1 1
     2054  12  12  10 1 1 1
     2055  12  12  11 1 1 1
     2056  12  12  12 1 1 1
     2057  12  12  13 1 1 1
     2058  12  12  14 1 1 1
     2059  12  12  15 1 1 1
     2060  12  12  16 1 1 1
     2061  12  12  17 1 1 1
     2062  12  12  18 1 1 1
     2063  12  13  2 1 1 1
     2064  12  13  3 1 1 1
     2065  12  13  4 1 1 1
     2066  12  13  5 1 1 1
     2067  12  13  6 1 1 1
     2068  12  13  7 1 1 1
     2069  12  13  8 1 1 1
     2070  12  13  9 1 1 1
     2071  12  13  10 1 1 1
     2072  12  13  11 1 1 1
     2073  12  13  12 1 1 1
     2074  12  13  13 1 1 1
     2075  12  13  14 1 1 1
     2076  12  13  15 1 1 1
     2077  12  13  16 1 1 1
     2078  12  13  17 1 1 1
     2079  12  13  18 1 1 1
     2080  12  14  3 1 1 1
     2081  12  14  4 1 1 1
     2082  12  14  5 1 1 1
     2083  12  14  6 1 1 1
     2084  12  14  7 1 1 1
     2085  12  14  8 1 1 1
     2086  12  14  9 1 1 1
     2087  12  14  10 1 1 1
     2088  12  14  11 1 1 1
     2089  12  14  12 1 1 1
     2090  12  14  13 1 1 1
     2091  12  14  14 1 1 1
     2092  12  14  15 1 1 1
     2093  12  14  16 1 1 1
     2094  12  14  17 1 1 1
     2095  12  15  3 1 1 1
     2096  12  15  4 1 1 1
     2097  12  15  5 1 1 1
     2098  12  15  6 1 1 1
     2099  12  15  7 1 1 1
     2100  12  15  8 1 1 1
     2101  12  15  9 1 1 1
     2102  12  15  10 1 1 1
     2103  12  15  11 1 1 1
     2104  12  15  12 1 1 1
     2105  12  15  13 1 1 1
     2106  12  15  14 1 1 1
     2107  12  15  15 1 1 1
     2108  12  15  16 1 1 1
     2109  12  15  17 1 1 1
     2110  12  16  4 1 1 1
     2111  12  16  5 1 1 1
     2112  12  16  6 1 1 1
     2113  12  16  7 1 1 1
     2114  12  16  8 1 1 1
     2115  12  16  9 1 1 1
     2116  12  16  10 1 1 1
     2117  12  16  11 1 1 1
     2118  12  16  12 1 1 1
     2119  12  16  13 1 1 1
     2120  12  16  14 1 1 1
     2121  12  16  15 1 1 1
     2122  12  16  16 1 1 1
     2123  12  17  5 1 1 1
     2124  12  17  6 1 1 1
     2125  12  17  7 1 1 1
     2126  12  17  8 1 1 1
     2127  12  17  9 1 1 1
     2128  12  17  10 1 1 1
     2129  12  17  11 1 1 1
     2130  12  17  12 1 1 1
     2131  12  17  13 1 1 1
     2132  12  17  14 1 1 1
     2133  12  17  15 1 1 1
     2134  12  18  7 1 1 1
     2135  12  18  8 1 1 1
     2136  12  18  9 1 1 1
     2137  12  18  10 1 1 1
     2138  12  18  11 1 1 1
     2139  12  18  12 1 1 1
     2140  12  18  13 1 1 1
     2141  13  2  8 1 1 1
     2142  13  2  9 1 1 1
     2143  13  2  10 1 1 1
     2144  13  2  11 1 1 1
     2145  13  2  12 1 1 1
     2146  13  3  6 1 1 1
     2147  13  3  7 1 1 1
     2148  13  3  8 1 1 1
     2149  13  3  9 1 1 1
     2150  13  3  10 1 1 1
     2151  13  3  11 1 1 1
     2152  13  3  12 1 1 1
     2153  13  3  13 1 1 1
     2154  13  3  14 1 1 1
     2155  13  4  4 1 1 1
     2156  13  4  5 1 1 1
     2157  13  4  6 1 1 1
     2158  13  4  7 1 1 1
     2159  13  4  8 1 1 1
     2160  13  4  9 1 1 1
     2161  13  4  10 1 1 1
     2162  13  4  11 1 1 1
     2163  13  4  12 1 1 1
     2164  13  4  13 1 1 1
     2165  13  4  14 1 1 1
     2166  13  4  15 1 1 1
     2167  13  4  16 1 1 1
     2168  13  5  4 1 1 1
     2169  13  5  5 1 1 1
     2170  13  5  6 1 1 1
     2171  13  5  7 1 1 1
     2172  13  5  8 1 1 1
     2173  13  5  9 1 1 1
     2174  13  5  10 1 1 1
     2175  13  5  11 1 1 1
     2176  13  5  12 1 1 1
     2177  13  5  13 1 1 1
     2178  13  5  14 1 1 1
     2179  13  5  15 1 1 1
     2180  13  5  16 1 1 1
     2181  13  6  3 1 1 1
     2182  13  6  4 1 1 1
     2183  13  6  5 1 1 1
     2184  13  6  6 1 1 1
     2185  13  6  7 1 1 1
     2186  13  6  8 1 1 1
     2187  13  6  9 1 1 1
     2188  13  6  10 1 1 1
     2189  13  6  11 1 1 1
     2190  13  6  12 1 1 1
     2191  13  6  13 1 1 1
     2192  13  6  14 1 1 1
     2193  13  6  15 1 1 1
     2194  13  6  16 1 1 1
     2195  13  6  17 1 1 1
     2196  13  7  3 1 1 1
     2197  13  7  4 1 1 1
     2198  13  7  5 1 1 1
     2199  13  7  6 1 1 1
     2200  13  7  7 1 1 1
     2201  13  7  8 1 1 1
     2202  13  7  9 1 1 1
     2203  13  7  10 1 1 1
     2204  13  7  11 1 1 1
     2205  13  7  12 1 1 1
     2206  13  7  13 1 1 1
     2207  13  7  14 1 1 1
     2208  13  7  15 1 1 1
     2209  13  7  16 1 1 1
     2210  13  7  17 1 1 1
     2211  13  8  2 1 1 1
     2212  13  8  3 1 1 1
     2213  13  8  4 1 1 1
     2214  13  8  5 1 1 1
     2215  13  8  6 1 1 1
     2216  13  8  7 1 1 1
     2217  13  8  8 1 1 1
     2218  13  8  9 1 1 1
     2219  13  8  10 1 1 1
     2220  13  8  11 1 1 1
     2221  13  8  12 1 1 1
     2222  13  8  13 1 1 1
     2223  13  8  14 1 1 1
     2224  13  8  15 1 1 1
     2225  13  8  16 1 1 1
     2226  13  8  17 1 1 1
     2227  13  8  18 1 1 1
     2228  13  9  2 1 1 1
     2229  13  9  3 1 1 1
     2230  13  9  4 1 1 1
     2231  13  9  5 1 1 1
     2232  13  9  6 1 1 1
     2233  13  9  7 1 1 1
     2234  13  9  8 1 1 1
     2235  13  9  9 1 1 1
     2236  13  9  10 1 1 1
     2237  13  9  11 1 1 1
     2238  13  9  12 1 1 1
     2239  13  9  13 1 1 1
     2240  13  9  14 1 1 1
     2241  13  9  15 1 1 1
     2242  13  9  16 1 1 1
     2243  13  9  17 1 1 1
     2244  13  9  18 1 1 1
     2245  13  10  2 1 1 1
     2246  13  10  3 1 1 1
     2247  13  10  4 1 1 1
     2248  13  10  5 1 1 1
     2249  13  10  6 1 1 1
     2250  13  10  7 1 1 1
     2251  13  10  8 1 1 1
     2252  13  10  9 1 1 1
     2253  13  10  10 1 1 1
     2254  13  10  11 1 1 1
     2255  13  10  12 1 1 1
     2256  13  10  13 1 1 1
     2257  13  10  14 1 1 1
     2258  13  10  15 1 1 1
     2259  13  10  16 1 1 1
     2260  13  10  17 1 1 1
     2261  13  10  18 1 1 1
     2262  13  11  2 1 1 1
     2263  13  11  3 1 1 1
     2264  13  11  4 1 1 1
     2265  13  11  5 1 1 1
     2266  13  11  6 1 1 1
     2267  13  11  7 1 1 1
     2268  13  11  8 1 1 1
     2269  13  11  9 1 1 1
     2270  13  11  10 1 1 1
     2271  13  11  11 1 1 1
     2272  13  11  12 1 1 1
     2273  13  11  13 1 1 1
     2274  13  11  14 1 1 1
     2275  13  11  15 1 1 1
     2276  13  11  16 1 1 1
     2277  13  11  17 1 1 1
     2278  13  11  18 1 1 1
     2279  13  12  2 1 1 1
     2280  13  12  3 1 1 1
     2281  13  12  4 1 1 1
     2282  13  12  5 1 1 1
     2283  13  12  6 1 1 1
     2284  13  12  7 1 1 1
     2285  13  12  8 1 1 1
     2286  13  12  9 1 1 1
     2287  13  12  10 1 1 1
     2288  13  12  11 1 1 1
     2289  13  12  12 1 1 1
     2290  13  12  13 1 1 1
     2291  13  12  14 1 1 1
     2292  13  12  15 1 1 1
     2293  13  12  16 1 1 1
     2294  13  12  17 1 1 1
     2295  13  12  18 1 1 1
     2296  13  13  3 1 1 1
     2297  13  13  4 1 1 1
     2298  13  13  5 1 1 1
     2299  13  13  6 1 1 1
     2300  13  13  7 1 1 1
     2301  13  13  8 1 1 1
     2302  13  13  9 1 1 1
     2303  13  13  10 1 1 1
     2304  13  13  11 1 1 1
     2305  13  13  12 1 1 1
     2306  13  13  13 1 1 1
     2307  13  13  14 1 1 1
     2308  13  13  15 1 1 1
     2309  13  13  16 1 1 1
     2310  13  13  17 1 1 1
     2311  13  14  3 1 1 1
     2312  13  14  4 1 1 1
     2313  13  14  5 1 1 1
     2314  13  14  6 1 1 1
     2315  13  14  7 1 1 1
     2316  13  14  8 1 1 1
     2317  13  14  9 1 1 1
     2318  13  14  10 1 1 1
     2319  13  14  11 1 1 1
     2320  13  14  12 1 1 1
     2321  13  14  13 1 1 1
     2322  13  14  14 1 1 1
     2323  13  14  15 1 1 1
     2324  13  14  16 1 1 1
     2325  13  14  17 1 1 1
     2326  13  15  4 1 1 1
     2327  13  15  5 1 1 1
     2328  13  15  6 1 1 1
     2329  13  15  7 1 1 1
     2330  13  15  8 1 1 1
     2331  13  15  9 1 1 1
     2332  13  15  10 1 1 1
     2333  13  15  11 1 1 1
     2334  13  15  12 1 1 1
     2335  13  15  13 1 1 1
     2336  13  15  14 1 1 1
     2337  13  15  15 1 1 1
     2338  13  15  16 1 1 1
     2339  13  16  4 1 1 1
     2340  13  16  5 1 1 1
     2341  13  16  6 1 1 1
     2342  13  16  7 1 1 1
     2343  13  16  8 1 1 1
     2344  13  16  9 1 1 1
     2345  13  16  10 1 1 1
     2346  13  16  11 1 1 1
     2347  13  16  12 1 1 1
     2348  13  16  13 1 1 1
     2349  13  16  14 1 1 1
     2350  13  16  15 1 1 1
     2351  13  16  16 1 1 1
     2352  13  17  6 1 1 1
     2353  13  17  7 1 1 1
     2354  13  17  8 1 1 1
     2355  13  17  9 1 1 1
     2356  13  17  10 1 1 1
     2357  13  17  11 1 1 1
     2358  13  17  12 1 1 1
     2359  13  17  13 1 1 1
     2360  13  17  14 1 1 1
     2361  13  18  8 1 1 1
     2362  13  18  9 1 1 1
     2363  13  18  10 1 1 1
     2364  13  18  11 1 1 1
     2365  13  18  12 1 1 1
     2366  14  2  9 1 1 1
     2367  14  2  10 1 1 1
     2368  14  2  11 1 1 1
     2369  14  3  6 1 1 1
     2370  14  3  7 1 1 1
     2371  14  3  8 1 1 1
     2372  14  3  9 1 1 1
     2373  14  3  10 1 1 1
     2374  14  3  11 1 1 1
     2375  14  3  12 1 1 1
     2376  14  3  13 1 1 1
     2377  14  3  14 1 1 1
     2378  14  4  5 1 1 1
     2379  14  4  6 1 1 1
     2380  14  4  7 1 1 1
     2381  14  4  8 1 1 1
     2382  14  4  9 1 1 1
     2383  14  4  10 1 1 1
     2384  14  4  11 1 1 1
     2385  14  4  12 1 1 1
     2386  14  4  13 1 1 1
     2387  14  4  14 1 1 1
     2388  14  4  15 1 1 1
     2389  14  5  4 1 1 1
     2390  14  5  5 1 1 1
     2391  14  5  6 1 1 1
     2392  14  5  7 1 1 1
     2393  14  5  8 1 1 1
     2394  14  5  9 1 1 1
     2395  14  5  10 1 1 1
     2396  14  5  11 1 1 1
     2397  14  5  12 1 1 1
     2398  14  5  13 1 1 1
     2399  14  5  14 1 1 1
     2400  14  5  15 1 1 1
     2401  14  5  16 1 1 1
     2402  14  6  3 1 1 1
     2403  14  6  4 1 1 1
     2404  14  6  5 1 1 1
     2405  14  6  6 1 1 1
     2406  14  6  7 1 1 1
     2407  14  6  8 1 1 1
     2408  14  6  9 1 1 1
     2409  14  6  10 1 1 1
     2410  14  6  11 1 1 1
     2411  14  6  12 1 1 1
     2412  14  6  13 1 1 1
     2413  14  6  14 1 1 1
     2414  14  6  15 1 1 1
     2415  14  6  16 1 1 1
     2416  14  6  17 1 1 1
     2417  14  7  3 1 1 1
     2418  14  7  4 1 1 1
     2419  14  7  5 1 1 1
     2420  14  7  6 1 1 1
     2421  14  7  7 1 1 1
     2422  14  7  8 1 1 1
     2423  14  7  9 1 1 1
     2424  14  7  10 1 1 1
     2425  14  7  11 1 1 1
     2426  14  7  12 1 1 1
     2427  14  7  13 1 1 1
     2428  14  7  14 1 1 1
     2429  14  7  15 1 1 1
     2430  14  7  16 1 1 1
     2431  14  7  17 1 1 1
     2432  14  8  3 1 1 1
     2433  14  8  4 1 1 1
     2434  14  8  5 1 1 1
     2435  14  8  6 1 1 1
     2436  14  8  7 1 1 1
     2437  14  8  8 1 1 1
     2438  14  8  9 1 1 1
     2439  14  8  10 1 1 1
     2440  14  8  11 1 1 1
     2441  14  8  12 1 1 1
     2442  14  8  13 1 1 1
     2443  14  8  14 1 1 1
     2444  14  8  15 1 1 1
     2445  14  8  16 1 1 1
     2446  14  8  17 1 1 1
     2447  14  9  2 1 1 1
     2448  14  9  3 1 1 1
     2449  14  9  4 1 1 1
     2450  14  9  5 1 1 1
     2451  14  9  6 1 1 1
     2452  14  9  7 1 1 1
     2453  14  9  8 1 1 1
     2454  14  9  9 1 1 1
     2455  14  9  10 1 1 1
     2456  14  9  11 1 1 1
     2457  14  9  12 1 1 1
     2458  14  9  13 1 1 1
     2459  14  9  14 1 1 1
     2460  14  9  15 1 1 1
     2461  14  9  16 1 1 1
     2462  14  9  17 1 1 1
     2463  14  10  2 1 1 1
     2464  14  10  3 1 1 1
     2465  14  10  4 1 1 1
     2466  14  10  5 1 1 1
     2467  14  10  6 1 1 1
     2468  14  10  7 1 1 1
     2469  14  10  8 1 1 1
     2470  14  10  9 1 1 1
     2471  14  10  10 1 1 1
     2472  14  10  11 1 1 1
     2473  14  10  12 1 1 1
     2474  14  10  13 1 1 1
     2475  14  10  14 1 1 1
     2476  14  10  15 1 1 1
     2477  14  10  16 1 1 1
     2478  14  10  17 1 1 1
     2479  14  10  18 1 1 1
     2480  14  11  2 1 1 1
     2481  14  11  3 1 1 1
     2482  14  11  4 1 1 1
     2483  14  11  5 1 1 1
     2484  14  11  6 1 1 1
     2485  14  11  7 1 1 1
     2486  14  11  8 1 1 1
     2487  14  11  9 1 1 1
     2488  14  11  10 1 1 1
     2489  14  11  11 1 1 1
     2490  14  11  12 1 1 1
     2491  14  11  13 1 1 1
     2492  14  11  14 1 1 1
     2493  14  11  15 1 1 1
     2494  14  11  16 1 1 1
     2495  14  11  17 1 1 1
     2496  14  12  3 1 1 1
     2497  14  12  4 1 1 1
     2498  14  12  5 1 1 1
     2499  14  12  6 1 1 1
     2500  14  12  7 1 1 1
     2501  14  12  8 1 1 1
     2502  14  12  9 1 1 1
     2503  14  12  10 1 1 1
     2504  14  12  11 1 1 1
     2505  14  12  12 1 1 1
     2506  14  12  13 1 1 1
     2507  14  12  14 1 1 1
     2508  14  12  15 1 1 1
     2509  14  12  16 1 1 1
     2510  14  12  17 1 1 1
     2511  14  13  3 1 1 1
     2512  14  13  4 1 1 1
     2513  14  13  5 1 1 1
     2514  14  13  6 1 1 1
     2515  14  13  7 1 1 1
     2516  14  13  8 1 1 1
     2517  14  13  9 1 1 1
     2518  14  13  10 1 1 1
     2519  14  13  11 1 1 1
     2520  14  13  12 1 1 1
     2521  14  13  13 1 1 1
     2522  14  13  14 1 1 1
     2523  14  13  15 1 1 1
     2524  14  13  16 1 1 1
     2525  14  13  17 1 1 1
     2526  14  14  3 1 1 1
     2527  14  14  4 1 1 1
     2528  14  14  5 1 1 1
     2529  14  14  6 1 1 1
     2530  14  14  7 1 1 1
     2531  14  14  8 1 1 1
     2532  14  14  9 1 1 1
     2533  14  14  10 1 1 1
     2534  14  14  11 1 1 1
     2535  14  14  12 1 1 1
     2536  14  14  13 1 1 1
     2537  14  14  14 1 1 1
     2538  14  14  15 1 1 1
     2539  14  14  16 1 1 1
     2540  14  14  17 1 1 1
     2541  14  15  4 1 1 1
     2542  14  15  5 1 1 1
     2543  14  15  6 1 1 1
     2544  14  15  7 1 1 1
     2545  14  15  8 1 1 1
     2546  14  15  9 1 1 1
     2547  14  15  10 1 1 1
     2548  14  15  11 1 1 1
     2549  14  15  12 1 1 1
     2550  14  15  13 1 1 1
     2551  14  15  14 1 1 1
     2552  14  15  15 1 1 1
     2553  14  15  16 1 1 1
     2554  14  16  5 1 1 1
     2555  14  16  6 1 1 1
     2556  14  16  7 1 1 1
     2557  14  16  8 1 1 1
     2558  14  16  9 1 1 1
     2559  14  16  10 1 1 1
     2560  14  16  11 1 1 1
     2561  14  16  12 1 1 1
     2562  14  16  13 1 1 1
     2563  14  16  14 1 1 1
     2564  14  16  15 1 1 1
     2565  14  17  6 1 1 1
     2566  14  17  7 1 1 1
     2567  14  17  8 1 1 1
     2568  14  17  9 1 1 1
     2569  14  17  10 1 1 1
     2570  14  17  11 1 1 1
     2571  14  17  12 1 1 1
     2572  14  17  13 1 1 1
     2573  14  17  14 1 1 1
     2574  14  18  10 1 1 1
     2575  15  3  8 1 1 1
     2576  15  3  9 1 1 1
     2577  15  3  10 1 1 1
     2578  15  3  11 1 1 1
     2579  15  3  12 1 1 1
     2580  15  4  6 1 1 1
     2581  15  4  7 1 1 1
     2582  15  4  8 1 1 1
     2583  15  4  9 1 1 1
     2584  15  4  10 1 1 1
     2585  15  4  11 1 1 1
     2586  15  4  12 1 1 1
     2587  15  4  13 1 1 1
     2588  15  4  14 1 1 1
     2589  15  5  5 1 1 1
     2590  15  5  6 1 1 1
     2591  15  5  7 1 1 1
     2592  15  5  8 1 1 1
     2593  15  5  9 1 1 1
     2594  15  5  10 1 1 1
     2595  15  5  11 1 1 1
     2596  15  5  12 1 1 1
     2597  15  5  13 1 1 1
     2598  15  5  14 1 1 1
     2599  15  5  15 1 1 1
     2600  15  6  4 1 1 1
     2601  15  6  5 1 1 1
     2602  15  6  6 1 1 1
     2603  15  6  7 1 1 1
     2604  15  6  8 1 1 1
     2605  15  6  9 1 1 1
     2606  15  6  10 1 1 1
     2607  15  6  11 1 1 1
     2608  15  6  12 1 1 1
     2609  15  6  13 1 1 1
     2610  15  6  14 1 1 1
     2611  15  6  15 1 1 1
     2612  15  6  16 1 1 1
     2613  15  7  4 1 1 1
     2614  15  7  5 1 1 1
     2615  15  7  6 1 1 1
     2616  15  7  7 1 1 1
     2617  15  7  8 1 1 1
     2618  15  7  9 1 1 1
     2619  15  7  10 1 1 1
     2620  15  7  11 1 1 1
     2621  15  7  12 1 1 1
     2622  15  7  13 1 1 1
     2623  15  7  14 1 1 1
     2624  15  7  15 1 1 1
     2625  15  7  16 1 1 1
     2626  15  8  3 1 1 1
     2627  15  8  4 1 1 1
     2628  15  8  5 1 1 1
     2629  15  8  6 1 1 1
     2630  15  8  7 1 1 1
     2631  15  8  8 1 1 1
     2632  15  8  9 1 1 1
     2633  15  8  10 1 1 1
     2634  15  8  11 1 1 1
     2635  15  8  12 1 1 1
     2636  15  8  13 1 1 1
     2637  15  8  14 1 1 1
     2638  15  8  15 1 1 1
     2639  15  8  16 1 1 1
     2640  15  8  17 1 1 1
     2641  15  9  3 1 1 1
     2642  15  9  4 1 1 1
     2643  15  9  5 1 1 1
     2644  15  9  6 1 1 1
     2645  15  9  7 1 1 1
     2646  15  9  8 1 1 1
     2647  15  9  9 1 1 1
     2648  15  9  10 1 1 1
     2649  15  9  11 1 1 1
     2650  15  9  12 1 1 1
     2651  15  9  13 1 1 1
     2652  15  9  14 1 1 1
     2653  15  9  15 1 1 1
     2654  15  9  16 1 1 1
     2655  15  9  17 1 1 1
     2656  15  10  3 1 1 1
     2657  15  10  4 1 1 1
     2658  15  10  5 1 1 1
     2659  15  10  6 1 1 1
     2660  15  10  7 1 1 1
     2661  15  10  8 1 1 1
     2662  15  10  9 1 1 1
     2663  15  10  10 1 1 1
     2664  15  10  11 1 1 1
     2665  15  10  12 1 1 1
     2666  15  10  13 1 1 1
     2667  15  10  14 1 1 1
     2668  15  10  15 1 1 1
     2669  15  10  16 1 1 1
     2670  15  10  17 1 1 1
     2671  15  11  3 1 1 1
     2672  15  11  4 1 1 1
     2673  15  11  5 1 1 1
     2674  15  11  6 1 1 1
     2675  15  11  7 1 1 1
     2676  15  11  8 1 1 1
     2677  15  11  9 1 1 1
     2678  15  11  10 1 1 1
     2679  15  11  11 1 1 1
     2680  15  11  12 1 1 1
     2681  15  11  13 1 1 1
     2682  15  11  14 1 1 1
     2683  15  11  15 1 1 1
     2684  15  11  16 1 1 1
     2685  15  11  17 1 1 1
     2686  15  12  3 1 1 1
     2687  15  12  4 1 1 1
     2688  15  12  5 1 1 1
     2689  15  12  6 1 1 1
     2690  15  12  7 1 1 1
     2691  15  12  8 1 1 1
     2692  15  12  9 1 1 1
     2693  15  12  10 1 1 1
     2694  15  12  11 1 1 1
     2695  15  12  12 1 1 1
     2696  15  12  13 1 1 1
     2697  15  12  14 1 1 1
     2698  15  12  15 1 1 1
     2699  15  12  16 1 1 1
     2700  15  12  17 1 1 1
     2701  15  13  4 1 1 1
     2702  15  13  5 1 1 1
     2703  15  13  6 1 1 1
     2704  15  13  7 1 1 1
     2705  15  13  8 1 1 1
     2706  15  13  9 1 1 1
     2707  15  13  10 1 1 1
     2708  15  13  11 1 1 1
     2709  15  13  12 1 1 1
     2710  15  13  13 1 1 1
     2711  15  13  14 1 1 1
     2712  15  13  15 1 1 1
     2713  15  13  16 1 1 1
     2714  15  14  4 1 1 1
     2715  15  14  5 1 1 1
     2716  15  14  6 1 1 1
     2717  15  14  7 1 1 1
     2718  15  14  8 1 1 1
     2719  15  14  9 1 1 1
     2720  15  14  10 1 1 1
     2721  15  14  11 1 1 1
     2722  15  14  12 1 1 1
     2723  15  14  13 1 1 1
     2724  15  14  14 1 1 1
     2725  15  14  15 1 1 1
     2726  15  14  16 1 1 1
     2727  15  15  5 1 1 1
     2728  15  15  6 1 1 1
     2729  15  15  7 1 1 1
     2730  15  15  8 1 1 1
     2731  15  15  9 1 1 1
     2732  15  15  10 1 1 1
     2733  15  15  11 1 1 1
     2734  15  15  12 1 1 1
     2735  15  15  13 1 1 1
     2736  15  15  14 1 1 1
     2737  15  15  15 1 1 1
     2738  15  16  6 1 1 1
     2739  15  16  7 1 1 1
     2740  15  16  8 1 1 1
     2741  15  16  9 1 1 1
     2742  15  16  10 1 1 1
     2743  15  16  11 1 1 1
     2744  15  16  12 1 1 1
     2745  15  16  13 1 1 1
     2746  15  16  14 1 1 1
     2747  15  17  8 1 1 1
     2748  15  17  9 1 1 1
     2749  15  17  10 1 1 1
     2750  15  17  11 1 1 1
     2751  15  17  12 1 1 1
     2752  16  4  7 1 1 1
     2753  16  4  8 1 1 1
     2754  16  4  9 1 1 1
     2755  16  4  10 1 1 1
     2756  16  4  11 1 1 1
     2757  16  4  12 1 1 1
     2758  16  4  13 1 1 1
     2759  16  5  6 1 1 1
     2760  16  5  7 1 1 1
     2761  16  5  8 1 1 1
     2762  16  5  9 1 1 1
     2763  16  5  10 1 1 1
     2764  16  5  11 1 1 1
     2765  16  5  12 1 1 1
     2766  16  5  13 1 1 1
     2767  16  5  14 1 1 1
     2768  16  6  5 1 1 1
     2769  16  6  6 1 1 1
     2770  16  6  7 1 1 1
     2771  16  6  8 1 1 1
     2772  16  6  9 1 1 1
     2773  16  6  10 1 1 1
     2774  16  6  11 1 1 1
     2775  16  6  12 1 1 1
     2776  16  6  13 1 1 1
     2777  16  6  14 1 1 1
     2778  16  6  15 1 1 1
     2779  16  7  4 1 1 1
     2780  16  7  5 1 1 1
     2781  16  7  6 1 1 1
     2782  16  7  7 1 1 1
     2783  16  7  8 1 1 1
     2784  16  7  9 1 1 1
     2785  16  7  10 1 1 1
     2786  16  7  11 1 1 1
     2787  16  7  12 1 1 1
     2788  16  7  13 1 1 1
     2789  16  7  14 1 1 1
     2790  16  7  15 1 1 1
     2791  16  7  16 1 1 1
     2792  16  8  4 1 1 1
     2793  16  8  5 1 1 1
     2794  16  8  6 1 1 1
     2795  16  8  7 1 1 1
     2796  16  8  8 1 1 1
     2797  16  8  9 1 1 1
     2798  16  8  10 1 1 1
     2799  16  8  11 1 1 1
     2800  16  8  12 1 1 1
     2801  16  8  13 1 1 1
     2802  16  8  14 1 1 1
     2803  16  8  15 1 1 1
     2804  16  8  16 1 1 1
     2805  16  9  4 1 1 1
     2806  16  9  5 1 1 1
     2807  16  9  6 1 1 1
     2808  16  9  7 1 1 1
     2809  16  9  8 1 1 1
     2810  16  9  9 1 1 1
     2811  16  9  10 1 1 1
     2812  16  9  11 1 1 1
     2813  16  9  12 1 1 1
     2814  16  9  13 1 1 1
     2815  16  9  14 1 1 1
     2816  16  9  15 1 1 1
     2817  16  9  16 1 1 1
     2818  16  10  4 1 1 1
     2819  16  10  5 1 1 1
     2820  16  10  6 1 1 1
     2821  16  10  7 1 1 1
     2822  16  10  8 1 1 1
     2823  16  10  9 1 1 1
     2824  16  10  10 1 1 1
     2825  16  10  11 1 1 1
     2826  16  10  12 1 1 1
     2827  16  10  13 1 1 1
     2828  16  10  14 1 1 1
     2829  16  10  15 1 1 1
     2830  16  10  16 1 1 1
     2831  16  11  4 1 1 1
     2832  16  11  5 1 1 1
     2833  16  11  6 1 1 1
     2834  16  11  7 1 1 1
     2835  16  11  8 1 1 1
     2836  16  11  9 1 1 1
     2837  16  11  10 1 1 1
     2838  16  11  11 1 1 1
     2839  16  11  12 1 1 1
     2840  16  11  13 1 1 1
     2841  16  11  14 1 1 1
     2842  16  11  15 1 1 1
     2843  16  11  16 1 1 1
     2844  16  12  4 1 1 1
     2845  16  12  5 1 1 1
     2846  16  12  6 1 1 1
     2847  16  12  7 1 1 1
     2848  16  12  8 1 1 1
     2849  16  12  9 1 1 1
     2850  16  12  10 1 1 1
     2851  16  12  11 1 1 1
     2852  16  12  12 1 1 1
     2853  16  12  13 1 1 1
     2854  16  12  14 1 1 1
     2855  16  12  15 1 1 1
     2856  16  12  16 1 1 1
     2857  16  13  4 1 1 1
     2858  16  13  5 1 1 1
     2859  16  13  6 1 1 1
     2860  16  13  7 1 1 1
     2861  16  13  8 1 1 1
     2862  16  13  9 1 1 1
     2863  16  13  10 1 1 1
     2864  16  13  11 1 1 1
     2865  16  13  12 1 1 1
     2866  16  13  13 1 1 1
     2867  16  13  14 1 1 1
     2868  16  13  15 1 1 1
     2869  16  13  16 1 1 1
     2870  16  14  5 1 1 1
     2871  16  14  6 1 1 1
     2872  16  14  7 1 1 1
     2873  16  14  8 1 1 1
     2874  16  14  9 1 1 1
     2875  16  14  10 1 1 1
     2876  16  14  11 1 1 1
     2877  16  14  12 1 1 1
     2878  16  14  13 1 1 1
     2879  16  14  14 1 1 1
     2880  16  14  15 1 1 1
     2881  16  15  6 1 1 1
     2882  16  15  7 1 1 1
     2883  16  15  8 1 1 1
     2884  16  15  9 1 1 1
     2885  16  15  10 1 1 1
     2886  16  15  11 1 1 1
     2887  16  15  12 1 1 1
     2888  16  15  13 1 1 1
     2889  16  15  14 1 1 1
     2890  16  16  7 1 1 1
     2891  16  16  8 1 1 1
     2892  16  16  9 1 1 1
     2893  16  16  10 1 1 1
     2894  16  16  11 1 1 1
     2895  16  16  12 1 1 1
     2896  16  16  13 1 1 1
     2897  17  5  8 1 1 1
     2898  17  5  9 1 1 1
     2899  17  5  10 1 1 1
     2900  17  5  11 1 1 1
     2901  17  5  12 1 1 1
     2902  17  6  6 1 1 1
     2903  17  6  7 1 1 1
     2904  17  6  8 1 1 1
     2905  17  6  9 1 1 1
     2906  17  6  10 1 1 1
     2907  17  6  11 1 1 1
     2908  17  6  12 1 1 1
     2909  17  6  13 1 1 1
     2910  17  6  14 1 1 1
     2911  17  7  6 1 1 1
     2912  17  7  7 1 1 1
     2913  17  7  8 1 1 1
     2914  17  7  9 1 1 1
     2915  17  7  10 1 1 1
     2916  17  7  11 1 1 1
     2917  17  7  12 1 1 1
     2918  17  7  13 1 1 1
     2919  17  7  14 1 1 1
     2920  17  8  5 1 1 1
     2921  17  8  6 1 1 1
     2922  17  8  7 1 1 1
     2923  17  8  8 1 1 1
     2924  17  8  9 1 1 1
     2925  17  8  10 1 1 1
     2926  17  8  11 1 1 1
     2927  17  8  12 1 1 1
     2928  17  8  13 1 1 1
     2929  17  8  14 1 1 1
     2930  17  8  15 1 1 1
     2931  17  9  5 1 1 1
     2932  17  9  6 1 1 1
     2933  17  9  7 1 1 1
     2934  17  9  8 1 1 1
     2935  17  9  9 1 1 1
     2936  17  9  10 1 1 1
     2937  17  9  11 1 1 1
     2938  17  9  12 1 1 1
     2939  17  9  13 1 1 1
     2940  17  9  14 1 1 1
     2941  17  9  15 1 1 1
     2942  17  10  5 1 1 1
     2943  17  10  6 1 1 1
     2944  17  10  7 1 1 1
     2945  17  10  8 1 1 1
     2946  17  10  9 1 1 1
     2947  17  10  10 1 1 1
     2948  17  10  11 1 1 1
     2949  17  10  12 1 1 1
     2950  17  10  13 1 1 1
     2951  17  10  14 1 1 1
     2952  17  10  15 1 1 1
     2953  17  11  5 1 1 1
     2954  17  11  6 1 1 1
     2955  17  11  7 1 1 1
     2956  17  11  8 1 1 1
     2957  17  11  9 1 1 1
     2958  17  11  10 1 1 1
     2959  17  11  11 1 1 1
     2960  17  11  12 1 1 1
     2961  17  11  13 1 1 1
     2962  17  11  14 1 1 1
     2963  17  11  15 1 1 1
     2964  17  12  5 1 1 1
     2965  17  12  6 1 1 1
     2966  17  12  7 1 1 1
     2967  17  12  8 1 1 1
     2968  17  12  9 1 1 1
     2969  17  12  10 1 1 1
     2970  17  12  11 1 1 1
     2971  17  12  12 1 1 1
     2972  17  12  13 1 1 1
     2973  17  12  14 1 1 1
     2974  17  12  15 1 1 1
     2975  17  13  6 1 1 1
     2976  17  13  7 1 1 1
     2977  17  13  8 1 1 1
     2978  17  13  9 1 1 1
     2979  17  13  10 1 1 1
     2980  17  13  11 1 1 1
     2981  17  13  12 1 1 1
     2982  17  13  13 1 1 1
     2983  17  13  14 1 1 1
     2984  17  14  6 1 1 1
     2985  17  14  7 1 1 1
     2986  17  14  8 1 1 1
     2987  17  14  9 1 1 1
     2988  17  14  10 1 1 1
     2989  17  14  11 1 1 1
     2990  17  14  12 1 1 1
     2991  17  14  13 1 1 1
     2992  17  14  14 1 1 1
     2993  17  15  8 1 1 1
     2994  17  15  9 1 1 1
     2995  17  15  10 1 1 1
     2996  17  15  11 1 1 1
     2997  17  15  12 1 1 1
     2998  18  6  10 1 1 1
     2999  18  7  8 1 1 1
     3000  18  7  9 1 1 1
     3001  18  7  10 1 1 1
     3002  18  7  11 1 1 1
     3003  18  7  12 1 1 1
     3004  18  8  7 1 1 1
     3005  18  8  8 1 1 1
     3006  18  8  9 1 1 1
     3007  18  8  10 1 1 1
     3008  18  8  11 1 1 1
     3009  18  8  12 1 1 1
     3010  18  8  13 1 1 1
     3011  18  9  7 1 1 1
     3012  18  9  8 1 1 1
     3013  18  9  9 1 1 1
     3014  18  9  10 1 1 1
     3015  18  9  11 1 1 1
     3016  18  9  12 1 1 1
     3017  18  9  13 1 1 1
     3018  18  10  6 1 1 1
     3019  18  10  7 1 1 1
     3020  18  10  8 1 1 1
     3021  18  10  9 1 1 1
     3022  18  10  10 1 1 1
     3023  18  10  11 1 1 1
     3024  18  10  12 1 1 1
     3025  18  10  13 1 1 1
     3026  18  10  14 1 1 1
     3027  18  11  7 1 1 1
     3028  18  11  8 1 1 1
     3029  18  11  9 1 1 1
     3030  18  11  10 1 1 1
     3031  18  11  11 1 1 1
     3032  18  11  12 1 1 1
     3033  18  11  13 1 1 1
     3034  18  12  7 1 1 1
     3035  18  12  8 1 1 1
     3036  18  12  9 1 1 1
     3037  18  12  10 1 1 1
     3038  18  12  11 1 1 1
     3039  18  12  12 1 1 1
     3040  18  12  13 1 1 1
     3041  18  13  8 1 1 1
     3042  18  13  9 1 1 1
     3043  18  13  10 1 1 1
     3044  18  13  11 1 1 1
     3045  18  13  12 1 1 1
     3046  18  14  10 1 1 1
     3047  20  10  10 1 1 1