>GEOMETRY   rect_prism; AX,AY,AZ= 0.8190 0.8190 0.8190
     3720 = NAT 
  1.000000  0.000000  0.000000 = A_1 vector
  0.000000  1.000000  0.000000 = A_2 vector
  1.000000  1.000000  1.000000 = lattice spacings (d_x,d_y,d_z)/d
 -0.01425 -0.19975 -0.15210 = lattice offset x0(1-3) = (x_TF, y_TF, z_TF)/d for dipole 0 0 0
     JA  IX  IY  IZ ICOMP(x,y,z)
     1  1  1  1 1 1 1
     2  1  1  2 1 1 1
     3  1  1  3 1 1 1
     4  1  1  4 1 1 1
     5  1  1  5 1 1 1
     6  1  1  6 1 1 1
     7  1  1  7 1 1 1
     8  1  1  8 1 1 1
     9  1  1  9 1 1 1
     10  1  1  10 1 1 1
     11  1  1  11 1 1 1
     12  1  1  12 1 1 1
     13  1  1  13 1 1 1
     14  1  1  14 1 1 1
     15  1  1  15 1 1 1
     16  1  1  16 1 1 1
     17  1  1  17 1 1 1
     18  1  1  18 1 1 1
     19  1  1  19 1 1 1
     20  1  1  20 1 1 1
     21  1  1  21 1 1 1
     22  1  1  22 1 1 1
     23  1  1  23 1 1 1
     24  1  1  24 1 1 1
     25  1  1  25 1 1 1
     26  1  1  26 1 1 1
     27  1  1  27 1 1 1
     28  1  1  28 1 1 1
     29  1  1  29 1 1 1
     30  1  1  30 1 1 1
     31  1  1  31 1 1 1
     32  1  2  1 1 1 1
     33  1  2  2 1 1 1
     34  1  2  3 1 1 1
     35  1  2  4 1 1 1
     36  1  2  5 1 1 1
     37  1  2  6 1 1 1
     38  1  2  7 1 1 1
     39  1  2  8 1 1 1
     40  1  2  9 1 1 1
     41  1  2  10 1 1 1
     42  1  2  11 1 1 1
     43  1  2  12 1 1 1
     44  1  2  13 1 1 1
     45  1  2  14 1 1 1
     46  1  2  15 1 1 1
     47  1  2  16 1 1 1
     48  1  2  17 1 1 1
     49  1  2  18 1 1 1
     50  1  2  19 1 1 1
     51  1  2  20 1 1 1
     52  1  2  21 1 1 1
     53  1  2  22 1 1 1
     54  1  2  23 1 1 1
     55  1  2  24 1 1 1
     56  1  2  25 1 1 1
     57  1  2  26 1 1 1
     58  1  2  27 1 1 1
     59  1  2  28 1 1 1
     60  1  2  29 1 1 1
     61  1  2  30 1 1 1
     62  1  2  31 1 1 1
     63  1  3  1 1 1 1
     64  1  3  2 1 1 1
     65  1  3  3 1 1 1
     66  1  3  4 1 1 1
     67  1  3  5 1 1 1
     68  1  3  6 1 1 1
     69  1  3  7 1 1 1
     70  1  3  8 1 1 1
     71  1  3  9 1 1 1
     72  1  3  10 1 1 1
     73  1  3  11 1 1 1
     74  1  3  12 1 1 1
     75  1  3  13 1 1 1
     76  1  3  14 1 1 1
     77  1  3  15 1 1 1
     78  1  3  16 1 1 1
     79  1  3  17 1 1 1
     80  1  3  18 1 1 1
     81  1  3  19 1 1 1
     82  1  3  20 1 1 1
     83  1  3  21 1 1 1
     84  1  3  22 1 1 1
     85  1  3  23 1 1 1
     86  1  3  24 1 1 1
     87  1  3  25 1 1 1
     88  1  3  26 1 1 1
     89  1  3  27 1 1 1
     90  1  3  28 1 1 1
     91  1  3  29 1 1 1
     92  1  3  30 1 1 1
     93  1  3  31 1 1 1
     94  1  4  1 1 1 1
     95  1  4  2 1 1 1
     96  1  4  3 1 1 1
     97  1  4  4 1 1 1
     98  1  4  5 1 1 1
     99  1  4  6 1 1 1
     100  1  4  7 1 1 1
     101  1  4  8 1 1 1
     102  1  4  9 1 1 1
     103  1  4  10 1 1 1
     104  1  4  11 1 1 1
     105  1  4  12 1 1 1
     106  1  4  13 1 1 1
     107  1  4  14 1 1 1
     108  1  4  15 1 1 1
     109  1  4  16 1 1 1
     110  1  4  17 1 1 1
     111  1  4  18 1 1 1
     112  1  4  19 1 1 1
     113  1  4  20 1 1 1
     114  1  4  21 1 1 1
     115  1  4  22 1 1 1
     116  1  4  23 1 1 1
     117  1  4  24 1 1 1
     118  1  4  25 1 1 1
     119  1  4  26 1 1 1
     120  1  4  27 1 1 1
     121  1  4  28 1 1 1
     122  1  4  29 1 1 1
     123  1  4  30 1 1 1
     124  1  4  31 1 1 1
     125  1  5  1 1 1 1
     126  1  5  2 1 1 1
     127  1  5  3 1 1 1
     128  1  5  4 1 1 1
     129  1  5  5 1 1 1
     130  1  5  6 1 1 1
     131  1  5  7 1 1 1
     132  1  5  8 1 1 1
     133  1  5  9 1 1 1
     134  1  5  10 1 1 1
     135  1  5  11 1 1 1
     136  1  5  12 1 1 1
     137  1  5  13 1 1 1
     138  1  5  14 1 1 1
     139  1  5  15 1 1 1
     140  1  5  16 1 1 1
     141  1  5  17 1 1 1
     142  1  5  18 1 1 1
     143  1  5  19 1 1 1
     144  1  5  20 1 1 1
     145  1  5  21 1 1 1
     146  1  5  22 1 1 1
     147  1  5  23 1 1 1
     148  1  5  24 1 1 1
     149  1  5  25 1 1 1
     150  1  5  26 1 1 1
     151  1  5  27 1 1 1
     152  1  5  28 1 1 1
     153  1  5  29 1 1 1
     154  1  5  30 1 1 1
     155  1  5  31 1 1 1
     156  1  6  1 1 1 1
     157  1  6  2 1 1 1
     158  1  6  3 1 1 1
     159  1  6  4 1 1 1
     160  1  6  5 1 1 1
     161  1  6  6 1 1 1
     162  1  6  7 1 1 1
     163  1  6  8 1 1 1
     164  1  6  9 1 1 1
     165  1  6  10 1 1 1
     166  1  6  11 1 1 1
     167  1  6  12 1 1 1
     168  1  6  13 1 1 1
     169  1  6  14 1 1 1
     170  1  6  15 1 1 1
     171  1  6  16 1 1 1
     172  1  6  17 1 1 1
     173  1  6  18 1 1 1
     174  1  6  19 1 1 1
     175  1  6  20 1 1 1
     176  1  6  21 1 1 1
     177  1  6  22 1 1 1
     178  1  6  23 1 1 1
     179  1  6  24 1 1 1
     180  1  6  25 1 1 1
     181  1  6  26 1 1 1
     182  1  6  27 1 1 1
     183  1  6  28 1 1 1
     184  1  6  29 1 1 1
     185  1  6  30 1 1 1
     186  1  6  31 1 1 1
     187  1  7  1 1 1 1
     188  1  7  2 1 1 1
     189  1  7  3 1 1 1
     190  1  7  4 1 1 1
     191  1  7  5 1 1 1
     192  1  7  6 1 1 1
     193  1  7  7 1 1 1
     194  1  7  8 1 1 1
     195  1  7  9 1 1 1
     196  1  7  10 1 1 1
     197  1  7  11 1 1 1
     198  1  7  12 1 1 1
     199  1  7  13 1 1 1
     200  1  7  14 1 1 1
     201  1  7  15 1 1 1
     202  1  7  16 1 1 1
     203  1  7  17 1 1 1
     204  1  7  18 1 1 1
     205  1  7  19 1 1 1
     206  1  7  20 1 1 1
     207  1  7  21 1 1 1
     208  1  7  22 1 1 1
     209  1  7  23 1 1 1
     210  1  7  24 1 1 1
     211  1  7  25 1 1 1
     212  1  7  26 1 1 1
     213  1  7  27 1 1 1
     214  1  7  28 1 1 1
     215  1  7  29 1 1 1
     216  1  7  30 1 1 1
     217  1  7  31 1 1 1
     218  1  8  1 1 1 1
     219  1  8  2 1 1 1
     220  1  8  3 1 1 1
     221  1  8  4 1 1 1
     222  1  8  5 1 1 1
     223  1  8  6 1 1 1
     224  1  8  7 1 1 1
     225  1  8  8 1 1 1
     226  1  8  9 1 1 1
     227  1  8  10 1 1 1
     228  1  8  11 1 1 1
     229  1  8  12 1 1 1
     230  1  8  13 1 1 1
     231  1  8  14 1 1 1
     232  1  8  15 1 1 1
     233  1  8  16 1 1 1
     234  1  8  17 1 1 1
     235  1  8  18 1 1 1
     236  1  8  19 1 1 1
     237  1  8  20 1 1 1
     238  1  8  21 1 1 1
     239  1  8  22 1 1 1
     240  1  8  23 1 1 1
     241  1  8  24 1 1 1
     242  1  8  25 1 1 1
     243  1  8  26 1 1 1
     244  1  8  27 1 1 1
     245  1  8  28 1 1 1
     246  1  8  29 1 1 1
     247  1  8  30 1 1 1
     248  1  8  31 1 1 1
     249  1  9  1 1 1 1
     250  1  9  2 1 1 1
     251  1  9  3 1 1 1
     252  1  9  4 1 1 1
     253  1  9  5 1 1 1
     254  1  9  6 1 1 1
     255  1  9  7 1 1 1
     256  1  9  8 1 1 1
     257  1  9  9 1 1 1
     258  1  9  10 1 1 1
     259  1  9  11 1 1 1
     260  1  9  12 1 1 1
     261  1  9  13 1 1 1
     262  1  9  14 1 1 1
     263  1  9  15 1 1 1
     264  1  9  16 1 1 1
     265  1  9  17 1 1 1
     266  1  9  18 1 1 1
     267  1  9  19 1 1 1
     268  1  9  20 1 1 1
     269  1  9  21 1 1 1
     270  1  9  22 1 1 1
     271  1  9  23 1 1 1
     272  1  9  24 1 1 1
     273  1  9  25 1 1 1
     274  1  9  26 1 1 1
     275  1  9  27 1 1 1
     276  1  9  28 1 1 1
     277  1  9  29 1 1 1
     278  1  9  30 1 1 1
     279  1  9  31 1 1 1
     280  1  10  1 1 1 1
     281  1  10  2 1 1 1
     282  1  10  3 1 1 1
     283  1  10  4 1 1 1
     284  1  10  5 1 1 1
     285  1  10  6 1 1 1
     286  1  10  7 1 1 1
     287  1  10  8 1 1 1
     288  1  10  9 1 1 1
     289  1  10  10 1 1 1
     290  1  10  11 1 1 1
     291  1  10  12 1 1 1
     292  1  10  13 1 1 1
     293  1  10  14 1 1 1
     294  1  10  15 1 1 1
     295  1  10  16 1 1 1
     296  1  10  17 1 1 1
     297  1  10  18 1 1 1
     298  1  10  19 1 1 1
     299  1  10  20 1 1 1
     300  1  10  21 1 1 1
     301  1  10  22 1 1 1
     302  1  10  23 1 1 1
     303  1  10  24 1 1 1
     304  1  10  25 1 1 1
     305  1  10  26 1 1 1
     306  1  10  27 1 1 1
     307  1  10  28 1 1 1
     308  1  10  29 1 1 1
     309  1  10  30 1 1 1
     310  1  10  31 1 1 1
     311  1  11  1 1 1 1
     312  1  11  2 1 1 1
     313  1  11  3 1 1 1
     314  1  11  4 1 1 1
     315  1  11  5 1 1 1
     316  1  11  6 1 1 1
     317  1  11  7 1 1 1
     318  1  11  8 1 1 1
     319  1  11  9 1 1 1
     320  1  11  10 1 1 1
     321  1  11  11 1 1 1
     322  1  11  12 1 1 1
     323  1  11  13 1 1 1
     324  1  11  14 1 1 1
     325  1  11  15 1 1 1
     326  1  11  16 1 1 1
     327  1  11  17 1 1 1
     328  1  11  18 1 1 1
     329  1  11  19 1 1 1
     330  1  11  20 1 1 1
     331  1  11  21 1 1 1
     332  1  11  22 1 1 1
     333  1  11  23 1 1 1
     334  1  11  24 1 1 1
     335  1  11  25 1 1 1
     336  1  11  26 1 1 1
     337  1  11  27 1 1 1
     338  1  11  28 1 1 1
     339  1  11  29 1 1 1
     340  1  11  30 1 1 1
     341  1  11  31 1 1 1
     342  1  12  1 1 1 1
     343  1  12  2 1 1 1
     344  1  12  3 1 1 1
     345  1  12  4 1 1 1
     346  1  12  5 1 1 1
     347  1  12  6 1 1 1
     348  1  12  7 1 1 1
     349  1  12  8 1 1 1
     350  1  12  9 1 1 1
     351  1  12  10 1 1 1
     352  1  12  11 1 1 1
     353  1  12  12 1 1 1
     354  1  12  13 1 1 1
     355  1  12  14 1 1 1
     356  1  12  15 1 1 1
     357  1  12  16 1 1 1
     358  1  12  17 1 1 1
     359  1  12  18 1 1 1
     360  1  12  19 1 1 1
     361  1  12  20 1 1 1
     362  1  12  21 1 1 1
     363  1  12  22 1 1 1
     364  1  12  23 1 1 1
     365  1  12  24 1 1 1
     366  1  12  25 1 1 1
     367  1  12  26 1 1 1
     368  1  12  27 1 1 1
     369  1  12  28 1 1 1
     370  1  12  29 1 1 1
     371  1  12  30 1 1 1
     372  1  12  31 1 1 1
     373  1  13  1 1 1 1
     374  1  13  2 1 1 1
     375  1  13  3 1 1 1
     376  1  13  4 1 1 1
     377  1  13  5 1 1 1
     378  1  13  6 1 1 1
     379  1  13  7 1 1 1
     380  1  13  8 1 1 1
     381  1  13  9 1 1 1
     382  1  13  10 1 1 1
     383  1  13  11 1 1 1
     384  1  13  12 1 1 1
     385  1  13  13 1 1 1
     386  1  13  14 1 1 1
     387  1  13  15 1 1 1
     388  1  13  16 1 1 1
     389  1  13  17 1 1 1
     390  1  13  18 1 1 1
     391  1  13  19 1 1 1
     392  1  13  20 1 1 1
     393  1  13  21 1 1 1
     394  1  13  22 1 1 1
     395  1  13  23 1 1 1
     396  1  13  24 1 1 1
     397  1  13  25 1 1 1
     398  1  13  26 1 1 1
     399  1  13  27 1 1 1
     400  1  13  28 1 1 1
     401  1  13  29 1 1 1
     402  1  13  30 1 1 1
     403  1  13  31 1 1 1
     404  1  14  1 1 1 1
     405  1  14  2 1 1 1
     406  1  14  3 1 1 1
     407  1  14  4 1 1 1
     408  1  14  5 1 1 1
     409  1  14  6 1 1 1
     410  1  14  7 1 1 1
     411  1  14  8 1 1 1
     412  1  14  9 1 1 1
     413  1  14  10 1 1 1
     414  1  14  11 1 1 1
     415  1  14  12 1 1 1
     416  1  14  13 1 1 1
     417  1  14  14 1 1 1
     418  1  14  15 1 1 1
     419  1  14  16 1 1 1
     420  1  14  17 1 1 1
     421  1  14  18 1 1 1
     422  1  14  19 1 1 1
     423  1  14  20 1 1 1
     424  1  14  21 1 1 1
     425  1  14  22 1 1 1
     426  1  14  23 1 1 1
     427  1  14  24 1 1 1
     428  1  14  25 1 1 1
     429  1  14  26 1 1 1
     430  1  14  27 1 1 1
     431  1  14  28 1 1 1
     432  1  14  29 1 1 1
     433  1  14  30 1 1 1
     434  1  14  31 1 1 1
     435  1  15  1 1 1 1
     436  1  15  2 1 1 1
     437  1  15  3 1 1 1
     438  1  15  4 1 1 1
     439  1  15  5 1 1 1
     440  1  15  6 1 1 1
     441  1  15  7 1 1 1
     442  1  15  8 1 1 1
     443  1  15  9 1 1 1
     444  1  15  10 1 1 1
     445  1  15  11 1 1 1
     446  1  15  12 1 1 1
     447  1  15  13 1 1 1
     448  1  15  14 1 1 1
     449  1  15  15 1 1 1
     450  1  15  16 1 1 1
     451  1  15  17 1 1 1
     452  1  15  18 1 1 1
     453  1  15  19 1 1 1
     454  1  15  20 1 1 1
     455  1  15  21 1 1 1
     456  1  15  22 1 1 1
     457  1  15  23 1 1 1
     458  1  15  24 1 1 1
     459  1  15  25 1 1 1
     460  1  15  26 1 1 1
     461  1  15  27 1 1 1
     462  1  15  28 1 1 1
     463  1  15  29 1 1 1
     464  1  15  30 1 1 1
     465  1  15  31 1 1 1
     466  1  16  1 1 1 1
     467  1  16  2 1 1 1
     468  1  16  3 1 1 1
     469  1  16  4 1 1 1
     470  1  16  5 1 1 1
     471  1  16  6 1 1 1
     472  1  16  7 1 1 1
     473  1  16  8 1 1 1
     474  1  16  9 1 1 1
     475  1  16  10 1 1 1
     476  1  16  11 1 1 1
     477  1  16  12 1 1 1
     478  1  16  13 1 1 1
     479  1  16  14 1 1 1
     480  1  16  15 1 1 1
     481  1  16  16 1 1 1
     482  1  16  17 1 1 1
     483  1  16  18 1 1 1
     484  1  16  19 1 1 1
     485  1  16  20 1 1 1
     486  1  16  21 1 1 1
     487  1  16  22 1 1 1
     488  1  16  23 1 1 1
     489  1  16  24 1 1 1
     490  1  16  25 1 1 1
     491  1  16  26 1 1 1
     492  1  16  27 1 1 1
     493  1  16  28 1 1 1
     494  1  16  29 1 1 1
     495  1  16  30 1 1 1
     496  1  16  31 1 1 1
     497  1  17  1 1 1 1
     498  1  17  2 1 1 1
     499  1  17  3 1 1 1
     500  1  17  4 1 1 1
     501  1  17  5 1 1 1
     502  1  17  6 1 1 1
     503  1  17  7 1 1 1
     504  1  17  8 1 1 1
     505  1  17  9 1 1 1
     506  1  17  10 1 1 1
     507  1  17  11 1 1 1
     508  1  17  12 1 1 1
     509  1  17  13 1 1 1
     510  1  17  14 1 1 1
     511  1  17  15 1 1 1
     512  1  17  16 1 1 1
     513  1  17  17 1 1 1
     514  1  17  18 1 1 1
     515  1  17  19 1 1 1
     516  1  17  20 1 1 1
     517  1  17  21 1 1 1
     518  1  17  22 1 1 1
     519  1  17  23 1 1 1
     520  1  17  24 1 1 1
     521  1  17  25 1 1 1
     522  1  17  26 1 1 1
     523  1  17  27 1 1 1
     524  1  17  28 1 1 1
     525  1  17  29 1 1 1
     526  1  17  30 1 1 1
     527  1  17  31 1 1 1
     528  1  18  1 1 1 1
     529  1  18  2 1 1 1
     530  1  18  3 1 1 1
     531  1  18  4 1 1 1
     532  1  18  5 1 1 1
     533  1  18  6 1 1 1
     534  1  18  7 1 1 1
     535  1  18  8 1 1 1
     536  1  18  9 1 1 1
     537  1  18  10 1 1 1
     538  1  18  11 1 1 1
     539  1  18  12 1 1 1
     540  1  18  13 1 1 1
     541  1  18  14 1 1 1
     542  1  18  15 1 1 1
     543  1  18  16 1 1 1
     544  1  18  17 1 1 1
     545  1  18  18 1 1 1
     546  1  18  19 1 1 1
     547  1  18  20 1 1 1
     548  1  18  21 1 1 1
     549  1  18  22 1 1 1
     550  1  18  23 1 1 1
     551  1  18  24 1 1 1
     552  1  18  25 1 1 1
     553  1  18  26 1 1 1
     554  1  18  27 1 1 1
     555  1  18  28 1 1 1
     556  1  18  29 1 1 1
     557  1  18  30 1 1 1
     558  1  18  31 1 1 1
     559  1  19  1 1 1 1
     560  1  19  2 1 1 1
     561  1  19  3 1 1 1
     562  1  19  4 1 1 1
     563  1  19  5 1 1 1
     564  1  19  6 1 1 1
     565  1  19  7 1 1 1
     566  1  19  8 1 1 1
     567  1  19  9 1 1 1
     568  1  19  10 1 1 1
     569  1  19  11 1 1 1
     570  1  19  12 1 1 1
     571  1  19  13 1 1 1
     572  1  19  14 1 1 1
     573  1  19  15 1 1 1
     574  1  19  16 1 1 1
     575  1  19  17 1 1 1
     576  1  19  18 1 1 1
     577  1  19  19 1 1 1
     578  1  19  20 1 1 1
     579  1  19  21 1 1 1
     580  1  19  22 1 1 1
     581  1  19  23 1 1 1
     582  1  19  24 1 1 1
     583  1  19  25 1 1 1
     584  1  19  26 1 1 1
     585  1  19  27 1 1 1
     586  1  19  28 1 1 1
     587  1  19  29 1 1 1
     588  1  19  30 1 1 1
     589  1  19  31 1 1 1
     590  1  20  1 1 1 1
     591  1  20  2 1 1 1
     592  1  20  3 1 1 1
     593  1  20  4 1 1 1
     594  1  20  5 1 1 1
     595  1  20  6 1 1 1
     596  1  20  7 1 1 1
     597  1  20  8 1 1 1
     598  1  20  9 1 1 1
     599  1  20  10 1 1 1
     600  1  20  11 1 1 1
     601  1  20  12 1 1 1
     602  1  20  13 1 1 1
     603  1  20  14 1 1 1
     604  1  20  15 1 1 1
     605  1  20  16 1 1 1
     606  1  20  17 1 1 1
     607  1  20  18 1 1 1
     608  1  20  19 1 1 1
     609  1  20  20 1 1 1
     610  1  20  21 1 1 1
     611  1  20  22 1 1 1
     612  1  20  23 1 1 1
     613  1  20  24 1 1 1
     614  1  20  25 1 1 1
     615  1  20  26 1 1 1
     616  1  20  27 1 1 1
     617  1  20  28 1 1 1
     618  1  20  29 1 1 1
     619  1  20  30 1 1 1
     620  1  20  31 1 1 1
     621  1  21  1 1 1 1
     622  1  21  2 1 1 1
     623  1  21  3 1 1 1
     624  1  21  4 1 1 1
     625  1  21  5 1 1 1
     626  1  21  6 1 1 1
     627  1  21  7 1 1 1
     628  1  21  8 1 1 1
     629  1  21  9 1 1 1
     630  1  21  10 1 1 1
     631  1  21  11 1 1 1
     632  1  21  12 1 1 1
     633  1  21  13 1 1 1
     634  1  21  14 1 1 1
     635  1  21  15 1 1 1
     636  1  21  16 1 1 1
     637  1  21  17 1 1 1
     638  1  21  18 1 1 1
     639  1  21  19 1 1 1
     640  1  21  20 1 1 1
     641  1  21  21 1 1 1
     642  1  21  22 1 1 1
     643  1  21  23 1 1 1
     644  1  21  24 1 1 1
     645  1  21  25 1 1 1
     646  1  21  26 1 1 1
     647  1  21  27 1 1 1
     648  1  21  28 1 1 1
     649  1  21  29 1 1 1
     650  1  21  30 1 1 1
     651  1  21  31 1 1 1
     652  1  22  1 1 1 1
     653  1  22  2 1 1 1
     654  1  22  3 1 1 1
     655  1  22  4 1 1 1
     656  1  22  5 1 1 1
     657  1  22  6 1 1 1
     658  1  22  7 1 1 1
     659  1  22  8 1 1 1
     660  1  22  9 1 1 1
     661  1  22  10 1 1 1
     662  1  22  11 1 1 1
     663  1  22  12 1 1 1
     664  1  22  13 1 1 1
     665  1  22  14 1 1 1
     666  1  22  15 1 1 1
     667  1  22  16 1 1 1
     668  1  22  17 1 1 1
     669  1  22  18 1 1 1
     670  1  22  19 1 1 1
     671  1  22  20 1 1 1
     672  1  22  21 1 1 1
     673  1  22  22 1 1 1
     674  1  22  23 1 1 1
     675  1  22  24 1 1 1
     676  1  22  25 1 1 1
     677  1  22  26 1 1 1
     678  1  22  27 1 1 1
     679  1  22  28 1 1 1
     680  1  22  29 1 1 1
     681  1  22  30 1 1 1
     682  1  22  31 1 1 1
     683  1  23  1 1 1 1
     684  1  23  2 1 1 1
     685  1  23  3 1 1 1
     686  1  23  4 1 1 1
     687  1  23  5 1 1 1
     688  1  23  6 1 1 1
     689  1  23  7 1 1 1
     690  1  23  8 1 1 1
     691  1  23  9 1 1 1
     692  1  23  10 1 1 1
     693  1  23  11 1 1 1
     694  1  23  12 1 1 1
     695  1  23  13 1 1 1
     696  1  23  14 1 1 1
     697  1  23  15 1 1 1
     698  1  23  16 1 1 1
     699  1  23  17 1 1 1
     700  1  23  18 1 1 1
     701  1  23  19 1 1 1
     702  1  23  20 1 1 1
     703  1  23  21 1 1 1
     704  1  23  22 1 1 1
     705  1  23  23 1 1 1
     706  1  23  24 1 1 1
     707  1  23  25 1 1 1
     708  1  23  26 1 1 1
     709  1  23  27 1 1 1
     710  1  23  28 1 1 1
     711  1  23  29 1 1 1
     712  1  23  30 1 1 1
     713  1  23  31 1 1 1
     714  1  24  1 1 1 1
     715  1  24  2 1 1 1
     716  1  24  3 1 1 1
     717  1  24  4 1 1 1
     718  1  24  5 1 1 1
     719  1  24  6 1 1 1
     720  1  24  7 1 1 1
     721  1  24  8 1 1 1
     722  1  24  9 1 1 1
     723  1  24  10 1 1 1
     724  1  24  11 1 1 1
     725  1  24  12 1 1 1
     726  1  24  13 1 1 1
     727  1  24  14 1 1 1
     728  1  24  15 1 1 1
     729  1  24  16 1 1 1
     730  1  24  17 1 1 1
     731  1  24  18 1 1 1
     732  1  24  19 1 1 1
     733  1  24  20 1 1 1
     734  1  24  21 1 1 1
     735  1  24  22 1 1 1
     736  1  24  23 1 1 1
     737  1  24  24 1 1 1
     738  1  24  25 1 1 1
     739  1  24  26 1 1 1
     740  1  24  27 1 1 1
     741  1  24  28 1 1 1
     742  1  24  29 1 1 1
     743  1  24  30 1 1 1
     744  1  24  31 1 1 1
     745  1  25  1 1 1 1
     746  1  25  2 1 1 1
     747  1  25  3 1 1 1
     748  1  25  4 1 1 1
     749  1  25  5 1 1 1
     750  1  25  6 1 1 1
     751  1  25  7 1 1 1
     752  1  25  8 1 1 1
     753  1  25  9 1 1 1
     754  1  25  10 1 1 1
     755  1  25  11 1 1 1
     756  1  25  12 1 1 1
     757  1  25  13 1 1 1
     758  1  25  14 1 1 1
     759  1  25  15 1 1 1
     760  1  25  16 1 1 1
     761  1  25  17 1 1 1
     762  1  25  18 1 1 1
     763  1  25  19 1 1 1
     764  1  25  20 1 1 1
     765  1  25  21 1 1 1
     766  1  25  22 1 1 1
     767  1  25  23 1 1 1
     768  1  25  24 1 1 1
     769  1  25  25 1 1 1
     770  1  25  26 1 1 1
     771  1  25  27 1 1 1
     772  1  25  28 1 1 1
     773  1  25  29 1 1 1
     774  1  25  30 1 1 1
     775  1  25  31 1 1 1
     776  1  26  1 1 1 1
     777  1  26  2 1 1 1
     778  1  26  3 1 1 1
     779  1  26  4 1 1 1
     780  1  26  5 1 1 1
     781  1  26  6 1 1 1
     782  1  26  7 1 1 1
     783  1  26  8 1 1 1
     784  1  26  9 1 1 1
     785  1  26  10 1 1 1
     786  1  26  11 1 1 1
     787  1  26  12 1 1 1
     788  1  26  13 1 1 1
     789  1  26  14 1 1 1
     790  1  26  15 1 1 1
     791  1  26  16 1 1 1
     792  1  26  17 1 1 1
     793  1  26  18 1 1 1
     794  1  26  19 1 1 1
     795  1  26  20 1 1 1
     796  1  26  21 1 1 1
     797  1  26  22 1 1 1
     798  1  26  23 1 1 1
     799  1  26  24 1 1 1
     800  1  26  25 1 1 1
     801  1  26  26 1 1 1
     802  1  26  27 1 1 1
     803  1  26  28 1 1 1
     804  1  26  29 1 1 1
     805  1  26  30 1 1 1
     806  1  26  31 1 1 1
     807  1  27  1 1 1 1
     808  1  27  2 1 1 1
     809  1  27  3 1 1 1
     810  1  27  4 1 1 1
     811  1  27  5 1 1 1
     812  1  27  6 1 1 1
     813  1  27  7 1 1 1
     814  1  27  8 1 1 1
     815  1  27  9 1 1 1
     816  1  27  10 1 1 1
     817  1  27  11 1 1 1
     818  1  27  12 1 1 1
     819  1  27  13 1 1 1
     820  1  27  14 1 1 1
     821  1  27  15 1 1 1
     822  1  27  16 1 1 1
     823  1  27  17 1 1 1
     824  1  27  18 1 1 1
     825  1  27  19 1 1 1
     826  1  27  20 1 1 1
     827  1  27  21 1 1 1
     828  1  27  22 1 1 1
     829  1  27  23 1 1 1
     830  1  27  24 1 1 1
     831  1  27  25 1 1 1
     832  1  27  26 1 1 1
     833  1  27  27 1 1 1
     834  1  27  28 1 1 1
     835  1  27  29 1 1 1
     836  1  27  30 1 1 1
     837  1  27  31 1 1 1
     838  1  28  1 1 1 1
     839  1  28  2 1 1 1
     840  1  28  3 1 1 1
     841  1  28  4 1 1 1
     842  1  28  5 1 1 1
     843  1  28  6 1 1 1
     844  1  28  7 1 1 1
     845  1  28  8 1 1 1
     846  1  28  9 1 1 1
     847  1  28  10 1 1 1
     848  1  28  11 1 1 1
     849  1  28  12 1 1 1
     850  1  28  13 1 1 1
     851  1  28  14 1 1 1
     852  1  28  15 1 1 1
     853  1  28  16 1 1 1
     854  1  28  17 1 1 1
     855  1  28  18 1 1 1
     856  1  28  19 1 1 1
     857  1  28  20 1 1 1
     858  1  28  21 1 1 1
     859  1  28  22 1 1 1
     860  1  28  23 1 1 1
     861  1  28  24 1 1 1
     862  1  28  25 1 1 1
     863  1  28  26 1 1 1
     864  1  28  27 1 1 1
     865  1  28  28 1 1 1
     866  1  28  29 1 1 1
     867  1  28  30 1 1 1
     868  1  28  31 1 1 1
     869  1  29  1 1 1 1
     870  1  29  2 1 1 1
     871  1  29  3 1 1 1
     872  1  29  4 1 1 1
     873  1  29  5 1 1 1
     874  1  29  6 1 1 1
     875  1  29  7 1 1 1
     876  1  29  8 1 1 1
     877  1  29  9 1 1 1
     878  1  29  10 1 1 1
     879  1  29  11 1 1 1
     880  1  29  12 1 1 1
     881  1  29  13 1 1 1
     882  1  29  14 1 1 1
     883  1  29  15 1 1 1
     884  1  29  16 1 1 1
     885  1  29  17 1 1 1
     886  1  29  18 1 1 1
     887  1  29  19 1 1 1
     888  1  29  20 1 1 1
     889  1  29  21 1 1 1
     890  1  29  22 1 1 1
     891  1  29  23 1 1 1
     892  1  29  24 1 1 1
     893  1  29  25 1 1 1
     894  1  29  26 1 1 1
     895  1  29  27 1 1 1
     896  1  29  28 1 1 1
     897  1  29  29 1 1 1
     898  1  29  30 1 1 1
     899  1  29  31 1 1 1
     900  1  30  1 1 1 1
     901  1  30  2 1 1 1
     902  1  30  3 1 1 1
     903  1  30  4 1 1 1
     904  1  30  5 1 1 1
     905  1  30  6 1 1 1
     906  1  30  7 1 1 1
     907  1  30  8 1 1 1
     908  1  30  9 1 1 1
     909  1  30  10 1 1 1
     910  1  30  11 1 1 1
     911  1  30  12 1 1 1
     912  1  30  13 1 1 1
     913  1  30  14 1 1 1
     914  1  30  15 1 1 1
     915  1  30  16 1 1 1
     916  1  30  17 1 1 1
     917  1  30  18 1 1 1
     918  1  30  19 1 1 1
     919  1  30  20 1 1 1
     920  1  30  21 1 1 1
     921  1  30  22 1 1 1
     922  1  30  23 1 1 1
     923  1  30  24 1 1 1
     924  1  30  25 1 1 1
     925  1  30  26 1 1 1
     926  1  30  27 1 1 1
     927  1  30  28 1 1 1
     928  1  30  29 1 1 1
     929  1  30  30 1 1 1
     930  1  30  31 1 1 1
     931  1  31  1 1 1 1
     932  1  31  2 1 1 1
     933  1  31  3 1 1 1
     934  1  31  4 1 1 1
     935  1  31  5 1 1 1
     936  1  31  6 1 1 1
     937  1  31  7 1 1 1
     938  1  31  8 1 1 1
     939  1  31  9 1 1 1
     940  1  31  10 1 1 1
     941  1  31  11 1 1 1
     942  1  31  12 1 1 1
     943  1  31  13 1 1 1
     944  1  31  14 1 1 1
     945  1  31  15 1 1 1
     946  1  31  16 1 1 1
     947  1  31  17 1 1 1
     948  1  31  18 1 1 1
     949  1  31  19 1 1 1
     950  1  31  20 1 1 1
     951  1  31  21 1 1 1
     952  1  31  22 1 1 1
     953  1  31  23 1 1 1
     954  1  31  24 1 1 1
     955  1  31  25 1 1 1
     956  1  31  26 1 1 1
     957  1  31  27 1 1 1
     958  1  31  28 1 1 1
     959  1  31  29 1 1 1
     960  1  31  30 1 1 1
     961  1  31  31 1 1 1
     962  1  32  1 1 1 1
     963  1  32  2 1 1 1
     964  1  32  3 1 1 1
     965  1  32  4 1 1 1
     966  1  32  5 1 1 1
     967  1  32  6 1 1 1
     968  1  32  7 1 1 1
     969  1  32  8 1 1 1
     970  1  32  9 1 1 1
     971  1  32  10 1 1 1
     972  1  32  11 1 1 1
     973  1  32  12 1 1 1
     974  1  32  13 1 1 1
     975  1  32  14 1 1 1
     976  1  32  15 1 1 1
     977  1  32  16 1 1 1
     978  1  32  17 1 1 1
     979  1  32  18 1 1 1
     980  1  32  19 1 1 1
     981  1  32  20 1 1 1
     982  1  32  21 1 1 1
     983  1  32  22 1 1 1
     984  1  32  23 1 1 1
     985  1  32  24 1 1 1
     986  1  32  25 1 1 1
     987  1  32  26 1 1 1
     988  1  32  27 1 1 1
     989  1  32  28 1 1 1
     990  1  32  29 1 1 1
     991  1  32  30 1 1 1
     992  1  32  31 1 1 1
     993  1  33  1 1 1 1
     994  1  33  2 1 1 1
     995  1  33  3 1 1 1
     996  1  33  4 1 1 1
     997  1  33  5 1 1 1
     998  1  33  6 1 1 1
     999  1  33  7 1 1 1
     1000  1  33  8 1 1 1
     1001  1  33  9 1 1 1
     1002  1  33  10 1 1 1
     1003  1  33  11 1 1 1
     1004  1  33  12 1 1 1
     1005  1  33  13 1 1 1
     1006  1  33  14 1 1 1
     1007  1  33  15 1 1 1
     1008  1  33  16 1 1 1
     1009  1  33  17 1 1 1
     1010  1  33  18 1 1 1
     1011  1  33  19 1 1 1
     1012  1  33  20 1 1 1
     1013  1  33  21 1 1 1
     1014  1  33  22 1 1 1
     1015  1  33  23 1 1 1
     1016  1  33  24 1 1 1
     1017  1  33  25 1 1 1
     1018  1  33  26 1 1 1
     1019  1  33  27 1 1 1
     1020  1  33  28 1 1 1
     1021  1  33  29 1 1 1
     1022  1  33  30 1 1 1
     1023  1  33  31 1 1 1
     1024  1  34  1 1 1 1
     1025  1  34  2 1 1 1
     1026  1  34  3 1 1 1
     1027  1  34  4 1 1 1
     1028  1  34  5 1 1 1
     1029  1  34  6 1 1 1
     1030  1  34  7 1 1 1
     1031  1  34  8 1 1 1
     1032  1  34  9 1 1 1
     1033  1  34  10 1 1 1
     1034  1  34  11 1 1 1
     1035  1  34  12 1 1 1
     1036  1  34  13 1 1 1
     1037  1  34  14 1 1 1
     1038  1  34  15 1 1 1
     1039  1  34  16 1 1 1
     1040  1  34  17 1 1 1
     1041  1  34  18 1 1 1
     1042  1  34  19 1 1 1
     1043  1  34  20 1 1 1
     1044  1  34  21 1 1 1
     1045  1  34  22 1 1 1
     1046  1  34  23 1 1 1
     1047  1  34  24 1 1 1
     1048  1  34  25 1 1 1
     1049  1  34  26 1 1 1
     1050  1  34  27 1 1 1
     1051  1  34  28 1 1 1
     1052  1  34  29 1 1 1
     1053  1  34  30 1 1 1
     1054  1  34  31 1 1 1
     1055  1  35  1 1 1 1
     1056  1  35  2 1 1 1
     1057  1  35  3 1 1 1
     1058  1  35  4 1 1 1
     1059  1  35  5 1 1 1
     1060  1  35  6 1 1 1
     1061  1  35  7 1 1 1
     1062  1  35  8 1 1 1
     1063  1  35  9 1 1 1
     1064  1  35  10 1 1 1
     1065  1  35  11 1 1 1
     1066  1  35  12 1 1 1
     1067  1  35  13 1 1 1
     1068  1  35  14 1 1 1
     1069  1  35  15 1 1 1
     1070  1  35  16 1 1 1
     1071  1  35  17 1 1 1
     1072  1  35  18 1 1 1
     1073  1  35  19 1 1 1
     1074  1  35  20 1 1 1
     1075  1  35  21 1 1 1
     1076  1  35  22 1 1 1
     1077  1  35  23 1 1 1
     1078  1  35  24 1 1 1
     1079  1  35  25 1 1 1
     1080  1  35  26 1 1 1
     1081  1  35  27 1 1 1
     1082  1  35  28 1 1 1
     1083  1  35  29 1 1 1
     1084  1  35  30 1 1 1
     1085  1  35  31 1 1 1
     1086  1  36  1 1 1 1
     1087  1  36  2 1 1 1
     1088  1  36  3 1 1 1
     1089  1  36  4 1 1 1
     1090  1  36  5 1 1 1
     1091  1  36  6 1 1 1
     1092  1  36  7 1 1 1
     1093  1  36  8 1 1 1
     1094  1  36  9 1 1 1
     1095  1  36  10 1 1 1
     1096  1  36  11 1 1 1
     1097  1  36  12 1 1 1
     1098  1  36  13 1 1 1
     1099  1  36  14 1 1 1
     1100  1  36  15 1 1 1
     1101  1  36  16 1 1 1
     1102  1  36  17 1 1 1
     1103  1  36  18 1 1 1
     1104  1  36  19 1 1 1
     1105  1  36  20 1 1 1
     1106  1  36  21 1 1 1
     1107  1  36  22 1 1 1
     1108  1  36  23 1 1 1
     1109  1  36  24 1 1 1
     1110  1  36  25 1 1 1
     1111  1  36  26 1 1 1
     1112  1  36  27 1 1 1
     1113  1  36  28 1 1 1
     1114  1  36  29 1 1 1
     1115  1  36  30 1 1 1
     1116  1  36  31 1 1 1
     1117  1  37  1 1 1 1
     1118  1  37  2 1 1 1
     1119  1  37  3 1 1 1
     1120  1  37  4 1 1 1
     1121  1  37  5 1 1 1
     1122  1  37  6 1 1 1
     1123  1  37  7 1 1 1
     1124  1  37  8 1 1 1
     1125  1  37  9 1 1 1
     1126  1  37  10 1 1 1
     1127  1  37  11 1 1 1
     1128  1  37  12 1 1 1
     1129  1  37  13 1 1 1
     1130  1  37  14 1 1 1
     1131  1  37  15 1 1 1
     1132  1  37  16 1 1 1
     1133  1  37  17 1 1 1
     1134  1  37  18 1 1 1
     1135  1  37  19 1 1 1
     1136  1  37  20 1 1 1
     1137  1  37  21 1 1 1
     1138  1  37  22 1 1 1
     1139  1  37  23 1 1 1
     1140  1  37  24 1 1 1
     1141  1  37  25 1 1 1
     1142  1  37  26 1 1 1
     1143  1  37  27 1 1 1
     1144  1  37  28 1 1 1
     1145  1  37  29 1 1 1
     1146  1  37  30 1 1 1
     1147  1  37  31 1 1 1
     1148  1  38  1 1 1 1
     1149  1  38  2 1 1 1
     1150  1  38  3 1 1 1
     1151  1  38  4 1 1 1
     1152  1  38  5 1 1 1
     1153  1  38  6 1 1 1
     1154  1  38  7 1 1 1
     1155  1  38  8 1 1 1
     1156  1  38  9 1 1 1
     1157  1  38  10 1 1 1
     1158  1  38  11 1 1 1
     1159  1  38  12 1 1 1
     1160  1  38  13 1 1 1
     1161  1  38  14 1 1 1
     1162  1  38  15 1 1 1
     1163  1  38  16 1 1 1
     1164  1  38  17 1 1 1
     1165  1  38  18 1 1 1
     1166  1  38  19 1 1 1
     1167  1  38  20 1 1 1
     1168  1  38  21 1 1 1
     1169  1  38  22 1 1 1
     1170  1  38  23 1 1 1
     1171  1  38  24 1 1 1
     1172  1  38  25 1 1 1
     1173  1  38  26 1 1 1
     1174  1  38  27 1 1 1
     1175  1  38  28 1 1 1
     1176  1  38  29 1 1 1
     1177  1  38  30 1 1 1
     1178  1  38  31 1 1 1
     1179  1  39  1 1 1 1
     1180  1  39  2 1 1 1
     1181  1  39  3 1 1 1
     1182  1  39  4 1 1 1
     1183  1  39  5 1 1 1
     1184  1  39  6 1 1 1
     1185  1  39  7 1 1 1
     1186  1  39  8 1 1 1
     1187  1  39  9 1 1 1
     1188  1  39  10 1 1 1
     1189  1  39  11 1 1 1
     1190  1  39  12 1 1 1
     1191  1  39  13 1 1 1
     1192  1  39  14 1 1 1
     1193  1  39  15 1 1 1
     1194  1  39  16 1 1 1
     1195  1  39  17 1 1 1
     1196  1  39  18 1 1 1
     1197  1  39  19 1 1 1
     1198  1  39  20 1 1 1
     1199  1  39  21 1 1 1
     1200  1  39  22 1 1 1
     1201  1  39  23 1 1 1
     1202  1  39  24 1 1 1
     1203  1  39  25 1 1 1
     1204  1  39  26 1 1 1
     1205  1  39  27 1 1 1
     1206  1  39  28 1 1 1
     1207  1  39  29 1 1 1
     1208  1  39  30 1 1 1
     1209  1  39  31 1 1 1
     1210  1  40  1 1 1 1
     1211  1  40  2 1 1 1
     1212  1  40  3 1 1 1
     1213  1  40  4 1 1 1
     1214  1  40  5 1 1 1
     1215  1  40  6 1 1 1
     1216  1  40  7 1 1 1
     1217  1  40  8 1 1 1
     1218  1  40  9 1 1 1
     1219  1  40  10 1 1 1
     1220  1  40  11 1 1 1
     1221  1  40  12 1 1 1
     1222  1  40  13 1 1 1
     1223  1  40  14 1 1 1
     1224  1  40  15 1 1 1
     1225  1  40  16 1 1 1
     1226  1  40  17 1 1 1
     1227  1  40  18 1 1 1
     1228  1  40  19 1 1 1
     1229  1  40  20 1 1 1
     1230  1  40  21 1 1 1
     1231  1  40  22 1 1 1
     1232  1  40  23 1 1 1
     1233  1  40  24 1 1 1
     1234  1  40  25 1 1 1
     1235  1  40  26 1 1 1
     1236  1  40  27 1 1 1
     1237  1  40  28 1 1 1
     1238  1  40  29 1 1 1
     1239  1  40  30 1 1 1
     1240  1  40  31 1 1 1
     1241  2  1  1 1 1 1
     1242  2  1  2 1 1 1
     1243  2  1  3 1 1 1
     1244  2  1  4 1 1 1
     1245  2  1  5 1 1 1
     1246  2  1  6 1 1 1
     1247  2  1  7 1 1 1
     1248  2  1  8 1 1 1
     1249  2  1  9 1 1 1
     1250  2  1  10 1 1 1
     1251  2  1  11 1 1 1
     1252  2  1  12 1 1 1
     1253  2  1  13 1 1 1
     1254  2  1  14 1 1 1
     1255  2  1  15 1 1 1
     1256  2  1  16 1 1 1
     1257  2  1  17 1 1 1
     1258  2  1  18 1 1 1
     1259  2  1  19 1 1 1
     1260  2  1  20 1 1 1
     1261  2  1  21 1 1 1
     1262  2  1  22 1 1 1
     1263  2  1  23 1 1 1
     1264  2  1  24 1 1 1
     1265  2  1  25 1 1 1
     1266  2  1  26 1 1 1
     1267  2  1  27 1 1 1
     1268  2  1  28 1 1 1
     1269  2  1  29 1 1 1
     1270  2  1  30 1 1 1
     1271  2  1  31 1 1 1
     1272  2  2  1 1 1 1
     1273  2  2  2 1 1 1
     1274  2  2  3 1 1 1
     1275  2  2  4 1 1 1
     1276  2  2  5 1 1 1
     1277  2  2  6 1 1 1
     1278  2  2  7 1 1 1
     1279  2  2  8 1 1 1
     1280  2  2  9 1 1 1
     1281  2  2  10 1 1 1
     1282  2  2  11 1 1 1
     1283  2  2  12 1 1 1
     1284  2  2  13 1 1 1
     1285  2  2  14 1 1 1
     1286  2  2  15 1 1 1
     1287  2  2  16 1 1 1
     1288  2  2  17 1 1 1
     1289  2  2  18 1 1 1
     1290  2  2  19 1 1 1
     1291  2  2  20 1 1 1
     1292  2  2  21 1 1 1
     1293  2  2  22 1 1 1
     1294  2  2  23 1 1 1
     1295  2  2  24 1 1 1
     1296  2  2  25 1 1 1
     1297  2  2  26 1 1 1
     1298  2  2  27 1 1 1
     1299  2  2  28 1 1 1
     1300  2  2  29 1 1 1
     1301  2  2  30 1 1 1
     1302  2  2  31 1 1 1
     1303  2  3  1 1 1 1
     1304  2  3  2 1 1 1
     1305  2  3  3 1 1 1
     1306  2  3  4 1 1 1
     1307  2  3  5 1 1 1
     1308  2  3  6 1 1 1
     1309  2  3  7 1 1 1
     1310  2  3  8 1 1 1
     1311  2  3  9 1 1 1
     1312  2  3  10 1 1 1
     1313  2  3  11 1 1 1
     1314  2  3  12 1 1 1
     1315  2  3  13 1 1 1
     1316  2  3  14 1 1 1
     1317  2  3  15 1 1 1
     1318  2  3  16 1 1 1
     1319  2  3  17 1 1 1
     1320  2  3  18 1 1 1
     1321  2  3  19 1 1 1
     1322  2  3  20 1 1 1
     1323  2  3  21 1 1 1
     1324  2  3  22 1 1 1
     1325  2  3  23 1 1 1
     1326  2  3  24 1 1 1
     1327  2  3  25 1 1 1
     1328  2  3  26 1 1 1
     1329  2  3  27 1 1 1
     1330  2  3  28 1 1 1
     1331  2  3  29 1 1 1
     1332  2  3  30 1 1 1
     1333  2  3  31 1 1 1
     1334  2  4  1 1 1 1
     1335  2  4  2 1 1 1
     1336  2  4  3 1 1 1
     1337  2  4  4 1 1 1
     1338  2  4  5 1 1 1
     1339  2  4  6 1 1 1
     1340  2  4  7 1 1 1
     1341  2  4  8 1 1 1
     1342  2  4  9 1 1 1
     1343  2  4  10 1 1 1
     1344  2  4  11 1 1 1
     1345  2  4  12 1 1 1
     1346  2  4  13 1 1 1
     1347  2  4  14 1 1 1
     1348  2  4  15 1 1 1
     1349  2  4  16 1 1 1
     1350  2  4  17 1 1 1
     1351  2  4  18 1 1 1
     1352  2  4  19 1 1 1
     1353  2  4  20 1 1 1
     1354  2  4  21 1 1 1
     1355  2  4  22 1 1 1
     1356  2  4  23 1 1 1
     1357  2  4  24 1 1 1
     1358  2  4  25 1 1 1
     1359  2  4  26 1 1 1
     1360  2  4  27 1 1 1
     1361  2  4  28 1 1 1
     1362  2  4  29 1 1 1
     1363  2  4  30 1 1 1
     1364  2  4  31 1 1 1
     1365  2  5  1 1 1 1
     1366  2  5  2 1 1 1
     1367  2  5  3 1 1 1
     1368  2  5  4 1 1 1
     1369  2  5  5 1 1 1
     1370  2  5  6 1 1 1
     1371  2  5  7 1 1 1
     1372  2  5  8 1 1 1
     1373  2  5  9 1 1 1
     1374  2  5  10 1 1 1
     1375  2  5  11 1 1 1
     1376  2  5  12 1 1 1
     1377  2  5  13 1 1 1
     1378  2  5  14 1 1 1
     1379  2  5  15 1 1 1
     1380  2  5  16 1 1 1
     1381  2  5  17 1 1 1
     1382  2  5  18 1 1 1
     1383  2  5  19 1 1 1
     1384  2  5  20 1 1 1
     1385  2  5  21 1 1 1
     1386  2  5  22 1 1 1
     1387  2  5  23 1 1 1
     1388  2  5  24 1 1 1
     1389  2  5  25 1 1 1
     1390  2  5  26 1 1 1
     1391  2  5  27 1 1 1
     1392  2  5  28 1 1 1
     1393  2  5  29 1 1 1
     1394  2  5  30 1 1 1
     1395  2  5  31 1 1 1
     1396  2  6  1 1 1 1
     1397  2  6  2 1 1 1
     1398  2  6  3 1 1 1
     1399  2  6  4 1 1 1
     1400  2  6  5 1 1 1
     1401  2  6  6 1 1 1
     1402  2  6  7 1 1 1
     1403  2  6  8 1 1 1
     1404  2  6  9 1 1 1
     1405  2  6  10 1 1 1
     1406  2  6  11 1 1 1
     1407  2  6  12 1 1 1
     1408  2  6  13 1 1 1
     1409  2  6  14 1 1 1
     1410  2  6  15 1 1 1
     1411  2  6  16 1 1 1
     1412  2  6  17 1 1 1
     1413  2  6  18 1 1 1
     1414  2  6  19 1 1 1
     1415  2  6  20 1 1 1
     1416  2  6  21 1 1 1
     1417  2  6  22 1 1 1
     1418  2  6  23 1 1 1
     1419  2  6  24 1 1 1
     1420  2  6  25 1 1 1
     1421  2  6  26 1 1 1
     1422  2  6  27 1 1 1
     1423  2  6  28 1 1 1
     1424  2  6  29 1 1 1
     1425  2  6  30 1 1 1
     1426  2  6  31 1 1 1
     1427  2  7  1 1 1 1
     1428  2  7  2 1 1 1
     1429  2  7  3 1 1 1
     1430  2  7  4 1 1 1
     1431  2  7  5 1 1 1
     1432  2  7  6 1 1 1
     1433  2  7  7 1 1 1
     1434  2  7  8 1 1 1
     1435  2  7  9 1 1 1
     1436  2  7  10 1 1 1
     1437  2  7  11 1 1 1
     1438  2  7  12 1 1 1
     1439  2  7  13 1 1 1
     1440  2  7  14 1 1 1
     1441  2  7  15 1 1 1
     1442  2  7  16 1 1 1
     1443  2  7  17 1 1 1
     1444  2  7  18 1 1 1
     1445  2  7  19 1 1 1
     1446  2  7  20 1 1 1
     1447  2  7  21 1 1 1
     1448  2  7  22 1 1 1
     1449  2  7  23 1 1 1
     1450  2  7  24 1 1 1
     1451  2  7  25 1 1 1
     1452  2  7  26 1 1 1
     1453  2  7  27 1 1 1
     1454  2  7  28 1 1 1
     1455  2  7  29 1 1 1
     1456  2  7  30 1 1 1
     1457  2  7  31 1 1 1
     1458  2  8  1 1 1 1
     1459  2  8  2 1 1 1
     1460  2  8  3 1 1 1
     1461  2  8  4 1 1 1
     1462  2  8  5 1 1 1
     1463  2  8  6 1 1 1
     1464  2  8  7 1 1 1
     1465  2  8  8 1 1 1
     1466  2  8  9 1 1 1
     1467  2  8  10 1 1 1
     1468  2  8  11 1 1 1
     1469  2  8  12 1 1 1
     1470  2  8  13 1 1 1
     1471  2  8  14 1 1 1
     1472  2  8  15 1 1 1
     1473  2  8  16 1 1 1
     1474  2  8  17 1 1 1
     1475  2  8  18 1 1 1
     1476  2  8  19 1 1 1
     1477  2  8  20 1 1 1
     1478  2  8  21 1 1 1
     1479  2  8  22 1 1 1
     1480  2  8  23 1 1 1
     1481  2  8  24 1 1 1
     1482  2  8  25 1 1 1
     1483  2  8  26 1 1 1
     1484  2  8  27 1 1 1
     1485  2  8  28 1 1 1
     1486  2  8  29 1 1 1
     1487  2  8  30 1 1 1
     1488  2  8  31 1 1 1
     1489  2  9  1 1 1 1
     1490  2  9  2 1 1 1
     1491  2  9  3 1 1 1
     1492  2  9  4 1 1 1
     1493  2  9  5 1 1 1
     1494  2  9  6 1 1 1
     1495  2  9  7 1 1 1
     1496  2  9  8 1 1 1
     1497  2  9  9 1 1 1
     1498  2  9  10 1 1 1
     1499  2  9  11 1 1 1
     1500  2  9  12 1 1 1
     1501  2  9  13 1 1 1
     1502  2  9  14 1 1 1
     1503  2  9  15 1 1 1
     1504  2  9  16 1 1 1
     1505  2  9  17 1 1 1
     1506  2  9  18 1 1 1
     1507  2  9  19 1 1 1
     1508  2  9  20 1 1 1
     1509  2  9  21 1 1 1
     1510  2  9  22 1 1 1
     1511  2  9  23 1 1 1
     1512  2  9  24 1 1 1
     1513  2  9  25 1 1 1
     1514  2  9  26 1 1 1
     1515  2  9  27 1 1 1
     1516  2  9  28 1 1 1
     1517  2  9  29 1 1 1
     1518  2  9  30 1 1 1
     1519  2  9  31 1 1 1
     1520  2  10  1 1 1 1
     1521  2  10  2 1 1 1
     1522  2  10  3 1 1 1
     1523  2  10  4 1 1 1
     1524  2  10  5 1 1 1
     1525  2  10  6 1 1 1
     1526  2  10  7 1 1 1
     1527  2  10  8 1 1 1
     1528  2  10  9 1 1 1
     1529  2  10  10 1 1 1
     1530  2  10  11 1 1 1
     1531  2  10  12 1 1 1
     1532  2  10  13 1 1 1
     1533  2  10  14 1 1 1
     1534  2  10  15 1 1 1
     1535  2  10  16 1 1 1
     1536  2  10  17 1 1 1
     1537  2  10  18 1 1 1
     1538  2  10  19 1 1 1
     1539  2  10  20 1 1 1
     1540  2  10  21 1 1 1
     1541  2  10  22 1 1 1
     1542  2  10  23 1 1 1
     1543  2  10  24 1 1 1
     1544  2  10  25 1 1 1
     1545  2  10  26 1 1 1
     1546  2  10  27 1 1 1
     1547  2  10  28 1 1 1
     1548  2  10  29 1 1 1
     1549  2  10  30 1 1 1
     1550  2  10  31 1 1 1
     1551  2  11  1 1 1 1
     1552  2  11  2 1 1 1
     1553  2  11  3 1 1 1
     1554  2  11  4 1 1 1
     1555  2  11  5 1 1 1
     1556  2  11  6 1 1 1
     1557  2  11  7 1 1 1
     1558  2  11  8 1 1 1
     1559  2  11  9 1 1 1
     1560  2  11  10 1 1 1
     1561  2  11  11 1 1 1
     1562  2  11  12 1 1 1
     1563  2  11  13 1 1 1
     1564  2  11  14 1 1 1
     1565  2  11  15 1 1 1
     1566  2  11  16 1 1 1
     1567  2  11  17 1 1 1
     1568  2  11  18 1 1 1
     1569  2  11  19 1 1 1
     1570  2  11  20 1 1 1
     1571  2  11  21 1 1 1
     1572  2  11  22 1 1 1
     1573  2  11  23 1 1 1
     1574  2  11  24 1 1 1
     1575  2  11  25 1 1 1
     1576  2  11  26 1 1 1
     1577  2  11  27 1 1 1
     1578  2  11  28 1 1 1
     1579  2  11  29 1 1 1
     1580  2  11  30 1 1 1
     1581  2  11  31 1 1 1
     1582  2  12  1 1 1 1
     1583  2  12  2 1 1 1
     1584  2  12  3 1 1 1
     1585  2  12  4 1 1 1
     1586  2  12  5 1 1 1
     1587  2  12  6 1 1 1
     1588  2  12  7 1 1 1
     1589  2  12  8 1 1 1
     1590  2  12  9 1 1 1
     1591  2  12  10 1 1 1
     1592  2  12  11 1 1 1
     1593  2  12  12 1 1 1
     1594  2  12  13 1 1 1
     1595  2  12  14 1 1 1
     1596  2  12  15 1 1 1
     1597  2  12  16 1 1 1
     1598  2  12  17 1 1 1
     1599  2  12  18 1 1 1
     1600  2  12  19 1 1 1
     1601  2  12  20 1 1 1
     1602  2  12  21 1 1 1
     1603  2  12  22 1 1 1
     1604  2  12  23 1 1 1
     1605  2  12  24 1 1 1
     1606  2  12  25 1 1 1
     1607  2  12  26 1 1 1
     1608  2  12  27 1 1 1
     1609  2  12  28 1 1 1
     1610  2  12  29 1 1 1
     1611  2  12  30 1 1 1
     1612  2  12  31 1 1 1
     1613  2  13  1 1 1 1
     1614  2  13  2 1 1 1
     1615  2  13  3 1 1 1
     1616  2  13  4 1 1 1
     1617  2  13  5 1 1 1
     1618  2  13  6 1 1 1
     1619  2  13  7 1 1 1
     1620  2  13  8 1 1 1
     1621  2  13  9 1 1 1
     1622  2  13  10 1 1 1
     1623  2  13  11 1 1 1
     1624  2  13  12 1 1 1
     1625  2  13  13 1 1 1
     1626  2  13  14 1 1 1
     1627  2  13  15 1 1 1
     1628  2  13  16 1 1 1
     1629  2  13  17 1 1 1
     1630  2  13  18 1 1 1
     1631  2  13  19 1 1 1
     1632  2  13  20 1 1 1
     1633  2  13  21 1 1 1
     1634  2  13  22 1 1 1
     1635  2  13  23 1 1 1
     1636  2  13  24 1 1 1
     1637  2  13  25 1 1 1
     1638  2  13  26 1 1 1
     1639  2  13  27 1 1 1
     1640  2  13  28 1 1 1
     1641  2  13  29 1 1 1
     1642  2  13  30 1 1 1
     1643  2  13  31 1 1 1
     1644  2  14  1 1 1 1
     1645  2  14  2 1 1 1
     1646  2  14  3 1 1 1
     1647  2  14  4 1 1 1
     1648  2  14  5 1 1 1
     1649  2  14  6 1 1 1
     1650  2  14  7 1 1 1
     1651  2  14  8 1 1 1
     1652  2  14  9 1 1 1
     1653  2  14  10 1 1 1
     1654  2  14  11 1 1 1
     1655  2  14  12 1 1 1
     1656  2  14  13 1 1 1
     1657  2  14  14 1 1 1
     1658  2  14  15 1 1 1
     1659  2  14  16 1 1 1
     1660  2  14  17 1 1 1
     1661  2  14  18 1 1 1
     1662  2  14  19 1 1 1
     1663  2  14  20 1 1 1
     1664  2  14  21 1 1 1
     1665  2  14  22 1 1 1
     1666  2  14  23 1 1 1
     1667  2  14  24 1 1 1
     1668  2  14  25 1 1 1
     1669  2  14  26 1 1 1
     1670  2  14  27 1 1 1
     1671  2  14  28 1 1 1
     1672  2  14  29 1 1 1
     1673  2  14  30 1 1 1
     1674  2  14  31 1 1 1
     1675  2  15  1 1 1 1
     1676  2  15  2 1 1 1
     1677  2  15  3 1 1 1
     1678  2  15  4 1 1 1
     1679  2  15  5 1 1 1
     1680  2  15  6 1 1 1
     1681  2  15  7 1 1 1
     1682  2  15  8 1 1 1
     1683  2  15  9 1 1 1
     1684  2  15  10 1 1 1
     1685  2  15  11 1 1 1
     1686  2  15  12 1 1 1
     1687  2  15  13 1 1 1
     1688  2  15  14 1 1 1
     1689  2  15  15 1 1 1
     1690  2  15  16 1 1 1
     1691  2  15  17 1 1 1
     1692  2  15  18 1 1 1
     1693  2  15  19 1 1 1
     1694  2  15  20 1 1 1
     1695  2  15  21 1 1 1
     1696  2  15  22 1 1 1
     1697  2  15  23 1 1 1
     1698  2  15  24 1 1 1
     1699  2  15  25 1 1 1
     1700  2  15  26 1 1 1
     1701  2  15  27 1 1 1
     1702  2  15  28 1 1 1
     1703  2  15  29 1 1 1
     1704  2  15  30 1 1 1
     1705  2  15  31 1 1 1
     1706  2  16  1 1 1 1
     1707  2  16  2 1 1 1
     1708  2  16  3 1 1 1
     1709  2  16  4 1 1 1
     1710  2  16  5 1 1 1
     1711  2  16  6 1 1 1
     1712  2  16  7 1 1 1
     1713  2  16  8 1 1 1
     1714  2  16  9 1 1 1
     1715  2  16  10 1 1 1
     1716  2  16  11 1 1 1
     1717  2  16  12 1 1 1
     1718  2  16  13 1 1 1
     1719  2  16  14 1 1 1
     1720  2  16  15 1 1 1
     1721  2  16  16 1 1 1
     1722  2  16  17 1 1 1
     1723  2  16  18 1 1 1
     1724  2  16  19 1 1 1
     1725  2  16  20 1 1 1
     1726  2  16  21 1 1 1
     1727  2  16  22 1 1 1
     1728  2  16  23 1 1 1
     1729  2  16  24 1 1 1
     1730  2  16  25 1 1 1
     1731  2  16  26 1 1 1
     1732  2  16  27 1 1 1
     1733  2  16  28 1 1 1
     1734  2  16  29 1 1 1
     1735  2  16  30 1 1 1
     1736  2  16  31 1 1 1
     1737  2  17  1 1 1 1
     1738  2  17  2 1 1 1
     1739  2  17  3 1 1 1
     1740  2  17  4 1 1 1
     1741  2  17  5 1 1 1
     1742  2  17  6 1 1 1
     1743  2  17  7 1 1 1
     1744  2  17  8 1 1 1
     1745  2  17  9 1 1 1
     1746  2  17  10 1 1 1
     1747  2  17  11 1 1 1
     1748  2  17  12 1 1 1
     1749  2  17  13 1 1 1
     1750  2  17  14 1 1 1
     1751  2  17  15 1 1 1
     1752  2  17  16 1 1 1
     1753  2  17  17 1 1 1
     1754  2  17  18 1 1 1
     1755  2  17  19 1 1 1
     1756  2  17  20 1 1 1
     1757  2  17  21 1 1 1
     1758  2  17  22 1 1 1
     1759  2  17  23 1 1 1
     1760  2  17  24 1 1 1
     1761  2  17  25 1 1 1
     1762  2  17  26 1 1 1
     1763  2  17  27 1 1 1
     1764  2  17  28 1 1 1
     1765  2  17  29 1 1 1
     1766  2  17  30 1 1 1
     1767  2  17  31 1 1 1
     1768  2  18  1 1 1 1
     1769  2  18  2 1 1 1
     1770  2  18  3 1 1 1
     1771  2  18  4 1 1 1
     1772  2  18  5 1 1 1
     1773  2  18  6 1 1 1
     1774  2  18  7 1 1 1
     1775  2  18  8 1 1 1
     1776  2  18  9 1 1 1
     1777  2  18  10 1 1 1
     1778  2  18  11 1 1 1
     1779  2  18  12 1 1 1
     1780  2  18  13 1 1 1
     1781  2  18  14 1 1 1
     1782  2  18  15 1 1 1
     1783  2  18  16 1 1 1
     1784  2  18  17 1 1 1
     1785  2  18  18 1 1 1
     1786  2  18  19 1 1 1
     1787  2  18  20 1 1 1
     1788  2  18  21 1 1 1
     1789  2  18  22 1 1 1
     1790  2  18  23 1 1 1
     1791  2  18  24 1 1 1
     1792  2  18  25 1 1 1
     1793  2  18  26 1 1 1
     1794  2  18  27 1 1 1
     1795  2  18  28 1 1 1
     1796  2  18  29 1 1 1
     1797  2  18  30 1 1 1
     1798  2  18  31 1 1 1
     1799  2  19  1 1 1 1
     1800  2  19  2 1 1 1
     1801  2  19  3 1 1 1
     1802  2  19  4 1 1 1
     1803  2  19  5 1 1 1
     1804  2  19  6 1 1 1
     1805  2  19  7 1 1 1
     1806  2  19  8 1 1 1
     1807  2  19  9 1 1 1
     1808  2  19  10 1 1 1
     1809  2  19  11 1 1 1
     1810  2  19  12 1 1 1
     1811  2  19  13 1 1 1
     1812  2  19  14 1 1 1
     1813  2  19  15 1 1 1
     1814  2  19  16 1 1 1
     1815  2  19  17 1 1 1
     1816  2  19  18 1 1 1
     1817  2  19  19 1 1 1
     1818  2  19  20 1 1 1
     1819  2  19  21 1 1 1
     1820  2  19  22 1 1 1
     1821  2  19  23 1 1 1
     1822  2  19  24 1 1 1
     1823  2  19  25 1 1 1
     1824  2  19  26 1 1 1
     1825  2  19  27 1 1 1
     1826  2  19  28 1 1 1
     1827  2  19  29 1 1 1
     1828  2  19  30 1 1 1
     1829  2  19  31 1 1 1
     1830  2  20  1 1 1 1
     1831  2  20  2 1 1 1
     1832  2  20  3 1 1 1
     1833  2  20  4 1 1 1
     1834  2  20  5 1 1 1
     1835  2  20  6 1 1 1
     1836  2  20  7 1 1 1
     1837  2  20  8 1 1 1
     1838  2  20  9 1 1 1
     1839  2  20  10 1 1 1
     1840  2  20  11 1 1 1
     1841  2  20  12 1 1 1
     1842  2  20  13 1 1 1
     1843  2  20  14 1 1 1
     1844  2  20  15 1 1 1
     1845  2  20  16 1 1 1
     1846  2  20  17 1 1 1
     1847  2  20  18 1 1 1
     1848  2  20  19 1 1 1
     1849  2  20  20 1 1 1
     1850  2  20  21 1 1 1
     1851  2  20  22 1 1 1
     1852  2  20  23 1 1 1
     1853  2  20  24 1 1 1
     1854  2  20  25 1 1 1
     1855  2  20  26 1 1 1
     1856  2  20  27 1 1 1
     1857  2  20  28 1 1 1
     1858  2  20  29 1 1 1
     1859  2  20  30 1 1 1
     1860  2  20  31 1 1 1
     1861  2  21  1 1 1 1
     1862  2  21  2 1 1 1
     1863  2  21  3 1 1 1
     1864  2  21  4 1 1 1
     1865  2  21  5 1 1 1
     1866  2  21  6 1 1 1
     1867  2  21  7 1 1 1
     1868  2  21  8 1 1 1
     1869  2  21  9 1 1 1
     1870  2  21  10 1 1 1
     1871  2  21  11 1 1 1
     1872  2  21  12 1 1 1
     1873  2  21  13 1 1 1
     1874  2  21  14 1 1 1
     1875  2  21  15 1 1 1
     1876  2  21  16 1 1 1
     1877  2  21  17 1 1 1
     1878  2  21  18 1 1 1
     1879  2  21  19 1 1 1
     1880  2  21  20 1 1 1
     1881  2  21  21 1 1 1
     1882  2  21  22 1 1 1
     1883  2  21  23 1 1 1
     1884  2  21  24 1 1 1
     1885  2  21  25 1 1 1
     1886  2  21  26 1 1 1
     1887  2  21  27 1 1 1
     1888  2  21  28 1 1 1
     1889  2  21  29 1 1 1
     1890  2  21  30 1 1 1
     1891  2  21  31 1 1 1
     1892  2  22  1 1 1 1
     1893  2  22  2 1 1 1
     1894  2  22  3 1 1 1
     1895  2  22  4 1 1 1
     1896  2  22  5 1 1 1
     1897  2  22  6 1 1 1
     1898  2  22  7 1 1 1
     1899  2  22  8 1 1 1
     1900  2  22  9 1 1 1
     1901  2  22  10 1 1 1
     1902  2  22  11 1 1 1
     1903  2  22  12 1 1 1
     1904  2  22  13 1 1 1
     1905  2  22  14 1 1 1
     1906  2  22  15 1 1 1
     1907  2  22  16 1 1 1
     1908  2  22  17 1 1 1
     1909  2  22  18 1 1 1
     1910  2  22  19 1 1 1
     1911  2  22  20 1 1 1
     1912  2  22  21 1 1 1
     1913  2  22  22 1 1 1
     1914  2  22  23 1 1 1
     1915  2  22  24 1 1 1
     1916  2  22  25 1 1 1
     1917  2  22  26 1 1 1
     1918  2  22  27 1 1 1
     1919  2  22  28 1 1 1
     1920  2  22  29 1 1 1
     1921  2  22  30 1 1 1
     1922  2  22  31 1 1 1
     1923  2  23  1 1 1 1
     1924  2  23  2 1 1 1
     1925  2  23  3 1 1 1
     1926  2  23  4 1 1 1
     1927  2  23  5 1 1 1
     1928  2  23  6 1 1 1
     1929  2  23  7 1 1 1
     1930  2  23  8 1 1 1
     1931  2  23  9 1 1 1
     1932  2  23  10 1 1 1
     1933  2  23  11 1 1 1
     1934  2  23  12 1 1 1
     1935  2  23  13 1 1 1
     1936  2  23  14 1 1 1
     1937  2  23  15 1 1 1
     1938  2  23  16 1 1 1
     1939  2  23  17 1 1 1
     1940  2  23  18 1 1 1
     1941  2  23  19 1 1 1
     1942  2  23  20 1 1 1
     1943  2  23  21 1 1 1
     1944  2  23  22 1 1 1
     1945  2  23  23 1 1 1
     1946  2  23  24 1 1 1
     1947  2  23  25 1 1 1
     1948  2  23  26 1 1 1
     1949  2  23  27 1 1 1
     1950  2  23  28 1 1 1
     1951  2  23  29 1 1 1
     1952  2  23  30 1 1 1
     1953  2  23  31 1 1 1
     1954  2  24  1 1 1 1
     1955  2  24  2 1 1 1
     1956  2  24  3 1 1 1
     1957  2  24  4 1 1 1
     1958  2  24  5 1 1 1
     1959  2  24  6 1 1 1
     1960  2  24  7 1 1 1
     1961  2  24  8 1 1 1
     1962  2  24  9 1 1 1
     1963  2  24  10 1 1 1
     1964  2  24  11 1 1 1
     1965  2  24  12 1 1 1
     1966  2  24  13 1 1 1
     1967  2  24  14 1 1 1
     1968  2  24  15 1 1 1
     1969  2  24  16 1 1 1
     1970  2  24  17 1 1 1
     1971  2  24  18 1 1 1
     1972  2  24  19 1 1 1
     1973  2  24  20 1 1 1
     1974  2  24  21 1 1 1
     1975  2  24  22 1 1 1
     1976  2  24  23 1 1 1
     1977  2  24  24 1 1 1
     1978  2  24  25 1 1 1
     1979  2  24  26 1 1 1
     1980  2  24  27 1 1 1
     1981  2  24  28 1 1 1
     1982  2  24  29 1 1 1
     1983  2  24  30 1 1 1
     1984  2  24  31 1 1 1
     1985  2  25  1 1 1 1
     1986  2  25  2 1 1 1
     1987  2  25  3 1 1 1
     1988  2  25  4 1 1 1
     1989  2  25  5 1 1 1
     1990  2  25  6 1 1 1
     1991  2  25  7 1 1 1
     1992  2  25  8 1 1 1
     1993  2  25  9 1 1 1
     1994  2  25  10 1 1 1
     1995  2  25  11 1 1 1
     1996  2  25  12 1 1 1
     1997  2  25  13 1 1 1
     1998  2  25  14 1 1 1
     1999  2  25  15 1 1 1
     2000  2  25  16 1 1 1
     2001  2  25  17 1 1 1
     2002  2  25  18 1 1 1
     2003  2  25  19 1 1 1
     2004  2  25  20 1 1 1
     2005  2  25  21 1 1 1
     2006  2  25  22 1 1 1
     2007  2  25  23 1 1 1
     2008  2  25  24 1 1 1
     2009  2  25  25 1 1 1
     2010  2  25  26 1 1 1
     2011  2  25  27 1 1 1
     2012  2  25  28 1 1 1
     2013  2  25  29 1 1 1
     2014  2  25  30 1 1 1
     2015  2  25  31 1 1 1
     2016  2  26  1 1 1 1
     2017  2  26  2 1 1 1
     2018  2  26  3 1 1 1
     2019  2  26  4 1 1 1
     2020  2  26  5 1 1 1
     2021  2  26  6 1 1 1
     2022  2  26  7 1 1 1
     2023  2  26  8 1 1 1
     2024  2  26  9 1 1 1
     2025  2  26  10 1 1 1
     2026  2  26  11 1 1 1
     2027  2  26  12 1 1 1
     2028  2  26  13 1 1 1
     2029  2  26  14 1 1 1
     2030  2  26  15 1 1 1
     2031  2  26  16 1 1 1
     2032  2  26  17 1 1 1
     2033  2  26  18 1 1 1
     2034  2  26  19 1 1 1
     2035  2  26  20 1 1 1
     2036  2  26  21 1 1 1
     2037  2  26  22 1 1 1
     2038  2  26  23 1 1 1
     2039  2  26  24 1 1 1
     2040  2  26  25 1 1 1
     2041  2  26  26 1 1 1
     2042  2  26  27 1 1 1
     2043  2  26  28 1 1 1
     2044  2  26  29 1 1 1
     2045  2  26  30 1 1 1
     2046  2  26  31 1 1 1
     2047  2  27  1 1 1 1
     2048  2  27  2 1 1 1
     2049  2  27  3 1 1 1
     2050  2  27  4 1 1 1
     2051  2  27  5 1 1 1
     2052  2  27  6 1 1 1
     2053  2  27  7 1 1 1
     2054  2  27  8 1 1 1
     2055  2  27  9 1 1 1
     2056  2  27  10 1 1 1
     2057  2  27  11 1 1 1
     2058  2  27  12 1 1 1
     2059  2  27  13 1 1 1
     2060  2  27  14 1 1 1
     2061  2  27  15 1 1 1
     2062  2  27  16 1 1 1
     2063  2  27  17 1 1 1
     2064  2  27  18 1 1 1
     2065  2  27  19 1 1 1
     2066  2  27  20 1 1 1
     2067  2  27  21 1 1 1
     2068  2  27  22 1 1 1
     2069  2  27  23 1 1 1
     2070  2  27  24 1 1 1
     2071  2  27  25 1 1 1
     2072  2  27  26 1 1 1
     2073  2  27  27 1 1 1
     2074  2  27  28 1 1 1
     2075  2  27  29 1 1 1
     2076  2  27  30 1 1 1
     2077  2  27  31 1 1 1
     2078  2  28  1 1 1 1
     2079  2  28  2 1 1 1
     2080  2  28  3 1 1 1
     2081  2  28  4 1 1 1
     2082  2  28  5 1 1 1
     2083  2  28  6 1 1 1
     2084  2  28  7 1 1 1
     2085  2  28  8 1 1 1
     2086  2  28  9 1 1 1
     2087  2  28  10 1 1 1
     2088  2  28  11 1 1 1
     2089  2  28  12 1 1 1
     2090  2  28  13 1 1 1
     2091  2  28  14 1 1 1
     2092  2  28  15 1 1 1
     2093  2  28  16 1 1 1
     2094  2  28  17 1 1 1
     2095  2  28  18 1 1 1
     2096  2  28  19 1 1 1
     2097  2  28  20 1 1 1
     2098  2  28  21 1 1 1
     2099  2  28  22 1 1 1
     2100  2  28  23 1 1 1
     2101  2  28  24 1 1 1
     2102  2  28  25 1 1 1
     2103  2  28  26 1 1 1
     2104  2  28  27 1 1 1
     2105  2  28  28 1 1 1
     2106  2  28  29 1 1 1
     2107  2  28  30 1 1 1
     2108  2  28  31 1 1 1
     2109  2  29  1 1 1 1
     2110  2  29  2 1 1 1
     2111  2  29  3 1 1 1
     2112  2  29  4 1 1 1
     2113  2  29  5 1 1 1
     2114  2  29  6 1 1 1
     2115  2  29  7 1 1 1
     2116  2  29  8 1 1 1
     2117  2  29  9 1 1 1
     2118  2  29  10 1 1 1
     2119  2  29  11 1 1 1
     2120  2  29  12 1 1 1
     2121  2  29  13 1 1 1
     2122  2  29  14 1 1 1
     2123  2  29  15 1 1 1
     2124  2  29  16 1 1 1
     2125  2  29  17 1 1 1
     2126  2  29  18 1 1 1
     2127  2  29  19 1 1 1
     2128  2  29  20 1 1 1
     2129  2  29  21 1 1 1
     2130  2  29  22 1 1 1
     2131  2  29  23 1 1 1
     2132  2  29  24 1 1 1
     2133  2  29  25 1 1 1
     2134  2  29  26 1 1 1
     2135  2  29  27 1 1 1
     2136  2  29  28 1 1 1
     2137  2  29  29 1 1 1
     2138  2  29  30 1 1 1
     2139  2  29  31 1 1 1
     2140  2  30  1 1 1 1
     2141  2  30  2 1 1 1
     2142  2  30  3 1 1 1
     2143  2  30  4 1 1 1
     2144  2  30  5 1 1 1
     2145  2  30  6 1 1 1
     2146  2  30  7 1 1 1
     2147  2  30  8 1 1 1
     2148  2  30  9 1 1 1
     2149  2  30  10 1 1 1
     2150  2  30  11 1 1 1
     2151  2  30  12 1 1 1
     2152  2  30  13 1 1 1
     2153  2  30  14 1 1 1
     2154  2  30  15 1 1 1
     2155  2  30  16 1 1 1
     2156  2  30  17 1 1 1
     2157  2  30  18 1 1 1
     2158  2  30  19 1 1 1
     2159  2  30  20 1 1 1
     2160  2  30  21 1 1 1
     2161  2  30  22 1 1 1
     2162  2  30  23 1 1 1
     2163  2  30  24 1 1 1
     2164  2  30  25 1 1 1
     2165  2  30  26 1 1 1
     2166  2  30  27 1 1 1
     2167  2  30  28 1 1 1
     2168  2  30  29 1 1 1
     2169  2  30  30 1 1 1
     2170  2  30  31 1 1 1
     2171  2  31  1 1 1 1
     2172  2  31  2 1 1 1
     2173  2  31  3 1 1 1
     2174  2  31  4 1 1 1
     2175  2  31  5 1 1 1
     2176  2  31  6 1 1 1
     2177  2  31  7 1 1 1
     2178  2  31  8 1 1 1
     2179  2  31  9 1 1 1
     2180  2  31  10 1 1 1
     2181  2  31  11 1 1 1
     2182  2  31  12 1 1 1
     2183  2  31  13 1 1 1
     2184  2  31  14 1 1 1
     2185  2  31  15 1 1 1
     2186  2  31  16 1 1 1
     2187  2  31  17 1 1 1
     2188  2  31  18 1 1 1
     2189  2  31  19 1 1 1
     2190  2  31  20 1 1 1
     2191  2  31  21 1 1 1
     2192  2  31  22 1 1 1
     2193  2  31  23 1 1 1
     2194  2  31  24 1 1 1
     2195  2  31  25 1 1 1
     2196  2  31  26 1 1 1
     2197  2  31  27 1 1 1
     2198  2  31  28 1 1 1
     2199  2  31  29 1 1 1
     2200  2  31  30 1 1 1
     2201  2  31  31 1 1 1
     2202  2  32  1 1 1 1
     2203  2  32  2 1 1 1
     2204  2  32  3 1 1 1
     2205  2  32  4 1 1 1
     2206  2  32  5 1 1 1
     2207  2  32  6 1 1 1
     2208  2  32  7 1 1 1
     2209  2  32  8 1 1 1
     2210  2  32  9 1 1 1
     2211  2  32  10 1 1 1
     2212  2  32  11 1 1 1
     2213  2  32  12 1 1 1
     2214  2  32  13 1 1 1
     2215  2  32  14 1 1 1
     2216  2  32  15 1 1 1
     2217  2  32  16 1 1 1
     2218  2  32  17 1 1 1
     2219  2  32  18 1 1 1
     2220  2  32  19 1 1 1
     2221  2  32  20 1 1 1
     2222  2  32  21 1 1 1
     2223  2  32  22 1 1 1
     2224  2  32  23 1 1 1
     2225  2  32  24 1 1 1
     2226  2  32  25 1 1 1
     2227  2  32  26 1 1 1
     2228  2  32  27 1 1 1
     2229  2  32  28 1 1 1
     2230  2  32  29 1 1 1
     2231  2  32  30 1 1 1
     2232  2  32  31 1 1 1
     2233  2  33  1 1 1 1
     2234  2  33  2 1 1 1
     2235  2  33  3 1 1 1
     2236  2  33  4 1 1 1
     2237  2  33  5 1 1 1
     2238  2  33  6 1 1 1
     2239  2  33  7 1 1 1
     2240  2  33  8 1 1 1
     2241  2  33  9 1 1 1
     2242  2  33  10 1 1 1
     2243  2  33  11 1 1 1
     2244  2  33  12 1 1 1
     2245  2  33  13 1 1 1
     2246  2  33  14 1 1 1
     2247  2  33  15 1 1 1
     2248  2  33  16 1 1 1
     2249  2  33  17 1 1 1
     2250  2  33  18 1 1 1
     2251  2  33  19 1 1 1
     2252  2  33  20 1 1 1
     2253  2  33  21 1 1 1
     2254  2  33  22 1 1 1
     2255  2  33  23 1 1 1
     2256  2  33  24 1 1 1
     2257  2  33  25 1 1 1
     2258  2  33  26 1 1 1
     2259  2  33  27 1 1 1
     2260  2  33  28 1 1 1
     2261  2  33  29 1 1 1
     2262  2  33  30 1 1 1
     2263  2  33  31 1 1 1
     2264  2  34  1 1 1 1
     2265  2  34  2 1 1 1
     2266  2  34  3 1 1 1
     2267  2  34  4 1 1 1
     2268  2  34  5 1 1 1
     2269  2  34  6 1 1 1
     2270  2  34  7 1 1 1
     2271  2  34  8 1 1 1
     2272  2  34  9 1 1 1
     2273  2  34  10 1 1 1
     2274  2  34  11 1 1 1
     2275  2  34  12 1 1 1
     2276  2  34  13 1 1 1
     2277  2  34  14 1 1 1
     2278  2  34  15 1 1 1
     2279  2  34  16 1 1 1
     2280  2  34  17 1 1 1
     2281  2  34  18 1 1 1
     2282  2  34  19 1 1 1
     2283  2  34  20 1 1 1
     2284  2  34  21 1 1 1
     2285  2  34  22 1 1 1
     2286  2  34  23 1 1 1
     2287  2  34  24 1 1 1
     2288  2  34  25 1 1 1
     2289  2  34  26 1 1 1
     2290  2  34  27 1 1 1
     2291  2  34  28 1 1 1
     2292  2  34  29 1 1 1
     2293  2  34  30 1 1 1
     2294  2  34  31 1 1 1
     2295  2  35  1 1 1 1
     2296  2  35  2 1 1 1
     2297  2  35  3 1 1 1
     2298  2  35  4 1 1 1
     2299  2  35  5 1 1 1
     2300  2  35  6 1 1 1
     2301  2  35  7 1 1 1
     2302  2  35  8 1 1 1
     2303  2  35  9 1 1 1
     2304  2  35  10 1 1 1
     2305  2  35  11 1 1 1
     2306  2  35  12 1 1 1
     2307  2  35  13 1 1 1
     2308  2  35  14 1 1 1
     2309  2  35  15 1 1 1
     2310  2  35  16 1 1 1
     2311  2  35  17 1 1 1
     2312  2  35  18 1 1 1
     2313  2  35  19 1 1 1
     2314  2  35  20 1 1 1
     2315  2  35  21 1 1 1
     2316  2  35  22 1 1 1
     2317  2  35  23 1 1 1
     2318  2  35  24 1 1 1
     2319  2  35  25 1 1 1
     2320  2  35  26 1 1 1
     2321  2  35  27 1 1 1
     2322  2  35  28 1 1 1
     2323  2  35  29 1 1 1
     2324  2  35  30 1 1 1
     2325  2  35  31 1 1 1
     2326  2  36  1 1 1 1
     2327  2  36  2 1 1 1
     2328  2  36  3 1 1 1
     2329  2  36  4 1 1 1
     2330  2  36  5 1 1 1
     2331  2  36  6 1 1 1
     2332  2  36  7 1 1 1
     2333  2  36  8 1 1 1
     2334  2  36  9 1 1 1
     2335  2  36  10 1 1 1
     2336  2  36  11 1 1 1
     2337  2  36  12 1 1 1
     2338  2  36  13 1 1 1
     2339  2  36  14 1 1 1
     2340  2  36  15 1 1 1
     2341  2  36  16 1 1 1
     2342  2  36  17 1 1 1
     2343  2  36  18 1 1 1
     2344  2  36  19 1 1 1
     2345  2  36  20 1 1 1
     2346  2  36  21 1 1 1
     2347  2  36  22 1 1 1
     2348  2  36  23 1 1 1
     2349  2  36  24 1 1 1
     2350  2  36  25 1 1 1
     2351  2  36  26 1 1 1
     2352  2  36  27 1 1 1
     2353  2  36  28 1 1 1
     2354  2  36  29 1 1 1
     2355  2  36  30 1 1 1
     2356  2  36  31 1 1 1
     2357  2  37  1 1 1 1
     2358  2  37  2 1 1 1
     2359  2  37  3 1 1 1
     2360  2  37  4 1 1 1
     2361  2  37  5 1 1 1
     2362  2  37  6 1 1 1
     2363  2  37  7 1 1 1
     2364  2  37  8 1 1 1
     2365  2  37  9 1 1 1
     2366  2  37  10 1 1 1
     2367  2  37  11 1 1 1
     2368  2  37  12 1 1 1
     2369  2  37  13 1 1 1
     2370  2  37  14 1 1 1
     2371  2  37  15 1 1 1
     2372  2  37  16 1 1 1
     2373  2  37  17 1 1 1
     2374  2  37  18 1 1 1
     2375  2  37  19 1 1 1
     2376  2  37  20 1 1 1
     2377  2  37  21 1 1 1
     2378  2  37  22 1 1 1
     2379  2  37  23 1 1 1
     2380  2  37  24 1 1 1
     2381  2  37  25 1 1 1
     2382  2  37  26 1 1 1
     2383  2  37  27 1 1 1
     2384  2  37  28 1 1 1
     2385  2  37  29 1 1 1
     2386  2  37  30 1 1 1
     2387  2  37  31 1 1 1
     2388  2  38  1 1 1 1
     2389  2  38  2 1 1 1
     2390  2  38  3 1 1 1
     2391  2  38  4 1 1 1
     2392  2  38  5 1 1 1
     2393  2  38  6 1 1 1
     2394  2  38  7 1 1 1
     2395  2  38  8 1 1 1
     2396  2  38  9 1 1 1
     2397  2  38  10 1 1 1
     2398  2  38  11 1 1 1
     2399  2  38  12 1 1 1
     2400  2  38  13 1 1 1
     2401  2  38  14 1 1 1
     2402  2  38  15 1 1 1
     2403  2  38  16 1 1 1
     2404  2  38  17 1 1 1
     2405  2  38  18 1 1 1
     2406  2  38  19 1 1 1
     2407  2  38  20 1 1 1
     2408  2  38  21 1 1 1
     2409  2  38  22 1 1 1
     2410  2  38  23 1 1 1
     2411  2  38  24 1 1 1
     2412  2  38  25 1 1 1
     2413  2  38  26 1 1 1
     2414  2  38  27 1 1 1
     2415  2  38  28 1 1 1
     2416  2  38  29 1 1 1
     2417  2  38  30 1 1 1
     2418  2  38  31 1 1 1
     2419  2  39  1 1 1 1
     2420  2  39  2 1 1 1
     2421  2  39  3 1 1 1
     2422  2  39  4 1 1 1
     2423  2  39  5 1 1 1
     2424  2  39  6 1 1 1
     2425  2  39  7 1 1 1
     2426  2  39  8 1 1 1
     2427  2  39  9 1 1 1
     2428  2  39  10 1 1 1
     2429  2  39  11 1 1 1
     2430  2  39  12 1 1 1
     2431  2  39  13 1 1 1
     2432  2  39  14 1 1 1
     2433  2  39  15 1 1 1
     2434  2  39  16 1 1 1
     2435  2  39  17 1 1 1
     2436  2  39  18 1 1 1
     2437  2  39  19 1 1 1
     2438  2  39  20 1 1 1
     2439  2  39  21 1 1 1
     2440  2  39  22 1 1 1
     2441  2  39  23 1 1 1
     2442  2  39  24 1 1 1
     2443  2  39  25 1 1 1
     2444  2  39  26 1 1 1
     2445  2  39  27 1 1 1
     2446  2  39  28 1 1 1
     2447  2  39  29 1 1 1
     2448  2  39  30 1 1 1
     2449  2  39  31 1 1 1
     2450  2  40  1 1 1 1
     2451  2  40  2 1 1 1
     2452  2  40  3 1 1 1
     2453  2  40  4 1 1 1
     2454  2  40  5 1 1 1
     2455  2  40  6 1 1 1
     2456  2  40  7 1 1 1
     2457  2  40  8 1 1 1
     2458  2  40  9 1 1 1
     2459  2  40  10 1 1 1
     2460  2  40  11 1 1 1
     2461  2  40  12 1 1 1
     2462  2  40  13 1 1 1
     2463  2  40  14 1 1 1
     2464  2  40  15 1 1 1
     2465  2  40  16 1 1 1
     2466  2  40  17 1 1 1
     2467  2  40  18 1 1 1
     2468  2  40  19 1 1 1
     2469  2  40  20 1 1 1
     2470  2  40  21 1 1 1
     2471  2  40  22 1 1 1
     2472  2  40  23 1 1 1
     2473  2  40  24 1 1 1
     2474  2  40  25 1 1 1
     2475  2  40  26 1 1 1
     2476  2  40  27 1 1 1
     2477  2  40  28 1 1 1
     2478  2  40  29 1 1 1
     2479  2  40  30 1 1 1
     2480  2  40  31 1 1 1
     2481  3  1  1 1 1 1
     2482  3  1  2 1 1 1
     2483  3  1  3 1 1 1
     2484  3  1  4 1 1 1
     2485  3  1  5 1 1 1
     2486  3  1  6 1 1 1
     2487  3  1  7 1 1 1
     2488  3  1  8 1 1 1
     2489  3  1  9 1 1 1
     2490  3  1  10 1 1 1
     2491  3  1  11 1 1 1
     2492  3  1  12 1 1 1
     2493  3  1  13 1 1 1
     2494  3  1  14 1 1 1
     2495  3  1  15 1 1 1
     2496  3  1  16 1 1 1
     2497  3  1  17 1 1 1
     2498  3  1  18 1 1 1
     2499  3  1  19 1 1 1
     2500  3  1  20 1 1 1
     2501  3  1  21 1 1 1
     2502  3  1  22 1 1 1
     2503  3  1  23 1 1 1
     2504  3  1  24 1 1 1
     2505  3  1  25 1 1 1
     2506  3  1  26 1 1 1
     2507  3  1  27 1 1 1
     2508  3  1  28 1 1 1
     2509  3  1  29 1 1 1
     2510  3  1  30 1 1 1
     2511  3  1  31 1 1 1
     2512  3  2  1 1 1 1
     2513  3  2  2 1 1 1
     2514  3  2  3 1 1 1
     2515  3  2  4 1 1 1
     2516  3  2  5 1 1 1
     2517  3  2  6 1 1 1
     2518  3  2  7 1 1 1
     2519  3  2  8 1 1 1
     2520  3  2  9 1 1 1
     2521  3  2  10 1 1 1
     2522  3  2  11 1 1 1
     2523  3  2  12 1 1 1
     2524  3  2  13 1 1 1
     2525  3  2  14 1 1 1
     2526  3  2  15 1 1 1
     2527  3  2  16 1 1 1
     2528  3  2  17 1 1 1
     2529  3  2  18 1 1 1
     2530  3  2  19 1 1 1
     2531  3  2  20 1 1 1
     2532  3  2  21 1 1 1
     2533  3  2  22 1 1 1
     2534  3  2  23 1 1 1
     2535  3  2  24 1 1 1
     2536  3  2  25 1 1 1
     2537  3  2  26 1 1 1
     2538  3  2  27 1 1 1
     2539  3  2  28 1 1 1
     2540  3  2  29 1 1 1
     2541  3  2  30 1 1 1
     2542  3  2  31 1 1 1
     2543  3  3  1 1 1 1
     2544  3  3  2 1 1 1
     2545  3  3  3 1 1 1
     2546  3  3  4 1 1 1
     2547  3  3  5 1 1 1
     2548  3  3  6 1 1 1
     2549  3  3  7 1 1 1
     2550  3  3  8 1 1 1
     2551  3  3  9 1 1 1
     2552  3  3  10 1 1 1
     2553  3  3  11 1 1 1
     2554  3  3  12 1 1 1
     2555  3  3  13 1 1 1
     2556  3  3  14 1 1 1
     2557  3  3  15 1 1 1
     2558  3  3  16 1 1 1
     2559  3  3  17 1 1 1
     2560  3  3  18 1 1 1
     2561  3  3  19 1 1 1
     2562  3  3  20 1 1 1
     2563  3  3  21 1 1 1
     2564  3  3  22 1 1 1
     2565  3  3  23 1 1 1
     2566  3  3  24 1 1 1
     2567  3  3  25 1 1 1
     2568  3  3  26 1 1 1
     2569  3  3  27 1 1 1
     2570  3  3  28 1 1 1
     2571  3  3  29 1 1 1
     2572  3  3  30 1 1 1
     2573  3  3  31 1 1 1
     2574  3  4  1 1 1 1
     2575  3  4  2 1 1 1
     2576  3  4  3 1 1 1
     2577  3  4  4 1 1 1
     2578  3  4  5 1 1 1
     2579  3  4  6 1 1 1
     2580  3  4  7 1 1 1
     2581  3  4  8 1 1 1
     2582  3  4  9 1 1 1
     2583  3  4  10 1 1 1
     2584  3  4  11 1 1 1
     2585  3  4  12 1 1 1
     2586  3  4  13 1 1 1
     2587  3  4  14 1 1 1
     2588  3  4  15 1 1 1
     2589  3  4  16 1 1 1
     2590  3  4  17 1 1 1
     2591  3  4  18 1 1 1
     2592  3  4  19 1 1 1
     2593  3  4  20 1 1 1
     2594  3  4  21 1 1 1
     2595  3  4  22 1 1 1
     2596  3  4  23 1 1 1
     2597  3  4  24 1 1 1
     2598  3  4  25 1 1 1
     2599  3  4  26 1 1 1
     2600  3  4  27 1 1 1
     2601  3  4  28 1 1 1
     2602  3  4  29 1 1 1
     2603  3  4  30 1 1 1
     2604  3  4  31 1 1 1
     2605  3  5  1 1 1 1
     2606  3  5  2 1 1 1
     2607  3  5  3 1 1 1
     2608  3  5  4 1 1 1
     2609  3  5  5 1 1 1
     2610  3  5  6 1 1 1
     2611  3  5  7 1 1 1
     2612  3  5  8 1 1 1
     2613  3  5  9 1 1 1
     2614  3  5  10 1 1 1
     2615  3  5  11 1 1 1
     2616  3  5  12 1 1 1
     2617  3  5  13 1 1 1
     2618  3  5  14 1 1 1
     2619  3  5  15 1 1 1
     2620  3  5  16 1 1 1
     2621  3  5  17 1 1 1
     2622  3  5  18 1 1 1
     2623  3  5  19 1 1 1
     2624  3  5  20 1 1 1
     2625  3  5  21 1 1 1
     2626  3  5  22 1 1 1
     2627  3  5  23 1 1 1
     2628  3  5  24 1 1 1
     2629  3  5  25 1 1 1
     2630  3  5  26 1 1 1
     2631  3  5  27 1 1 1
     2632  3  5  28 1 1 1
     2633  3  5  29 1 1 1
     2634  3  5  30 1 1 1
     2635  3  5  31 1 1 1
     2636  3  6  1 1 1 1
     2637  3  6  2 1 1 1
     2638  3  6  3 1 1 1
     2639  3  6  4 1 1 1
     2640  3  6  5 1 1 1
     2641  3  6  6 1 1 1
     2642  3  6  7 1 1 1
     2643  3  6  8 1 1 1
     2644  3  6  9 1 1 1
     2645  3  6  10 1 1 1
     2646  3  6  11 1 1 1
     2647  3  6  12 1 1 1
     2648  3  6  13 1 1 1
     2649  3  6  14 1 1 1
     2650  3  6  15 1 1 1
     2651  3  6  16 1 1 1
     2652  3  6  17 1 1 1
     2653  3  6  18 1 1 1
     2654  3  6  19 1 1 1
     2655  3  6  20 1 1 1
     2656  3  6  21 1 1 1
     2657  3  6  22 1 1 1
     2658  3  6  23 1 1 1
     2659  3  6  24 1 1 1
     2660  3  6  25 1 1 1
     2661  3  6  26 1 1 1
     2662  3  6  27 1 1 1
     2663  3  6  28 1 1 1
     2664  3  6  29 1 1 1
     2665  3  6  30 1 1 1
     2666  3  6  31 1 1 1
     2667  3  7  1 1 1 1
     2668  3  7  2 1 1 1
     2669  3  7  3 1 1 1
     2670  3  7  4 1 1 1
     2671  3  7  5 1 1 1
     2672  3  7  6 1 1 1
     2673  3  7  7 1 1 1
     2674  3  7  8 1 1 1
     2675  3  7  9 1 1 1
     2676  3  7  10 1 1 1
     2677  3  7  11 1 1 1
     2678  3  7  12 1 1 1
     2679  3  7  13 1 1 1
     2680  3  7  14 1 1 1
     2681  3  7  15 1 1 1
     2682  3  7  16 1 1 1
     2683  3  7  17 1 1 1
     2684  3  7  18 1 1 1
     2685  3  7  19 1 1 1
     2686  3  7  20 1 1 1
     2687  3  7  21 1 1 1
     2688  3  7  22 1 1 1
     2689  3  7  23 1 1 1
     2690  3  7  24 1 1 1
     2691  3  7  25 1 1 1
     2692  3  7  26 1 1 1
     2693  3  7  27 1 1 1
     2694  3  7  28 1 1 1
     2695  3  7  29 1 1 1
     2696  3  7  30 1 1 1
     2697  3  7  31 1 1 1
     2698  3  8  1 1 1 1
     2699  3  8  2 1 1 1
     2700  3  8  3 1 1 1
     2701  3  8  4 1 1 1
     2702  3  8  5 1 1 1
     2703  3  8  6 1 1 1
     2704  3  8  7 1 1 1
     2705  3  8  8 1 1 1
     2706  3  8  9 1 1 1
     2707  3  8  10 1 1 1
     2708  3  8  11 1 1 1
     2709  3  8  12 1 1 1
     2710  3  8  13 1 1 1
     2711  3  8  14 1 1 1
     2712  3  8  15 1 1 1
     2713  3  8  16 1 1 1
     2714  3  8  17 1 1 1
     2715  3  8  18 1 1 1
     2716  3  8  19 1 1 1
     2717  3  8  20 1 1 1
     2718  3  8  21 1 1 1
     2719  3  8  22 1 1 1
     2720  3  8  23 1 1 1
     2721  3  8  24 1 1 1
     2722  3  8  25 1 1 1
     2723  3  8  26 1 1 1
     2724  3  8  27 1 1 1
     2725  3  8  28 1 1 1
     2726  3  8  29 1 1 1
     2727  3  8  30 1 1 1
     2728  3  8  31 1 1 1
     2729  3  9  1 1 1 1
     2730  3  9  2 1 1 1
     2731  3  9  3 1 1 1
     2732  3  9  4 1 1 1
     2733  3  9  5 1 1 1
     2734  3  9  6 1 1 1
     2735  3  9  7 1 1 1
     2736  3  9  8 1 1 1
     2737  3  9  9 1 1 1
     2738  3  9  10 1 1 1
     2739  3  9  11 1 1 1
     2740  3  9  12 1 1 1
     2741  3  9  13 1 1 1
     2742  3  9  14 1 1 1
     2743  3  9  15 1 1 1
     2744  3  9  16 1 1 1
     2745  3  9  17 1 1 1
     2746  3  9  18 1 1 1
     2747  3  9  19 1 1 1
     2748  3  9  20 1 1 1
     2749  3  9  21 1 1 1
     2750  3  9  22 1 1 1
     2751  3  9  23 1 1 1
     2752  3  9  24 1 1 1
     2753  3  9  25 1 1 1
     2754  3  9  26 1 1 1
     2755  3  9  27 1 1 1
     2756  3  9  28 1 1 1
     2757  3  9  29 1 1 1
     2758  3  9  30 1 1 1
     2759  3  9  31 1 1 1
     2760  3  10  1 1 1 1
     2761  3  10  2 1 1 1
     2762  3  10  3 1 1 1
     2763  3  10  4 1 1 1
     2764  3  10  5 1 1 1
     2765  3  10  6 1 1 1
     2766  3  10  7 1 1 1
     2767  3  10  8 1 1 1
     2768  3  10  9 1 1 1
     2769  3  10  10 1 1 1
     2770  3  10  11 1 1 1
     2771  3  10  12 1 1 1
     2772  3  10  13 1 1 1
     2773  3  10  14 1 1 1
     2774  3  10  15 1 1 1
     2775  3  10  16 1 1 1
     2776  3  10  17 1 1 1
     2777  3  10  18 1 1 1
     2778  3  10  19 1 1 1
     2779  3  10  20 1 1 1
     2780  3  10  21 1 1 1
     2781  3  10  22 1 1 1
     2782  3  10  23 1 1 1
     2783  3  10  24 1 1 1
     2784  3  10  25 1 1 1
     2785  3  10  26 1 1 1
     2786  3  10  27 1 1 1
     2787  3  10  28 1 1 1
     2788  3  10  29 1 1 1
     2789  3  10  30 1 1 1
     2790  3  10  31 1 1 1
     2791  3  11  1 1 1 1
     2792  3  11  2 1 1 1
     2793  3  11  3 1 1 1
     2794  3  11  4 1 1 1
     2795  3  11  5 1 1 1
     2796  3  11  6 1 1 1
     2797  3  11  7 1 1 1
     2798  3  11  8 1 1 1
     2799  3  11  9 1 1 1
     2800  3  11  10 1 1 1
     2801  3  11  11 1 1 1
     2802  3  11  12 1 1 1
     2803  3  11  13 1 1 1
     2804  3  11  14 1 1 1
     2805  3  11  15 1 1 1
     2806  3  11  16 1 1 1
     2807  3  11  17 1 1 1
     2808  3  11  18 1 1 1
     2809  3  11  19 1 1 1
     2810  3  11  20 1 1 1
     2811  3  11  21 1 1 1
     2812  3  11  22 1 1 1
     2813  3  11  23 1 1 1
     2814  3  11  24 1 1 1
     2815  3  11  25 1 1 1
     2816  3  11  26 1 1 1
     2817  3  11  27 1 1 1
     2818  3  11  28 1 1 1
     2819  3  11  29 1 1 1
     2820  3  11  30 1 1 1
     2821  3  11  31 1 1 1
     2822  3  12  1 1 1 1
     2823  3  12  2 1 1 1
     2824  3  12  3 1 1 1
     2825  3  12  4 1 1 1
     2826  3  12  5 1 1 1
     2827  3  12  6 1 1 1
     2828  3  12  7 1 1 1
     2829  3  12  8 1 1 1
     2830  3  12  9 1 1 1
     2831  3  12  10 1 1 1
     2832  3  12  11 1 1 1
     2833  3  12  12 1 1 1
     2834  3  12  13 1 1 1
     2835  3  12  14 1 1 1
     2836  3  12  15 1 1 1
     2837  3  12  16 1 1 1
     2838  3  12  17 1 1 1
     2839  3  12  18 1 1 1
     2840  3  12  19 1 1 1
     2841  3  12  20 1 1 1
     2842  3  12  21 1 1 1
     2843  3  12  22 1 1 1
     2844  3  12  23 1 1 1
     2845  3  12  24 1 1 1
     2846  3  12  25 1 1 1
     2847  3  12  26 1 1 1
     2848  3  12  27 1 1 1
     2849  3  12  28 1 1 1
     2850  3  12  29 1 1 1
     2851  3  12  30 1 1 1
     2852  3  12  31 1 1 1
     2853  3  13  1 1 1 1
     2854  3  13  2 1 1 1
     2855  3  13  3 1 1 1
     2856  3  13  4 1 1 1
     2857  3  13  5 1 1 1
     2858  3  13  6 1 1 1
     2859  3  13  7 1 1 1
     2860  3  13  8 1 1 1
     2861  3  13  9 1 1 1
     2862  3  13  10 1 1 1
     2863  3  13  11 1 1 1
     2864  3  13  12 1 1 1
     2865  3  13  13 1 1 1
     2866  3  13  14 1 1 1
     2867  3  13  15 1 1 1
     2868  3  13  16 1 1 1
     2869  3  13  17 1 1 1
     2870  3  13  18 1 1 1
     2871  3  13  19 1 1 1
     2872  3  13  20 1 1 1
     2873  3  13  21 1 1 1
     2874  3  13  22 1 1 1
     2875  3  13  23 1 1 1
     2876  3  13  24 1 1 1
     2877  3  13  25 1 1 1
     2878  3  13  26 1 1 1
     2879  3  13  27 1 1 1
     2880  3  13  28 1 1 1
     2881  3  13  29 1 1 1
     2882  3  13  30 1 1 1
     2883  3  13  31 1 1 1
     2884  3  14  1 1 1 1
     2885  3  14  2 1 1 1
     2886  3  14  3 1 1 1
     2887  3  14  4 1 1 1
     2888  3  14  5 1 1 1
     2889  3  14  6 1 1 1
     2890  3  14  7 1 1 1
     2891  3  14  8 1 1 1
     2892  3  14  9 1 1 1
     2893  3  14  10 1 1 1
     2894  3  14  11 1 1 1
     2895  3  14  12 1 1 1
     2896  3  14  13 1 1 1
     2897  3  14  14 1 1 1
     2898  3  14  15 1 1 1
     2899  3  14  16 1 1 1
     2900  3  14  17 1 1 1
     2901  3  14  18 1 1 1
     2902  3  14  19 1 1 1
     2903  3  14  20 1 1 1
     2904  3  14  21 1 1 1
     2905  3  14  22 1 1 1
     2906  3  14  23 1 1 1
     2907  3  14  24 1 1 1
     2908  3  14  25 1 1 1
     2909  3  14  26 1 1 1
     2910  3  14  27 1 1 1
     2911  3  14  28 1 1 1
     2912  3  14  29 1 1 1
     2913  3  14  30 1 1 1
     2914  3  14  31 1 1 1
     2915  3  15  1 1 1 1
     2916  3  15  2 1 1 1
     2917  3  15  3 1 1 1
     2918  3  15  4 1 1 1
     2919  3  15  5 1 1 1
     2920  3  15  6 1 1 1
     2921  3  15  7 1 1 1
     2922  3  15  8 1 1 1
     2923  3  15  9 1 1 1
     2924  3  15  10 1 1 1
     2925  3  15  11 1 1 1
     2926  3  15  12 1 1 1
     2927  3  15  13 1 1 1
     2928  3  15  14 1 1 1
     2929  3  15  15 1 1 1
     2930  3  15  16 1 1 1
     2931  3  15  17 1 1 1
     2932  3  15  18 1 1 1
     2933  3  15  19 1 1 1
     2934  3  15  20 1 1 1
     2935  3  15  21 1 1 1
     2936  3  15  22 1 1 1
     2937  3  15  23 1 1 1
     2938  3  15  24 1 1 1
     2939  3  15  25 1 1 1
     2940  3  15  26 1 1 1
     2941  3  15  27 1 1 1
     2942  3  15  28 1 1 1
     2943  3  15  29 1 1 1
     2944  3  15  30 1 1 1
     2945  3  15  31 1 1 1
     2946  3  16  1 1 1 1
     2947  3  16  2 1 1 1
     2948  3  16  3 1 1 1
     2949  3  16  4 1 1 1
     2950  3  16  5 1 1 1
     2951  3  16  6 1 1 1
     2952  3  16  7 1 1 1
     2953  3  16  8 1 1 1
     2954  3  16  9 1 1 1
     2955  3  16  10 1 1 1
     2956  3  16  11 1 1 1
     2957  3  16  12 1 1 1
     2958  3  16  13 1 1 1
     2959  3  16  14 1 1 1
     2960  3  16  15 1 1 1
     2961  3  16  16 1 1 1
     2962  3  16  17 1 1 1
     2963  3  16  18 1 1 1
     2964  3  16  19 1 1 1
     2965  3  16  20 1 1 1
     2966  3  16  21 1 1 1
     2967  3  16  22 1 1 1
     2968  3  16  23 1 1 1
     2969  3  16  24 1 1 1
     2970  3  16  25 1 1 1
     2971  3  16  26 1 1 1
     2972  3  16  27 1 1 1
     2973  3  16  28 1 1 1
     2974  3  16  29 1 1 1
     2975  3  16  30 1 1 1
     2976  3  16  31 1 1 1
     2977  3  17  1 1 1 1
     2978  3  17  2 1 1 1
     2979  3  17  3 1 1 1
     2980  3  17  4 1 1 1
     2981  3  17  5 1 1 1
     2982  3  17  6 1 1 1
     2983  3  17  7 1 1 1
     2984  3  17  8 1 1 1
     2985  3  17  9 1 1 1
     2986  3  17  10 1 1 1
     2987  3  17  11 1 1 1
     2988  3  17  12 1 1 1
     2989  3  17  13 1 1 1
     2990  3  17  14 1 1 1
     2991  3  17  15 1 1 1
     2992  3  17  16 1 1 1
     2993  3  17  17 1 1 1
     2994  3  17  18 1 1 1
     2995  3  17  19 1 1 1
     2996  3  17  20 1 1 1
     2997  3  17  21 1 1 1
     2998  3  17  22 1 1 1
     2999  3  17  23 1 1 1
     3000  3  17  24 1 1 1
     3001  3  17  25 1 1 1
     3002  3  17  26 1 1 1
     3003  3  17  27 1 1 1
     3004  3  17  28 1 1 1
     3005  3  17  29 1 1 1
     3006  3  17  30 1 1 1
     3007  3  17  31 1 1 1
     3008  3  18  1 1 1 1
     3009  3  18  2 1 1 1
     3010  3  18  3 1 1 1
     3011  3  18  4 1 1 1
     3012  3  18  5 1 1 1
     3013  3  18  6 1 1 1
     3014  3  18  7 1 1 1
     3015  3  18  8 1 1 1
     3016  3  18  9 1 1 1
     3017  3  18  10 1 1 1
     3018  3  18  11 1 1 1
     3019  3  18  12 1 1 1
     3020  3  18  13 1 1 1
     3021  3  18  14 1 1 1
     3022  3  18  15 1 1 1
     3023  3  18  16 1 1 1
     3024  3  18  17 1 1 1
     3025  3  18  18 1 1 1
     3026  3  18  19 1 1 1
     3027  3  18  20 1 1 1
     3028  3  18  21 1 1 1
     3029  3  18  22 1 1 1
     3030  3  18  23 1 1 1
     3031  3  18  24 1 1 1
     3032  3  18  25 1 1 1
     3033  3  18  26 1 1 1
     3034  3  18  27 1 1 1
     3035  3  18  28 1 1 1
     3036  3  18  29 1 1 1
     3037  3  18  30 1 1 1
     3038  3  18  31 1 1 1
     3039  3  19  1 1 1 1
     3040  3  19  2 1 1 1
     3041  3  19  3 1 1 1
     3042  3  19  4 1 1 1
     3043  3  19  5 1 1 1
     3044  3  19  6 1 1 1
     3045  3  19  7 1 1 1
     3046  3  19  8 1 1 1
     3047  3  19  9 1 1 1
     3048  3  19  10 1 1 1
     3049  3  19  11 1 1 1
     3050  3  19  12 1 1 1
     3051  3  19  13 1 1 1
     3052  3  19  14 1 1 1
     3053  3  19  15 1 1 1
     3054  3  19  16 1 1 1
     3055  3  19  17 1 1 1
     3056  3  19  18 1 1 1
     3057  3  19  19 1 1 1
     3058  3  19  20 1 1 1
     3059  3  19  21 1 1 1
     3060  3  19  22 1 1 1
     3061  3  19  23 1 1 1
     3062  3  19  24 1 1 1
     3063  3  19  25 1 1 1
     3064  3  19  26 1 1 1
     3065  3  19  27 1 1 1
     3066  3  19  28 1 1 1
     3067  3  19  29 1 1 1
     3068  3  19  30 1 1 1
     3069  3  19  31 1 1 1
     3070  3  20  1 1 1 1
     3071  3  20  2 1 1 1
     3072  3  20  3 1 1 1
     3073  3  20  4 1 1 1
     3074  3  20  5 1 1 1
     3075  3  20  6 1 1 1
     3076  3  20  7 1 1 1
     3077  3  20  8 1 1 1
     3078  3  20  9 1 1 1
     3079  3  20  10 1 1 1
     3080  3  20  11 1 1 1
     3081  3  20  12 1 1 1
     3082  3  20  13 1 1 1
     3083  3  20  14 1 1 1
     3084  3  20  15 1 1 1
     3085  3  20  16 1 1 1
     3086  3  20  17 1 1 1
     3087  3  20  18 1 1 1
     3088  3  20  19 1 1 1
     3089  3  20  20 1 1 1
     3090  3  20  21 1 1 1
     3091  3  20  22 1 1 1
     3092  3  20  23 1 1 1
     3093  3  20  24 1 1 1
     3094  3  20  25 1 1 1
     3095  3  20  26 1 1 1
     3096  3  20  27 1 1 1
     3097  3  20  28 1 1 1
     3098  3  20  29 1 1 1
     3099  3  20  30 1 1 1
     3100  3  20  31 1 1 1
     3101  3  21  1 1 1 1
     3102  3  21  2 1 1 1
     3103  3  21  3 1 1 1
     3104  3  21  4 1 1 1
     3105  3  21  5 1 1 1
     3106  3  21  6 1 1 1
     3107  3  21  7 1 1 1
     3108  3  21  8 1 1 1
     3109  3  21  9 1 1 1
     3110  3  21  10 1 1 1
     3111  3  21  11 1 1 1
     3112  3  21  12 1 1 1
     3113  3  21  13 1 1 1
     3114  3  21  14 1 1 1
     3115  3  21  15 1 1 1
     3116  3  21  16 1 1 1
     3117  3  21  17 1 1 1
     3118  3  21  18 1 1 1
     3119  3  21  19 1 1 1
     3120  3  21  20 1 1 1
     3121  3  21  21 1 1 1
     3122  3  21  22 1 1 1
     3123  3  21  23 1 1 1
     3124  3  21  24 1 1 1
     3125  3  21  25 1 1 1
     3126  3  21  26 1 1 1
     3127  3  21  27 1 1 1
     3128  3  21  28 1 1 1
     3129  3  21  29 1 1 1
     3130  3  21  30 1 1 1
     3131  3  21  31 1 1 1
     3132  3  22  1 1 1 1
     3133  3  22  2 1 1 1
     3134  3  22  3 1 1 1
     3135  3  22  4 1 1 1
     3136  3  22  5 1 1 1
     3137  3  22  6 1 1 1
     3138  3  22  7 1 1 1
     3139  3  22  8 1 1 1
     3140  3  22  9 1 1 1
     3141  3  22  10 1 1 1
     3142  3  22  11 1 1 1
     3143  3  22  12 1 1 1
     3144  3  22  13 1 1 1
     3145  3  22  14 1 1 1
     3146  3  22  15 1 1 1
     3147  3  22  16 1 1 1
     3148  3  22  17 1 1 1
     3149  3  22  18 1 1 1
     3150  3  22  19 1 1 1
     3151  3  22  20 1 1 1
     3152  3  22  21 1 1 1
     3153  3  22  22 1 1 1
     3154  3  22  23 1 1 1
     3155  3  22  24 1 1 1
     3156  3  22  25 1 1 1
     3157  3  22  26 1 1 1
     3158  3  22  27 1 1 1
     3159  3  22  28 1 1 1
     3160  3  22  29 1 1 1
     3161  3  22  30 1 1 1
     3162  3  22  31 1 1 1
     3163  3  23  1 1 1 1
     3164  3  23  2 1 1 1
     3165  3  23  3 1 1 1
     3166  3  23  4 1 1 1
     3167  3  23  5 1 1 1
     3168  3  23  6 1 1 1
     3169  3  23  7 1 1 1
     3170  3  23  8 1 1 1
     3171  3  23  9 1 1 1
     3172  3  23  10 1 1 1
     3173  3  23  11 1 1 1
     3174  3  23  12 1 1 1
     3175  3  23  13 1 1 1
     3176  3  23  14 1 1 1
     3177  3  23  15 1 1 1
     3178  3  23  16 1 1 1
     3179  3  23  17 1 1 1
     3180  3  23  18 1 1 1
     3181  3  23  19 1 1 1
     3182  3  23  20 1 1 1
     3183  3  23  21 1 1 1
     3184  3  23  22 1 1 1
     3185  3  23  23 1 1 1
     3186  3  23  24 1 1 1
     3187  3  23  25 1 1 1
     3188  3  23  26 1 1 1
     3189  3  23  27 1 1 1
     3190  3  23  28 1 1 1
     3191  3  23  29 1 1 1
     3192  3  23  30 1 1 1
     3193  3  23  31 1 1 1
     3194  3  24  1 1 1 1
     3195  3  24  2 1 1 1
     3196  3  24  3 1 1 1
     3197  3  24  4 1 1 1
     3198  3  24  5 1 1 1
     3199  3  24  6 1 1 1
     3200  3  24  7 1 1 1
     3201  3  24  8 1 1 1
     3202  3  24  9 1 1 1
     3203  3  24  10 1 1 1
     3204  3  24  11 1 1 1
     3205  3  24  12 1 1 1
     3206  3  24  13 1 1 1
     3207  3  24  14 1 1 1
     3208  3  24  15 1 1 1
     3209  3  24  16 1 1 1
     3210  3  24  17 1 1 1
     3211  3  24  18 1 1 1
     3212  3  24  19 1 1 1
     3213  3  24  20 1 1 1
     3214  3  24  21 1 1 1
     3215  3  24  22 1 1 1
     3216  3  24  23 1 1 1
     3217  3  24  24 1 1 1
     3218  3  24  25 1 1 1
     3219  3  24  26 1 1 1
     3220  3  24  27 1 1 1
     3221  3  24  28 1 1 1
     3222  3  24  29 1 1 1
     3223  3  24  30 1 1 1
     3224  3  24  31 1 1 1
     3225  3  25  1 1 1 1
     3226  3  25  2 1 1 1
     3227  3  25  3 1 1 1
     3228  3  25  4 1 1 1
     3229  3  25  5 1 1 1
     3230  3  25  6 1 1 1
     3231  3  25  7 1 1 1
     3232  3  25  8 1 1 1
     3233  3  25  9 1 1 1
     3234  3  25  10 1 1 1
     3235  3  25  11 1 1 1
     3236  3  25  12 1 1 1
     3237  3  25  13 1 1 1
     3238  3  25  14 1 1 1
     3239  3  25  15 1 1 1
     3240  3  25  16 1 1 1
     3241  3  25  17 1 1 1
     3242  3  25  18 1 1 1
     3243  3  25  19 1 1 1
     3244  3  25  20 1 1 1
     3245  3  25  21 1 1 1
     3246  3  25  22 1 1 1
     3247  3  25  23 1 1 1
     3248  3  25  24 1 1 1
     3249  3  25  25 1 1 1
     3250  3  25  26 1 1 1
     3251  3  25  27 1 1 1
     3252  3  25  28 1 1 1
     3253  3  25  29 1 1 1
     3254  3  25  30 1 1 1
     3255  3  25  31 1 1 1
     3256  3  26  1 1 1 1
     3257  3  26  2 1 1 1
     3258  3  26  3 1 1 1
     3259  3  26  4 1 1 1
     3260  3  26  5 1 1 1
     3261  3  26  6 1 1 1
     3262  3  26  7 1 1 1
     3263  3  26  8 1 1 1
     3264  3  26  9 1 1 1
     3265  3  26  10 1 1 1
     3266  3  26  11 1 1 1
     3267  3  26  12 1 1 1
     3268  3  26  13 1 1 1
     3269  3  26  14 1 1 1
     3270  3  26  15 1 1 1
     3271  3  26  16 1 1 1
     3272  3  26  17 1 1 1
     3273  3  26  18 1 1 1
     3274  3  26  19 1 1 1
     3275  3  26  20 1 1 1
     3276  3  26  21 1 1 1
     3277  3  26  22 1 1 1
     3278  3  26  23 1 1 1
     3279  3  26  24 1 1 1
     3280  3  26  25 1 1 1
     3281  3  26  26 1 1 1
     3282  3  26  27 1 1 1
     3283  3  26  28 1 1 1
     3284  3  26  29 1 1 1
     3285  3  26  30 1 1 1
     3286  3  26  31 1 1 1
     3287  3  27  1 1 1 1
     3288  3  27  2 1 1 1
     3289  3  27  3 1 1 1
     3290  3  27  4 1 1 1
     3291  3  27  5 1 1 1
     3292  3  27  6 1 1 1
     3293  3  27  7 1 1 1
     3294  3  27  8 1 1 1
     3295  3  27  9 1 1 1
     3296  3  27  10 1 1 1
     3297  3  27  11 1 1 1
     3298  3  27  12 1 1 1
     3299  3  27  13 1 1 1
     3300  3  27  14 1 1 1
     3301  3  27  15 1 1 1
     3302  3  27  16 1 1 1
     3303  3  27  17 1 1 1
     3304  3  27  18 1 1 1
     3305  3  27  19 1 1 1
     3306  3  27  20 1 1 1
     3307  3  27  21 1 1 1
     3308  3  27  22 1 1 1
     3309  3  27  23 1 1 1
     3310  3  27  24 1 1 1
     3311  3  27  25 1 1 1
     3312  3  27  26 1 1 1
     3313  3  27  27 1 1 1
     3314  3  27  28 1 1 1
     3315  3  27  29 1 1 1
     3316  3  27  30 1 1 1
     3317  3  27  31 1 1 1
     3318  3  28  1 1 1 1
     3319  3  28  2 1 1 1
     3320  3  28  3 1 1 1
     3321  3  28  4 1 1 1
     3322  3  28  5 1 1 1
     3323  3  28  6 1 1 1
     3324  3  28  7 1 1 1
     3325  3  28  8 1 1 1
     3326  3  28  9 1 1 1
     3327  3  28  10 1 1 1
     3328  3  28  11 1 1 1
     3329  3  28  12 1 1 1
     3330  3  28  13 1 1 1
     3331  3  28  14 1 1 1
     3332  3  28  15 1 1 1
     3333  3  28  16 1 1 1
     3334  3  28  17 1 1 1
     3335  3  28  18 1 1 1
     3336  3  28  19 1 1 1
     3337  3  28  20 1 1 1
     3338  3  28  21 1 1 1
     3339  3  28  22 1 1 1
     3340  3  28  23 1 1 1
     3341  3  28  24 1 1 1
     3342  3  28  25 1 1 1
     3343  3  28  26 1 1 1
     3344  3  28  27 1 1 1
     3345  3  28  28 1 1 1
     3346  3  28  29 1 1 1
     3347  3  28  30 1 1 1
     3348  3  28  31 1 1 1
     3349  3  29  1 1 1 1
     3350  3  29  2 1 1 1
     3351  3  29  3 1 1 1
     3352  3  29  4 1 1 1
     3353  3  29  5 1 1 1
     3354  3  29  6 1 1 1
     3355  3  29  7 1 1 1
     3356  3  29  8 1 1 1
     3357  3  29  9 1 1 1
     3358  3  29  10 1 1 1
     3359  3  29  11 1 1 1
     3360  3  29  12 1 1 1
     3361  3  29  13 1 1 1
     3362  3  29  14 1 1 1
     3363  3  29  15 1 1 1
     3364  3  29  16 1 1 1
     3365  3  29  17 1 1 1
     3366  3  29  18 1 1 1
     3367  3  29  19 1 1 1
     3368  3  29  20 1 1 1
     3369  3  29  21 1 1 1
     3370  3  29  22 1 1 1
     3371  3  29  23 1 1 1
     3372  3  29  24 1 1 1
     3373  3  29  25 1 1 1
     3374  3  29  26 1 1 1
     3375  3  29  27 1 1 1
     3376  3  29  28 1 1 1
     3377  3  29  29 1 1 1
     3378  3  29  30 1 1 1
     3379  3  29  31 1 1 1
     3380  3  30  1 1 1 1
     3381  3  30  2 1 1 1
     3382  3  30  3 1 1 1
     3383  3  30  4 1 1 1
     3384  3  30  5 1 1 1
     3385  3  30  6 1 1 1
     3386  3  30  7 1 1 1
     3387  3  30  8 1 1 1
     3388  3  30  9 1 1 1
     3389  3  30  10 1 1 1
     3390  3  30  11 1 1 1
     3391  3  30  12 1 1 1
     3392  3  30  13 1 1 1
     3393  3  30  14 1 1 1
     3394  3  30  15 1 1 1
     3395  3  30  16 1 1 1
     3396  3  30  17 1 1 1
     3397  3  30  18 1 1 1
     3398  3  30  19 1 1 1
     3399  3  30  20 1 1 1
     3400  3  30  21 1 1 1
     3401  3  30  22 1 1 1
     3402  3  30  23 1 1 1
     3403  3  30  24 1 1 1
     3404  3  30  25 1 1 1
     3405  3  30  26 1 1 1
     3406  3  30  27 1 1 1
     3407  3  30  28 1 1 1
     3408  3  30  29 1 1 1
     3409  3  30  30 1 1 1
     3410  3  30  31 1 1 1
     3411  3  31  1 1 1 1
     3412  3  31  2 1 1 1
     3413  3  31  3 1 1 1
     3414  3  31  4 1 1 1
     3415  3  31  5 1 1 1
     3416  3  31  6 1 1 1
     3417  3  31  7 1 1 1
     3418  3  31  8 1 1 1
     3419  3  31  9 1 1 1
     3420  3  31  10 1 1 1
     3421  3  31  11 1 1 1
     3422  3  31  12 1 1 1
     3423  3  31  13 1 1 1
     3424  3  31  14 1 1 1
     3425  3  31  15 1 1 1
     3426  3  31  16 1 1 1
     3427  3  31  17 1 1 1
     3428  3  31  18 1 1 1
     3429  3  31  19 1 1 1
     3430  3  31  20 1 1 1
     3431  3  31  21 1 1 1
     3432  3  31  22 1 1 1
     3433  3  31  23 1 1 1
     3434  3  31  24 1 1 1
     3435  3  31  25 1 1 1
     3436  3  31  26 1 1 1
     3437  3  31  27 1 1 1
     3438  3  31  28 1 1 1
     3439  3  31  29 1 1 1
     3440  3  31  30 1 1 1
     3441  3  31  31 1 1 1
     3442  3  32  1 1 1 1
     3443  3  32  2 1 1 1
     3444  3  32  3 1 1 1
     3445  3  32  4 1 1 1
     3446  3  32  5 1 1 1
     3447  3  32  6 1 1 1
     3448  3  32  7 1 1 1
     3449  3  32  8 1 1 1
     3450  3  32  9 1 1 1
     3451  3  32  10 1 1 1
     3452  3  32  11 1 1 1
     3453  3  32  12 1 1 1
     3454  3  32  13 1 1 1
     3455  3  32  14 1 1 1
     3456  3  32  15 1 1 1
     3457  3  32  16 1 1 1
     3458  3  32  17 1 1 1
     3459  3  32  18 1 1 1
     3460  3  32  19 1 1 1
     3461  3  32  20 1 1 1
     3462  3  32  21 1 1 1
     3463  3  32  22 1 1 1
     3464  3  32  23 1 1 1
     3465  3  32  24 1 1 1
     3466  3  32  25 1 1 1
     3467  3  32  26 1 1 1
     3468  3  32  27 1 1 1
     3469  3  32  28 1 1 1
     3470  3  32  29 1 1 1
     3471  3  32  30 1 1 1
     3472  3  32  31 1 1 1
     3473  3  33  1 1 1 1
     3474  3  33  2 1 1 1
     3475  3  33  3 1 1 1
     3476  3  33  4 1 1 1
     3477  3  33  5 1 1 1
     3478  3  33  6 1 1 1
     3479  3  33  7 1 1 1
     3480  3  33  8 1 1 1
     3481  3  33  9 1 1 1
     3482  3  33  10 1 1 1
     3483  3  33  11 1 1 1
     3484  3  33  12 1 1 1
     3485  3  33  13 1 1 1
     3486  3  33  14 1 1 1
     3487  3  33  15 1 1 1
     3488  3  33  16 1 1 1
     3489  3  33  17 1 1 1
     3490  3  33  18 1 1 1
     3491  3  33  19 1 1 1
     3492  3  33  20 1 1 1
     3493  3  33  21 1 1 1
     3494  3  33  22 1 1 1
     3495  3  33  23 1 1 1
     3496  3  33  24 1 1 1
     3497  3  33  25 1 1 1
     3498  3  33  26 1 1 1
     3499  3  33  27 1 1 1
     3500  3  33  28 1 1 1
     3501  3  33  29 1 1 1
     3502  3  33  30 1 1 1
     3503  3  33  31 1 1 1
     3504  3  34  1 1 1 1
     3505  3  34  2 1 1 1
     3506  3  34  3 1 1 1
     3507  3  34  4 1 1 1
     3508  3  34  5 1 1 1
     3509  3  34  6 1 1 1
     3510  3  34  7 1 1 1
     3511  3  34  8 1 1 1
     3512  3  34  9 1 1 1
     3513  3  34  10 1 1 1
     3514  3  34  11 1 1 1
     3515  3  34  12 1 1 1
     3516  3  34  13 1 1 1
     3517  3  34  14 1 1 1
     3518  3  34  15 1 1 1
     3519  3  34  16 1 1 1
     3520  3  34  17 1 1 1
     3521  3  34  18 1 1 1
     3522  3  34  19 1 1 1
     3523  3  34  20 1 1 1
     3524  3  34  21 1 1 1
     3525  3  34  22 1 1 1
     3526  3  34  23 1 1 1
     3527  3  34  24 1 1 1
     3528  3  34  25 1 1 1
     3529  3  34  26 1 1 1
     3530  3  34  27 1 1 1
     3531  3  34  28 1 1 1
     3532  3  34  29 1 1 1
     3533  3  34  30 1 1 1
     3534  3  34  31 1 1 1
     3535  3  35  1 1 1 1
     3536  3  35  2 1 1 1
     3537  3  35  3 1 1 1
     3538  3  35  4 1 1 1
     3539  3  35  5 1 1 1
     3540  3  35  6 1 1 1
     3541  3  35  7 1 1 1
     3542  3  35  8 1 1 1
     3543  3  35  9 1 1 1
     3544  3  35  10 1 1 1
     3545  3  35  11 1 1 1
     3546  3  35  12 1 1 1
     3547  3  35  13 1 1 1
     3548  3  35  14 1 1 1
     3549  3  35  15 1 1 1
     3550  3  35  16 1 1 1
     3551  3  35  17 1 1 1
     3552  3  35  18 1 1 1
     3553  3  35  19 1 1 1
     3554  3  35  20 1 1 1
     3555  3  35  21 1 1 1
     3556  3  35  22 1 1 1
     3557  3  35  23 1 1 1
     3558  3  35  24 1 1 1
     3559  3  35  25 1 1 1
     3560  3  35  26 1 1 1
     3561  3  35  27 1 1 1
     3562  3  35  28 1 1 1
     3563  3  35  29 1 1 1
     3564  3  35  30 1 1 1
     3565  3  35  31 1 1 1
     3566  3  36  1 1 1 1
     3567  3  36  2 1 1 1
     3568  3  36  3 1 1 1
     3569  3  36  4 1 1 1
     3570  3  36  5 1 1 1
     3571  3  36  6 1 1 1
     3572  3  36  7 1 1 1
     3573  3  36  8 1 1 1
     3574  3  36  9 1 1 1
     3575  3  36  10 1 1 1
     3576  3  36  11 1 1 1
     3577  3  36  12 1 1 1
     3578  3  36  13 1 1 1
     3579  3  36  14 1 1 1
     3580  3  36  15 1 1 1
     3581  3  36  16 1 1 1
     3582  3  36  17 1 1 1
     3583  3  36  18 1 1 1
     3584  3  36  19 1 1 1
     3585  3  36  20 1 1 1
     3586  3  36  21 1 1 1
     3587  3  36  22 1 1 1
     3588  3  36  23 1 1 1
     3589  3  36  24 1 1 1
     3590  3  36  25 1 1 1
     3591  3  36  26 1 1 1
     3592  3  36  27 1 1 1
     3593  3  36  28 1 1 1
     3594  3  36  29 1 1 1
     3595  3  36  30 1 1 1
     3596  3  36  31 1 1 1
     3597  3  37  1 1 1 1
     3598  3  37  2 1 1 1
     3599  3  37  3 1 1 1
     3600  3  37  4 1 1 1
     3601  3  37  5 1 1 1
     3602  3  37  6 1 1 1
     3603  3  37  7 1 1 1
     3604  3  37  8 1 1 1
     3605  3  37  9 1 1 1
     3606  3  37  10 1 1 1
     3607  3  37  11 1 1 1
     3608  3  37  12 1 1 1
     3609  3  37  13 1 1 1
     3610  3  37  14 1 1 1
     3611  3  37  15 1 1 1
     3612  3  37  16 1 1 1
     3613  3  37  17 1 1 1
     3614  3  37  18 1 1 1
     3615  3  37  19 1 1 1
     3616  3  37  20 1 1 1
     3617  3  37  21 1 1 1
     3618  3  37  22 1 1 1
     3619  3  37  23 1 1 1
     3620  3  37  24 1 1 1
     3621  3  37  25 1 1 1
     3622  3  37  26 1 1 1
     3623  3  37  27 1 1 1
     3624  3  37  28 1 1 1
     3625  3  37  29 1 1 1
     3626  3  37  30 1 1 1
     3627  3  37  31 1 1 1
     3628  3  38  1 1 1 1
     3629  3  38  2 1 1 1
     3630  3  38  3 1 1 1
     3631  3  38  4 1 1 1
     3632  3  38  5 1 1 1
     3633  3  38  6 1 1 1
     3634  3  38  7 1 1 1
     3635  3  38  8 1 1 1
     3636  3  38  9 1 1 1
     3637  3  38  10 1 1 1
     3638  3  38  11 1 1 1
     3639  3  38  12 1 1 1
     3640  3  38  13 1 1 1
     3641  3  38  14 1 1 1
     3642  3  38  15 1 1 1
     3643  3  38  16 1 1 1
     3644  3  38  17 1 1 1
     3645  3  38  18 1 1 1
     3646  3  38  19 1 1 1
     3647  3  38  20 1 1 1
     3648  3  38  21 1 1 1
     3649  3  38  22 1 1 1
     3650  3  38  23 1 1 1
     3651  3  38  24 1 1 1
     3652  3  38  25 1 1 1
     3653  3  38  26 1 1 1
     3654  3  38  27 1 1 1
     3655  3  38  28 1 1 1
     3656  3  38  29 1 1 1
     3657  3  38  30 1 1 1
     3658  3  38  31 1 1 1
     3659  3  39  1 1 1 1
     3660  3  39  2 1 1 1
     3661  3  39  3 1 1 1
     3662  3  39  4 1 1 1
     3663  3  39  5 1 1 1
     3664  3  39  6 1 1 1
     3665  3  39  7 1 1 1
     3666  3  39  8 1 1 1
     3667  3  39  9 1 1 1
     3668  3  39  10 1 1 1
     3669  3  39  11 1 1 1
     3670  3  39  12 1 1 1
     3671  3  39  13 1 1 1
     3672  3  39  14 1 1 1
     3673  3  39  15 1 1 1
     3674  3  39  16 1 1 1
     3675  3  39  17 1 1 1
     3676  3  39  18 1 1 1
     3677  3  39  19 1 1 1
     3678  3  39  20 1 1 1
     3679  3  39  21 1 1 1
     3680  3  39  22 1 1 1
     3681  3  39  23 1 1 1
     3682  3  39  24 1 1 1
     3683  3  39  25 1 1 1
     3684  3  39  26 1 1 1
     3685  3  39  27 1 1 1
     3686  3  39  28 1 1 1
     3687  3  39  29 1 1 1
     3688  3  39  30 1 1 1
     3689  3  39  31 1 1 1
     3690  3  40  1 1 1 1
     3691  3  40  2 1 1 1
     3692  3  40  3 1 1 1
     3693  3  40  4 1 1 1
     3694  3  40  5 1 1 1
     3695  3  40  6 1 1 1
     3696  3  40  7 1 1 1
     3697  3  40  8 1 1 1
     3698  3  40  9 1 1 1
     3699  3  40  10 1 1 1
     3700  3  40  11 1 1 1
     3701  3  40  12 1 1 1
     3702  3  40  13 1 1 1
     3703  3  40  14 1 1 1
     3704  3  40  15 1 1 1
     3705  3  40  16 1 1 1
     3706  3  40  17 1 1 1
     3707  3  40  18 1 1 1
     3708  3  40  19 1 1 1
     3709  3  40  20 1 1 1
     3710  3  40  21 1 1 1
     3711  3  40  22 1 1 1
     3712  3  40  23 1 1 1
     3713  3  40  24 1 1 1
     3714  3  40  25 1 1 1
     3715  3  40  26 1 1 1
     3716  3  40  27 1 1 1
     3717  3  40  28 1 1 1
     3718  3  40  29 1 1 1
     3719  3  40  30 1 1 1
     3720  3  40  31 1 1 1