>GEOMETRY   rect_prism; AX,AY,AZ= 0.7740 0.7740 0.7740
     3800 = NAT 
  1.000000  0.000000  0.000000 = A_1 vector
  0.000000  1.000000  0.000000 = A_2 vector
  1.000000  1.000000  1.000000 = lattice spacings (d_x,d_y,d_z)/d
 -0.18850 -0.02070 -0.09975 = lattice offset x0(1-3) = (x_TF, y_TF, z_TF)/d for dipole 0 0 0
     JA  IX  IY  IZ ICOMP(x,y,z)
     1  1  1  1 1 1 1
     2  1  1  2 1 1 1
     3  1  1  3 1 1 1
     4  1  1  4 1 1 1
     5  1  1  5 1 1 1
     6  1  1  6 1 1 1
     7  1  1  7 1 1 1
     8  1  1  8 1 1 1
     9  1  1  9 1 1 1
     10  1  1  10 1 1 1
     11  1  1  11 1 1 1
     12  1  1  12 1 1 1
     13  1  1  13 1 1 1
     14  1  1  14 1 1 1
     15  1  1  15 1 1 1
     16  1  1  16 1 1 1
     17  1  1  17 1 1 1
     18  1  1  18 1 1 1
     19  1  1  19 1 1 1
     20  1  1  20 1 1 1
     21  1  2  1 1 1 1
     22  1  2  2 1 1 1
     23  1  2  3 1 1 1
     24  1  2  4 1 1 1
     25  1  2  5 1 1 1
     26  1  2  6 1 1 1
     27  1  2  7 1 1 1
     28  1  2  8 1 1 1
     29  1  2  9 1 1 1
     30  1  2  10 1 1 1
     31  1  2  11 1 1 1
     32  1  2  12 1 1 1
     33  1  2  13 1 1 1
     34  1  2  14 1 1 1
     35  1  2  15 1 1 1
     36  1  2  16 1 1 1
     37  1  2  17 1 1 1
     38  1  2  18 1 1 1
     39  1  2  19 1 1 1
     40  1  2  20 1 1 1
     41  1  3  1 1 1 1
     42  1  3  2 1 1 1
     43  1  3  3 1 1 1
     44  1  3  4 1 1 1
     45  1  3  5 1 1 1
     46  1  3  6 1 1 1
     47  1  3  7 1 1 1
     48  1  3  8 1 1 1
     49  1  3  9 1 1 1
     50  1  3  10 1 1 1
     51  1  3  11 1 1 1
     52  1  3  12 1 1 1
     53  1  3  13 1 1 1
     54  1  3  14 1 1 1
     55  1  3  15 1 1 1
     56  1  3  16 1 1 1
     57  1  3  17 1 1 1
     58  1  3  18 1 1 1
     59  1  3  19 1 1 1
     60  1  3  20 1 1 1
     61  1  4  1 1 1 1
     62  1  4  2 1 1 1
     63  1  4  3 1 1 1
     64  1  4  4 1 1 1
     65  1  4  5 1 1 1
     66  1  4  6 1 1 1
     67  1  4  7 1 1 1
     68  1  4  8 1 1 1
     69  1  4  9 1 1 1
     70  1  4  10 1 1 1
     71  1  4  11 1 1 1
     72  1  4  12 1 1 1
     73  1  4  13 1 1 1
     74  1  4  14 1 1 1
     75  1  4  15 1 1 1
     76  1  4  16 1 1 1
     77  1  4  17 1 1 1
     78  1  4  18 1 1 1
     79  1  4  19 1 1 1
     80  1  4  20 1 1 1
     81  1  5  1 1 1 1
     82  1  5  2 1 1 1
     83  1  5  3 1 1 1
     84  1  5  4 1 1 1
     85  1  5  5 1 1 1
     86  1  5  6 1 1 1
     87  1  5  7 1 1 1
     88  1  5  8 1 1 1
     89  1  5  9 1 1 1
     90  1  5  10 1 1 1
     91  1  5  11 1 1 1
     92  1  5  12 1 1 1
     93  1  5  13 1 1 1
     94  1  5  14 1 1 1
     95  1  5  15 1 1 1
     96  1  5  16 1 1 1
     97  1  5  17 1 1 1
     98  1  5  18 1 1 1
     99  1  5  19 1 1 1
     100  1  5  20 1 1 1
     101  2  1  1 1 1 1
     102  2  1  2 1 1 1
     103  2  1  3 1 1 1
     104  2  1  4 1 1 1
     105  2  1  5 1 1 1
     106  2  1  6 1 1 1
     107  2  1  7 1 1 1
     108  2  1  8 1 1 1
     109  2  1  9 1 1 1
     110  2  1  10 1 1 1
     111  2  1  11 1 1 1
     112  2  1  12 1 1 1
     113  2  1  13 1 1 1
     114  2  1  14 1 1 1
     115  2  1  15 1 1 1
     116  2  1  16 1 1 1
     117  2  1  17 1 1 1
     118  2  1  18 1 1 1
     119  2  1  19 1 1 1
     120  2  1  20 1 1 1
     121  2  2  1 1 1 1
     122  2  2  2 1 1 1
     123  2  2  3 1 1 1
     124  2  2  4 1 1 1
     125  2  2  5 1 1 1
     126  2  2  6 1 1 1
     127  2  2  7 1 1 1
     128  2  2  8 1 1 1
     129  2  2  9 1 1 1
     130  2  2  10 1 1 1
     131  2  2  11 1 1 1
     132  2  2  12 1 1 1
     133  2  2  13 1 1 1
     134  2  2  14 1 1 1
     135  2  2  15 1 1 1
     136  2  2  16 1 1 1
     137  2  2  17 1 1 1
     138  2  2  18 1 1 1
     139  2  2  19 1 1 1
     140  2  2  20 1 1 1
     141  2  3  1 1 1 1
     142  2  3  2 1 1 1
     143  2  3  3 1 1 1
     144  2  3  4 1 1 1
     145  2  3  5 1 1 1
     146  2  3  6 1 1 1
     147  2  3  7 1 1 1
     148  2  3  8 1 1 1
     149  2  3  9 1 1 1
     150  2  3  10 1 1 1
     151  2  3  11 1 1 1
     152  2  3  12 1 1 1
     153  2  3  13 1 1 1
     154  2  3  14 1 1 1
     155  2  3  15 1 1 1
     156  2  3  16 1 1 1
     157  2  3  17 1 1 1
     158  2  3  18 1 1 1
     159  2  3  19 1 1 1
     160  2  3  20 1 1 1
     161  2  4  1 1 1 1
     162  2  4  2 1 1 1
     163  2  4  3 1 1 1
     164  2  4  4 1 1 1
     165  2  4  5 1 1 1
     166  2  4  6 1 1 1
     167  2  4  7 1 1 1
     168  2  4  8 1 1 1
     169  2  4  9 1 1 1
     170  2  4  10 1 1 1
     171  2  4  11 1 1 1
     172  2  4  12 1 1 1
     173  2  4  13 1 1 1
     174  2  4  14 1 1 1
     175  2  4  15 1 1 1
     176  2  4  16 1 1 1
     177  2  4  17 1 1 1
     178  2  4  18 1 1 1
     179  2  4  19 1 1 1
     180  2  4  20 1 1 1
     181  2  5  1 1 1 1
     182  2  5  2 1 1 1
     183  2  5  3 1 1 1
     184  2  5  4 1 1 1
     185  2  5  5 1 1 1
     186  2  5  6 1 1 1
     187  2  5  7 1 1 1
     188  2  5  8 1 1 1
     189  2  5  9 1 1 1
     190  2  5  10 1 1 1
     191  2  5  11 1 1 1
     192  2  5  12 1 1 1
     193  2  5  13 1 1 1
     194  2  5  14 1 1 1
     195  2  5  15 1 1 1
     196  2  5  16 1 1 1
     197  2  5  17 1 1 1
     198  2  5  18 1 1 1
     199  2  5  19 1 1 1
     200  2  5  20 1 1 1
     201  3  1  1 1 1 1
     202  3  1  2 1 1 1
     203  3  1  3 1 1 1
     204  3  1  4 1 1 1
     205  3  1  5 1 1 1
     206  3  1  6 1 1 1
     207  3  1  7 1 1 1
     208  3  1  8 1 1 1
     209  3  1  9 1 1 1
     210  3  1  10 1 1 1
     211  3  1  11 1 1 1
     212  3  1  12 1 1 1
     213  3  1  13 1 1 1
     214  3  1  14 1 1 1
     215  3  1  15 1 1 1
     216  3  1  16 1 1 1
     217  3  1  17 1 1 1
     218  3  1  18 1 1 1
     219  3  1  19 1 1 1
     220  3  1  20 1 1 1
     221  3  2  1 1 1 1
     222  3  2  2 1 1 1
     223  3  2  3 1 1 1
     224  3  2  4 1 1 1
     225  3  2  5 1 1 1
     226  3  2  6 1 1 1
     227  3  2  7 1 1 1
     228  3  2  8 1 1 1
     229  3  2  9 1 1 1
     230  3  2  10 1 1 1
     231  3  2  11 1 1 1
     232  3  2  12 1 1 1
     233  3  2  13 1 1 1
     234  3  2  14 1 1 1
     235  3  2  15 1 1 1
     236  3  2  16 1 1 1
     237  3  2  17 1 1 1
     238  3  2  18 1 1 1
     239  3  2  19 1 1 1
     240  3  2  20 1 1 1
     241  3  3  1 1 1 1
     242  3  3  2 1 1 1
     243  3  3  3 1 1 1
     244  3  3  4 1 1 1
     245  3  3  5 1 1 1
     246  3  3  6 1 1 1
     247  3  3  7 1 1 1
     248  3  3  8 1 1 1
     249  3  3  9 1 1 1
     250  3  3  10 1 1 1
     251  3  3  11 1 1 1
     252  3  3  12 1 1 1
     253  3  3  13 1 1 1
     254  3  3  14 1 1 1
     255  3  3  15 1 1 1
     256  3  3  16 1 1 1
     257  3  3  17 1 1 1
     258  3  3  18 1 1 1
     259  3  3  19 1 1 1
     260  3  3  20 1 1 1
     261  3  4  1 1 1 1
     262  3  4  2 1 1 1
     263  3  4  3 1 1 1
     264  3  4  4 1 1 1
     265  3  4  5 1 1 1
     266  3  4  6 1 1 1
     267  3  4  7 1 1 1
     268  3  4  8 1 1 1
     269  3  4  9 1 1 1
     270  3  4  10 1 1 1
     271  3  4  11 1 1 1
     272  3  4  12 1 1 1
     273  3  4  13 1 1 1
     274  3  4  14 1 1 1
     275  3  4  15 1 1 1
     276  3  4  16 1 1 1
     277  3  4  17 1 1 1
     278  3  4  18 1 1 1
     279  3  4  19 1 1 1
     280  3  4  20 1 1 1
     281  3  5  1 1 1 1
     282  3  5  2 1 1 1
     283  3  5  3 1 1 1
     284  3  5  4 1 1 1
     285  3  5  5 1 1 1
     286  3  5  6 1 1 1
     287  3  5  7 1 1 1
     288  3  5  8 1 1 1
     289  3  5  9 1 1 1
     290  3  5  10 1 1 1
     291  3  5  11 1 1 1
     292  3  5  12 1 1 1
     293  3  5  13 1 1 1
     294  3  5  14 1 1 1
     295  3  5  15 1 1 1
     296  3  5  16 1 1 1
     297  3  5  17 1 1 1
     298  3  5  18 1 1 1
     299  3  5  19 1 1 1
     300  3  5  20 1 1 1
     301  4  1  1 1 1 1
     302  4  1  2 1 1 1
     303  4  1  3 1 1 1
     304  4  1  4 1 1 1
     305  4  1  5 1 1 1
     306  4  1  6 1 1 1
     307  4  1  7 1 1 1
     308  4  1  8 1 1 1
     309  4  1  9 1 1 1
     310  4  1  10 1 1 1
     311  4  1  11 1 1 1
     312  4  1  12 1 1 1
     313  4  1  13 1 1 1
     314  4  1  14 1 1 1
     315  4  1  15 1 1 1
     316  4  1  16 1 1 1
     317  4  1  17 1 1 1
     318  4  1  18 1 1 1
     319  4  1  19 1 1 1
     320  4  1  20 1 1 1
     321  4  2  1 1 1 1
     322  4  2  2 1 1 1
     323  4  2  3 1 1 1
     324  4  2  4 1 1 1
     325  4  2  5 1 1 1
     326  4  2  6 1 1 1
     327  4  2  7 1 1 1
     328  4  2  8 1 1 1
     329  4  2  9 1 1 1
     330  4  2  10 1 1 1
     331  4  2  11 1 1 1
     332  4  2  12 1 1 1
     333  4  2  13 1 1 1
     334  4  2  14 1 1 1
     335  4  2  15 1 1 1
     336  4  2  16 1 1 1
     337  4  2  17 1 1 1
     338  4  2  18 1 1 1
     339  4  2  19 1 1 1
     340  4  2  20 1 1 1
     341  4  3  1 1 1 1
     342  4  3  2 1 1 1
     343  4  3  3 1 1 1
     344  4  3  4 1 1 1
     345  4  3  5 1 1 1
     346  4  3  6 1 1 1
     347  4  3  7 1 1 1
     348  4  3  8 1 1 1
     349  4  3  9 1 1 1
     350  4  3  10 1 1 1
     351  4  3  11 1 1 1
     352  4  3  12 1 1 1
     353  4  3  13 1 1 1
     354  4  3  14 1 1 1
     355  4  3  15 1 1 1
     356  4  3  16 1 1 1
     357  4  3  17 1 1 1
     358  4  3  18 1 1 1
     359  4  3  19 1 1 1
     360  4  3  20 1 1 1
     361  4  4  1 1 1 1
     362  4  4  2 1 1 1
     363  4  4  3 1 1 1
     364  4  4  4 1 1 1
     365  4  4  5 1 1 1
     366  4  4  6 1 1 1
     367  4  4  7 1 1 1
     368  4  4  8 1 1 1
     369  4  4  9 1 1 1
     370  4  4  10 1 1 1
     371  4  4  11 1 1 1
     372  4  4  12 1 1 1
     373  4  4  13 1 1 1
     374  4  4  14 1 1 1
     375  4  4  15 1 1 1
     376  4  4  16 1 1 1
     377  4  4  17 1 1 1
     378  4  4  18 1 1 1
     379  4  4  19 1 1 1
     380  4  4  20 1 1 1
     381  4  5  1 1 1 1
     382  4  5  2 1 1 1
     383  4  5  3 1 1 1
     384  4  5  4 1 1 1
     385  4  5  5 1 1 1
     386  4  5  6 1 1 1
     387  4  5  7 1 1 1
     388  4  5  8 1 1 1
     389  4  5  9 1 1 1
     390  4  5  10 1 1 1
     391  4  5  11 1 1 1
     392  4  5  12 1 1 1
     393  4  5  13 1 1 1
     394  4  5  14 1 1 1
     395  4  5  15 1 1 1
     396  4  5  16 1 1 1
     397  4  5  17 1 1 1
     398  4  5  18 1 1 1
     399  4  5  19 1 1 1
     400  4  5  20 1 1 1
     401  5  1  1 1 1 1
     402  5  1  2 1 1 1
     403  5  1  3 1 1 1
     404  5  1  4 1 1 1
     405  5  1  5 1 1 1
     406  5  1  6 1 1 1
     407  5  1  7 1 1 1
     408  5  1  8 1 1 1
     409  5  1  9 1 1 1
     410  5  1  10 1 1 1
     411  5  1  11 1 1 1
     412  5  1  12 1 1 1
     413  5  1  13 1 1 1
     414  5  1  14 1 1 1
     415  5  1  15 1 1 1
     416  5  1  16 1 1 1
     417  5  1  17 1 1 1
     418  5  1  18 1 1 1
     419  5  1  19 1 1 1
     420  5  1  20 1 1 1
     421  5  2  1 1 1 1
     422  5  2  2 1 1 1
     423  5  2  3 1 1 1
     424  5  2  4 1 1 1
     425  5  2  5 1 1 1
     426  5  2  6 1 1 1
     427  5  2  7 1 1 1
     428  5  2  8 1 1 1
     429  5  2  9 1 1 1
     430  5  2  10 1 1 1
     431  5  2  11 1 1 1
     432  5  2  12 1 1 1
     433  5  2  13 1 1 1
     434  5  2  14 1 1 1
     435  5  2  15 1 1 1
     436  5  2  16 1 1 1
     437  5  2  17 1 1 1
     438  5  2  18 1 1 1
     439  5  2  19 1 1 1
     440  5  2  20 1 1 1
     441  5  3  1 1 1 1
     442  5  3  2 1 1 1
     443  5  3  3 1 1 1
     444  5  3  4 1 1 1
     445  5  3  5 1 1 1
     446  5  3  6 1 1 1
     447  5  3  7 1 1 1
     448  5  3  8 1 1 1
     449  5  3  9 1 1 1
     450  5  3  10 1 1 1
     451  5  3  11 1 1 1
     452  5  3  12 1 1 1
     453  5  3  13 1 1 1
     454  5  3  14 1 1 1
     455  5  3  15 1 1 1
     456  5  3  16 1 1 1
     457  5  3  17 1 1 1
     458  5  3  18 1 1 1
     459  5  3  19 1 1 1
     460  5  3  20 1 1 1
     461  5  4  1 1 1 1
     462  5  4  2 1 1 1
     463  5  4  3 1 1 1
     464  5  4  4 1 1 1
     465  5  4  5 1 1 1
     466  5  4  6 1 1 1
     467  5  4  7 1 1 1
     468  5  4  8 1 1 1
     469  5  4  9 1 1 1
     470  5  4  10 1 1 1
     471  5  4  11 1 1 1
     472  5  4  12 1 1 1
     473  5  4  13 1 1 1
     474  5  4  14 1 1 1
     475  5  4  15 1 1 1
     476  5  4  16 1 1 1
     477  5  4  17 1 1 1
     478  5  4  18 1 1 1
     479  5  4  19 1 1 1
     480  5  4  20 1 1 1
     481  5  5  1 1 1 1
     482  5  5  2 1 1 1
     483  5  5  3 1 1 1
     484  5  5  4 1 1 1
     485  5  5  5 1 1 1
     486  5  5  6 1 1 1
     487  5  5  7 1 1 1
     488  5  5  8 1 1 1
     489  5  5  9 1 1 1
     490  5  5  10 1 1 1
     491  5  5  11 1 1 1
     492  5  5  12 1 1 1
     493  5  5  13 1 1 1
     494  5  5  14 1 1 1
     495  5  5  15 1 1 1
     496  5  5  16 1 1 1
     497  5  5  17 1 1 1
     498  5  5  18 1 1 1
     499  5  5  19 1 1 1
     500  5  5  20 1 1 1
     501  6  1  1 1 1 1
     502  6  1  2 1 1 1
     503  6  1  3 1 1 1
     504  6  1  4 1 1 1
     505  6  1  5 1 1 1
     506  6  1  6 1 1 1
     507  6  1  7 1 1 1
     508  6  1  8 1 1 1
     509  6  1  9 1 1 1
     510  6  1  10 1 1 1
     511  6  1  11 1 1 1
     512  6  1  12 1 1 1
     513  6  1  13 1 1 1
     514  6  1  14 1 1 1
     515  6  1  15 1 1 1
     516  6  1  16 1 1 1
     517  6  1  17 1 1 1
     518  6  1  18 1 1 1
     519  6  1  19 1 1 1
     520  6  1  20 1 1 1
     521  6  2  1 1 1 1
     522  6  2  2 1 1 1
     523  6  2  3 1 1 1
     524  6  2  4 1 1 1
     525  6  2  5 1 1 1
     526  6  2  6 1 1 1
     527  6  2  7 1 1 1
     528  6  2  8 1 1 1
     529  6  2  9 1 1 1
     530  6  2  10 1 1 1
     531  6  2  11 1 1 1
     532  6  2  12 1 1 1
     533  6  2  13 1 1 1
     534  6  2  14 1 1 1
     535  6  2  15 1 1 1
     536  6  2  16 1 1 1
     537  6  2  17 1 1 1
     538  6  2  18 1 1 1
     539  6  2  19 1 1 1
     540  6  2  20 1 1 1
     541  6  3  1 1 1 1
     542  6  3  2 1 1 1
     543  6  3  3 1 1 1
     544  6  3  4 1 1 1
     545  6  3  5 1 1 1
     546  6  3  6 1 1 1
     547  6  3  7 1 1 1
     548  6  3  8 1 1 1
     549  6  3  9 1 1 1
     550  6  3  10 1 1 1
     551  6  3  11 1 1 1
     552  6  3  12 1 1 1
     553  6  3  13 1 1 1
     554  6  3  14 1 1 1
     555  6  3  15 1 1 1
     556  6  3  16 1 1 1
     557  6  3  17 1 1 1
     558  6  3  18 1 1 1
     559  6  3  19 1 1 1
     560  6  3  20 1 1 1
     561  6  4  1 1 1 1
     562  6  4  2 1 1 1
     563  6  4  3 1 1 1
     564  6  4  4 1 1 1
     565  6  4  5 1 1 1
     566  6  4  6 1 1 1
     567  6  4  7 1 1 1
     568  6  4  8 1 1 1
     569  6  4  9 1 1 1
     570  6  4  10 1 1 1
     571  6  4  11 1 1 1
     572  6  4  12 1 1 1
     573  6  4  13 1 1 1
     574  6  4  14 1 1 1
     575  6  4  15 1 1 1
     576  6  4  16 1 1 1
     577  6  4  17 1 1 1
     578  6  4  18 1 1 1
     579  6  4  19 1 1 1
     580  6  4  20 1 1 1
     581  6  5  1 1 1 1
     582  6  5  2 1 1 1
     583  6  5  3 1 1 1
     584  6  5  4 1 1 1
     585  6  5  5 1 1 1
     586  6  5  6 1 1 1
     587  6  5  7 1 1 1
     588  6  5  8 1 1 1
     589  6  5  9 1 1 1
     590  6  5  10 1 1 1
     591  6  5  11 1 1 1
     592  6  5  12 1 1 1
     593  6  5  13 1 1 1
     594  6  5  14 1 1 1
     595  6  5  15 1 1 1
     596  6  5  16 1 1 1
     597  6  5  17 1 1 1
     598  6  5  18 1 1 1
     599  6  5  19 1 1 1
     600  6  5  20 1 1 1
     601  7  1  1 1 1 1
     602  7  1  2 1 1 1
     603  7  1  3 1 1 1
     604  7  1  4 1 1 1
     605  7  1  5 1 1 1
     606  7  1  6 1 1 1
     607  7  1  7 1 1 1
     608  7  1  8 1 1 1
     609  7  1  9 1 1 1
     610  7  1  10 1 1 1
     611  7  1  11 1 1 1
     612  7  1  12 1 1 1
     613  7  1  13 1 1 1
     614  7  1  14 1 1 1
     615  7  1  15 1 1 1
     616  7  1  16 1 1 1
     617  7  1  17 1 1 1
     618  7  1  18 1 1 1
     619  7  1  19 1 1 1
     620  7  1  20 1 1 1
     621  7  2  1 1 1 1
     622  7  2  2 1 1 1
     623  7  2  3 1 1 1
     624  7  2  4 1 1 1
     625  7  2  5 1 1 1
     626  7  2  6 1 1 1
     627  7  2  7 1 1 1
     628  7  2  8 1 1 1
     629  7  2  9 1 1 1
     630  7  2  10 1 1 1
     631  7  2  11 1 1 1
     632  7  2  12 1 1 1
     633  7  2  13 1 1 1
     634  7  2  14 1 1 1
     635  7  2  15 1 1 1
     636  7  2  16 1 1 1
     637  7  2  17 1 1 1
     638  7  2  18 1 1 1
     639  7  2  19 1 1 1
     640  7  2  20 1 1 1
     641  7  3  1 1 1 1
     642  7  3  2 1 1 1
     643  7  3  3 1 1 1
     644  7  3  4 1 1 1
     645  7  3  5 1 1 1
     646  7  3  6 1 1 1
     647  7  3  7 1 1 1
     648  7  3  8 1 1 1
     649  7  3  9 1 1 1
     650  7  3  10 1 1 1
     651  7  3  11 1 1 1
     652  7  3  12 1 1 1
     653  7  3  13 1 1 1
     654  7  3  14 1 1 1
     655  7  3  15 1 1 1
     656  7  3  16 1 1 1
     657  7  3  17 1 1 1
     658  7  3  18 1 1 1
     659  7  3  19 1 1 1
     660  7  3  20 1 1 1
     661  7  4  1 1 1 1
     662  7  4  2 1 1 1
     663  7  4  3 1 1 1
     664  7  4  4 1 1 1
     665  7  4  5 1 1 1
     666  7  4  6 1 1 1
     667  7  4  7 1 1 1
     668  7  4  8 1 1 1
     669  7  4  9 1 1 1
     670  7  4  10 1 1 1
     671  7  4  11 1 1 1
     672  7  4  12 1 1 1
     673  7  4  13 1 1 1
     674  7  4  14 1 1 1
     675  7  4  15 1 1 1
     676  7  4  16 1 1 1
     677  7  4  17 1 1 1
     678  7  4  18 1 1 1
     679  7  4  19 1 1 1
     680  7  4  20 1 1 1
     681  7  5  1 1 1 1
     682  7  5  2 1 1 1
     683  7  5  3 1 1 1
     684  7  5  4 1 1 1
     685  7  5  5 1 1 1
     686  7  5  6 1 1 1
     687  7  5  7 1 1 1
     688  7  5  8 1 1 1
     689  7  5  9 1 1 1
     690  7  5  10 1 1 1
     691  7  5  11 1 1 1
     692  7  5  12 1 1 1
     693  7  5  13 1 1 1
     694  7  5  14 1 1 1
     695  7  5  15 1 1 1
     696  7  5  16 1 1 1
     697  7  5  17 1 1 1
     698  7  5  18 1 1 1
     699  7  5  19 1 1 1
     700  7  5  20 1 1 1
     701  8  1  1 1 1 1
     702  8  1  2 1 1 1
     703  8  1  3 1 1 1
     704  8  1  4 1 1 1
     705  8  1  5 1 1 1
     706  8  1  6 1 1 1
     707  8  1  7 1 1 1
     708  8  1  8 1 1 1
     709  8  1  9 1 1 1
     710  8  1  10 1 1 1
     711  8  1  11 1 1 1
     712  8  1  12 1 1 1
     713  8  1  13 1 1 1
     714  8  1  14 1 1 1
     715  8  1  15 1 1 1
     716  8  1  16 1 1 1
     717  8  1  17 1 1 1
     718  8  1  18 1 1 1
     719  8  1  19 1 1 1
     720  8  1  20 1 1 1
     721  8  2  1 1 1 1
     722  8  2  2 1 1 1
     723  8  2  3 1 1 1
     724  8  2  4 1 1 1
     725  8  2  5 1 1 1
     726  8  2  6 1 1 1
     727  8  2  7 1 1 1
     728  8  2  8 1 1 1
     729  8  2  9 1 1 1
     730  8  2  10 1 1 1
     731  8  2  11 1 1 1
     732  8  2  12 1 1 1
     733  8  2  13 1 1 1
     734  8  2  14 1 1 1
     735  8  2  15 1 1 1
     736  8  2  16 1 1 1
     737  8  2  17 1 1 1
     738  8  2  18 1 1 1
     739  8  2  19 1 1 1
     740  8  2  20 1 1 1
     741  8  3  1 1 1 1
     742  8  3  2 1 1 1
     743  8  3  3 1 1 1
     744  8  3  4 1 1 1
     745  8  3  5 1 1 1
     746  8  3  6 1 1 1
     747  8  3  7 1 1 1
     748  8  3  8 1 1 1
     749  8  3  9 1 1 1
     750  8  3  10 1 1 1
     751  8  3  11 1 1 1
     752  8  3  12 1 1 1
     753  8  3  13 1 1 1
     754  8  3  14 1 1 1
     755  8  3  15 1 1 1
     756  8  3  16 1 1 1
     757  8  3  17 1 1 1
     758  8  3  18 1 1 1
     759  8  3  19 1 1 1
     760  8  3  20 1 1 1
     761  8  4  1 1 1 1
     762  8  4  2 1 1 1
     763  8  4  3 1 1 1
     764  8  4  4 1 1 1
     765  8  4  5 1 1 1
     766  8  4  6 1 1 1
     767  8  4  7 1 1 1
     768  8  4  8 1 1 1
     769  8  4  9 1 1 1
     770  8  4  10 1 1 1
     771  8  4  11 1 1 1
     772  8  4  12 1 1 1
     773  8  4  13 1 1 1
     774  8  4  14 1 1 1
     775  8  4  15 1 1 1
     776  8  4  16 1 1 1
     777  8  4  17 1 1 1
     778  8  4  18 1 1 1
     779  8  4  19 1 1 1
     780  8  4  20 1 1 1
     781  8  5  1 1 1 1
     782  8  5  2 1 1 1
     783  8  5  3 1 1 1
     784  8  5  4 1 1 1
     785  8  5  5 1 1 1
     786  8  5  6 1 1 1
     787  8  5  7 1 1 1
     788  8  5  8 1 1 1
     789  8  5  9 1 1 1
     790  8  5  10 1 1 1
     791  8  5  11 1 1 1
     792  8  5  12 1 1 1
     793  8  5  13 1 1 1
     794  8  5  14 1 1 1
     795  8  5  15 1 1 1
     796  8  5  16 1 1 1
     797  8  5  17 1 1 1
     798  8  5  18 1 1 1
     799  8  5  19 1 1 1
     800  8  5  20 1 1 1
     801  9  1  1 1 1 1
     802  9  1  2 1 1 1
     803  9  1  3 1 1 1
     804  9  1  4 1 1 1
     805  9  1  5 1 1 1
     806  9  1  6 1 1 1
     807  9  1  7 1 1 1
     808  9  1  8 1 1 1
     809  9  1  9 1 1 1
     810  9  1  10 1 1 1
     811  9  1  11 1 1 1
     812  9  1  12 1 1 1
     813  9  1  13 1 1 1
     814  9  1  14 1 1 1
     815  9  1  15 1 1 1
     816  9  1  16 1 1 1
     817  9  1  17 1 1 1
     818  9  1  18 1 1 1
     819  9  1  19 1 1 1
     820  9  1  20 1 1 1
     821  9  2  1 1 1 1
     822  9  2  2 1 1 1
     823  9  2  3 1 1 1
     824  9  2  4 1 1 1
     825  9  2  5 1 1 1
     826  9  2  6 1 1 1
     827  9  2  7 1 1 1
     828  9  2  8 1 1 1
     829  9  2  9 1 1 1
     830  9  2  10 1 1 1
     831  9  2  11 1 1 1
     832  9  2  12 1 1 1
     833  9  2  13 1 1 1
     834  9  2  14 1 1 1
     835  9  2  15 1 1 1
     836  9  2  16 1 1 1
     837  9  2  17 1 1 1
     838  9  2  18 1 1 1
     839  9  2  19 1 1 1
     840  9  2  20 1 1 1
     841  9  3  1 1 1 1
     842  9  3  2 1 1 1
     843  9  3  3 1 1 1
     844  9  3  4 1 1 1
     845  9  3  5 1 1 1
     846  9  3  6 1 1 1
     847  9  3  7 1 1 1
     848  9  3  8 1 1 1
     849  9  3  9 1 1 1
     850  9  3  10 1 1 1
     851  9  3  11 1 1 1
     852  9  3  12 1 1 1
     853  9  3  13 1 1 1
     854  9  3  14 1 1 1
     855  9  3  15 1 1 1
     856  9  3  16 1 1 1
     857  9  3  17 1 1 1
     858  9  3  18 1 1 1
     859  9  3  19 1 1 1
     860  9  3  20 1 1 1
     861  9  4  1 1 1 1
     862  9  4  2 1 1 1
     863  9  4  3 1 1 1
     864  9  4  4 1 1 1
     865  9  4  5 1 1 1
     866  9  4  6 1 1 1
     867  9  4  7 1 1 1
     868  9  4  8 1 1 1
     869  9  4  9 1 1 1
     870  9  4  10 1 1 1
     871  9  4  11 1 1 1
     872  9  4  12 1 1 1
     873  9  4  13 1 1 1
     874  9  4  14 1 1 1
     875  9  4  15 1 1 1
     876  9  4  16 1 1 1
     877  9  4  17 1 1 1
     878  9  4  18 1 1 1
     879  9  4  19 1 1 1
     880  9  4  20 1 1 1
     881  9  5  1 1 1 1
     882  9  5  2 1 1 1
     883  9  5  3 1 1 1
     884  9  5  4 1 1 1
     885  9  5  5 1 1 1
     886  9  5  6 1 1 1
     887  9  5  7 1 1 1
     888  9  5  8 1 1 1
     889  9  5  9 1 1 1
     890  9  5  10 1 1 1
     891  9  5  11 1 1 1
     892  9  5  12 1 1 1
     893  9  5  13 1 1 1
     894  9  5  14 1 1 1
     895  9  5  15 1 1 1
     896  9  5  16 1 1 1
     897  9  5  17 1 1 1
     898  9  5  18 1 1 1
     899  9  5  19 1 1 1
     900  9  5  20 1 1 1
     901  10  1  1 1 1 1
     902  10  1  2 1 1 1
     903  10  1  3 1 1 1
     904  10  1  4 1 1 1
     905  10  1  5 1 1 1
     906  10  1  6 1 1 1
     907  10  1  7 1 1 1
     908  10  1  8 1 1 1
     909  10  1  9 1 1 1
     910  10  1  10 1 1 1
     911  10  1  11 1 1 1
     912  10  1  12 1 1 1
     913  10  1  13 1 1 1
     914  10  1  14 1 1 1
     915  10  1  15 1 1 1
     916  10  1  16 1 1 1
     917  10  1  17 1 1 1
     918  10  1  18 1 1 1
     919  10  1  19 1 1 1
     920  10  1  20 1 1 1
     921  10  2  1 1 1 1
     922  10  2  2 1 1 1
     923  10  2  3 1 1 1
     924  10  2  4 1 1 1
     925  10  2  5 1 1 1
     926  10  2  6 1 1 1
     927  10  2  7 1 1 1
     928  10  2  8 1 1 1
     929  10  2  9 1 1 1
     930  10  2  10 1 1 1
     931  10  2  11 1 1 1
     932  10  2  12 1 1 1
     933  10  2  13 1 1 1
     934  10  2  14 1 1 1
     935  10  2  15 1 1 1
     936  10  2  16 1 1 1
     937  10  2  17 1 1 1
     938  10  2  18 1 1 1
     939  10  2  19 1 1 1
     940  10  2  20 1 1 1
     941  10  3  1 1 1 1
     942  10  3  2 1 1 1
     943  10  3  3 1 1 1
     944  10  3  4 1 1 1
     945  10  3  5 1 1 1
     946  10  3  6 1 1 1
     947  10  3  7 1 1 1
     948  10  3  8 1 1 1
     949  10  3  9 1 1 1
     950  10  3  10 1 1 1
     951  10  3  11 1 1 1
     952  10  3  12 1 1 1
     953  10  3  13 1 1 1
     954  10  3  14 1 1 1
     955  10  3  15 1 1 1
     956  10  3  16 1 1 1
     957  10  3  17 1 1 1
     958  10  3  18 1 1 1
     959  10  3  19 1 1 1
     960  10  3  20 1 1 1
     961  10  4  1 1 1 1
     962  10  4  2 1 1 1
     963  10  4  3 1 1 1
     964  10  4  4 1 1 1
     965  10  4  5 1 1 1
     966  10  4  6 1 1 1
     967  10  4  7 1 1 1
     968  10  4  8 1 1 1
     969  10  4  9 1 1 1
     970  10  4  10 1 1 1
     971  10  4  11 1 1 1
     972  10  4  12 1 1 1
     973  10  4  13 1 1 1
     974  10  4  14 1 1 1
     975  10  4  15 1 1 1
     976  10  4  16 1 1 1
     977  10  4  17 1 1 1
     978  10  4  18 1 1 1
     979  10  4  19 1 1 1
     980  10  4  20 1 1 1
     981  10  5  1 1 1 1
     982  10  5  2 1 1 1
     983  10  5  3 1 1 1
     984  10  5  4 1 1 1
     985  10  5  5 1 1 1
     986  10  5  6 1 1 1
     987  10  5  7 1 1 1
     988  10  5  8 1 1 1
     989  10  5  9 1 1 1
     990  10  5  10 1 1 1
     991  10  5  11 1 1 1
     992  10  5  12 1 1 1
     993  10  5  13 1 1 1
     994  10  5  14 1 1 1
     995  10  5  15 1 1 1
     996  10  5  16 1 1 1
     997  10  5  17 1 1 1
     998  10  5  18 1 1 1
     999  10  5  19 1 1 1
     1000  10  5  20 1 1 1
     1001  11  1  1 1 1 1
     1002  11  1  2 1 1 1
     1003  11  1  3 1 1 1
     1004  11  1  4 1 1 1
     1005  11  1  5 1 1 1
     1006  11  1  6 1 1 1
     1007  11  1  7 1 1 1
     1008  11  1  8 1 1 1
     1009  11  1  9 1 1 1
     1010  11  1  10 1 1 1
     1011  11  1  11 1 1 1
     1012  11  1  12 1 1 1
     1013  11  1  13 1 1 1
     1014  11  1  14 1 1 1
     1015  11  1  15 1 1 1
     1016  11  1  16 1 1 1
     1017  11  1  17 1 1 1
     1018  11  1  18 1 1 1
     1019  11  1  19 1 1 1
     1020  11  1  20 1 1 1
     1021  11  2  1 1 1 1
     1022  11  2  2 1 1 1
     1023  11  2  3 1 1 1
     1024  11  2  4 1 1 1
     1025  11  2  5 1 1 1
     1026  11  2  6 1 1 1
     1027  11  2  7 1 1 1
     1028  11  2  8 1 1 1
     1029  11  2  9 1 1 1
     1030  11  2  10 1 1 1
     1031  11  2  11 1 1 1
     1032  11  2  12 1 1 1
     1033  11  2  13 1 1 1
     1034  11  2  14 1 1 1
     1035  11  2  15 1 1 1
     1036  11  2  16 1 1 1
     1037  11  2  17 1 1 1
     1038  11  2  18 1 1 1
     1039  11  2  19 1 1 1
     1040  11  2  20 1 1 1
     1041  11  3  1 1 1 1
     1042  11  3  2 1 1 1
     1043  11  3  3 1 1 1
     1044  11  3  4 1 1 1
     1045  11  3  5 1 1 1
     1046  11  3  6 1 1 1
     1047  11  3  7 1 1 1
     1048  11  3  8 1 1 1
     1049  11  3  9 1 1 1
     1050  11  3  10 1 1 1
     1051  11  3  11 1 1 1
     1052  11  3  12 1 1 1
     1053  11  3  13 1 1 1
     1054  11  3  14 1 1 1
     1055  11  3  15 1 1 1
     1056  11  3  16 1 1 1
     1057  11  3  17 1 1 1
     1058  11  3  18 1 1 1
     1059  11  3  19 1 1 1
     1060  11  3  20 1 1 1
     1061  11  4  1 1 1 1
     1062  11  4  2 1 1 1
     1063  11  4  3 1 1 1
     1064  11  4  4 1 1 1
     1065  11  4  5 1 1 1
     1066  11  4  6 1 1 1
     1067  11  4  7 1 1 1
     1068  11  4  8 1 1 1
     1069  11  4  9 1 1 1
     1070  11  4  10 1 1 1
     1071  11  4  11 1 1 1
     1072  11  4  12 1 1 1
     1073  11  4  13 1 1 1
     1074  11  4  14 1 1 1
     1075  11  4  15 1 1 1
     1076  11  4  16 1 1 1
     1077  11  4  17 1 1 1
     1078  11  4  18 1 1 1
     1079  11  4  19 1 1 1
     1080  11  4  20 1 1 1
     1081  11  5  1 1 1 1
     1082  11  5  2 1 1 1
     1083  11  5  3 1 1 1
     1084  11  5  4 1 1 1
     1085  11  5  5 1 1 1
     1086  11  5  6 1 1 1
     1087  11  5  7 1 1 1
     1088  11  5  8 1 1 1
     1089  11  5  9 1 1 1
     1090  11  5  10 1 1 1
     1091  11  5  11 1 1 1
     1092  11  5  12 1 1 1
     1093  11  5  13 1 1 1
     1094  11  5  14 1 1 1
     1095  11  5  15 1 1 1
     1096  11  5  16 1 1 1
     1097  11  5  17 1 1 1
     1098  11  5  18 1 1 1
     1099  11  5  19 1 1 1
     1100  11  5  20 1 1 1
     1101  12  1  1 1 1 1
     1102  12  1  2 1 1 1
     1103  12  1  3 1 1 1
     1104  12  1  4 1 1 1
     1105  12  1  5 1 1 1
     1106  12  1  6 1 1 1
     1107  12  1  7 1 1 1
     1108  12  1  8 1 1 1
     1109  12  1  9 1 1 1
     1110  12  1  10 1 1 1
     1111  12  1  11 1 1 1
     1112  12  1  12 1 1 1
     1113  12  1  13 1 1 1
     1114  12  1  14 1 1 1
     1115  12  1  15 1 1 1
     1116  12  1  16 1 1 1
     1117  12  1  17 1 1 1
     1118  12  1  18 1 1 1
     1119  12  1  19 1 1 1
     1120  12  1  20 1 1 1
     1121  12  2  1 1 1 1
     1122  12  2  2 1 1 1
     1123  12  2  3 1 1 1
     1124  12  2  4 1 1 1
     1125  12  2  5 1 1 1
     1126  12  2  6 1 1 1
     1127  12  2  7 1 1 1
     1128  12  2  8 1 1 1
     1129  12  2  9 1 1 1
     1130  12  2  10 1 1 1
     1131  12  2  11 1 1 1
     1132  12  2  12 1 1 1
     1133  12  2  13 1 1 1
     1134  12  2  14 1 1 1
     1135  12  2  15 1 1 1
     1136  12  2  16 1 1 1
     1137  12  2  17 1 1 1
     1138  12  2  18 1 1 1
     1139  12  2  19 1 1 1
     1140  12  2  20 1 1 1
     1141  12  3  1 1 1 1
     1142  12  3  2 1 1 1
     1143  12  3  3 1 1 1
     1144  12  3  4 1 1 1
     1145  12  3  5 1 1 1
     1146  12  3  6 1 1 1
     1147  12  3  7 1 1 1
     1148  12  3  8 1 1 1
     1149  12  3  9 1 1 1
     1150  12  3  10 1 1 1
     1151  12  3  11 1 1 1
     1152  12  3  12 1 1 1
     1153  12  3  13 1 1 1
     1154  12  3  14 1 1 1
     1155  12  3  15 1 1 1
     1156  12  3  16 1 1 1
     1157  12  3  17 1 1 1
     1158  12  3  18 1 1 1
     1159  12  3  19 1 1 1
     1160  12  3  20 1 1 1
     1161  12  4  1 1 1 1
     1162  12  4  2 1 1 1
     1163  12  4  3 1 1 1
     1164  12  4  4 1 1 1
     1165  12  4  5 1 1 1
     1166  12  4  6 1 1 1
     1167  12  4  7 1 1 1
     1168  12  4  8 1 1 1
     1169  12  4  9 1 1 1
     1170  12  4  10 1 1 1
     1171  12  4  11 1 1 1
     1172  12  4  12 1 1 1
     1173  12  4  13 1 1 1
     1174  12  4  14 1 1 1
     1175  12  4  15 1 1 1
     1176  12  4  16 1 1 1
     1177  12  4  17 1 1 1
     1178  12  4  18 1 1 1
     1179  12  4  19 1 1 1
     1180  12  4  20 1 1 1
     1181  12  5  1 1 1 1
     1182  12  5  2 1 1 1
     1183  12  5  3 1 1 1
     1184  12  5  4 1 1 1
     1185  12  5  5 1 1 1
     1186  12  5  6 1 1 1
     1187  12  5  7 1 1 1
     1188  12  5  8 1 1 1
     1189  12  5  9 1 1 1
     1190  12  5  10 1 1 1
     1191  12  5  11 1 1 1
     1192  12  5  12 1 1 1
     1193  12  5  13 1 1 1
     1194  12  5  14 1 1 1
     1195  12  5  15 1 1 1
     1196  12  5  16 1 1 1
     1197  12  5  17 1 1 1
     1198  12  5  18 1 1 1
     1199  12  5  19 1 1 1
     1200  12  5  20 1 1 1
     1201  13  1  1 1 1 1
     1202  13  1  2 1 1 1
     1203  13  1  3 1 1 1
     1204  13  1  4 1 1 1
     1205  13  1  5 1 1 1
     1206  13  1  6 1 1 1
     1207  13  1  7 1 1 1
     1208  13  1  8 1 1 1
     1209  13  1  9 1 1 1
     1210  13  1  10 1 1 1
     1211  13  1  11 1 1 1
     1212  13  1  12 1 1 1
     1213  13  1  13 1 1 1
     1214  13  1  14 1 1 1
     1215  13  1  15 1 1 1
     1216  13  1  16 1 1 1
     1217  13  1  17 1 1 1
     1218  13  1  18 1 1 1
     1219  13  1  19 1 1 1
     1220  13  1  20 1 1 1
     1221  13  2  1 1 1 1
     1222  13  2  2 1 1 1
     1223  13  2  3 1 1 1
     1224  13  2  4 1 1 1
     1225  13  2  5 1 1 1
     1226  13  2  6 1 1 1
     1227  13  2  7 1 1 1
     1228  13  2  8 1 1 1
     1229  13  2  9 1 1 1
     1230  13  2  10 1 1 1
     1231  13  2  11 1 1 1
     1232  13  2  12 1 1 1
     1233  13  2  13 1 1 1
     1234  13  2  14 1 1 1
     1235  13  2  15 1 1 1
     1236  13  2  16 1 1 1
     1237  13  2  17 1 1 1
     1238  13  2  18 1 1 1
     1239  13  2  19 1 1 1
     1240  13  2  20 1 1 1
     1241  13  3  1 1 1 1
     1242  13  3  2 1 1 1
     1243  13  3  3 1 1 1
     1244  13  3  4 1 1 1
     1245  13  3  5 1 1 1
     1246  13  3  6 1 1 1
     1247  13  3  7 1 1 1
     1248  13  3  8 1 1 1
     1249  13  3  9 1 1 1
     1250  13  3  10 1 1 1
     1251  13  3  11 1 1 1
     1252  13  3  12 1 1 1
     1253  13  3  13 1 1 1
     1254  13  3  14 1 1 1
     1255  13  3  15 1 1 1
     1256  13  3  16 1 1 1
     1257  13  3  17 1 1 1
     1258  13  3  18 1 1 1
     1259  13  3  19 1 1 1
     1260  13  3  20 1 1 1
     1261  13  4  1 1 1 1
     1262  13  4  2 1 1 1
     1263  13  4  3 1 1 1
     1264  13  4  4 1 1 1
     1265  13  4  5 1 1 1
     1266  13  4  6 1 1 1
     1267  13  4  7 1 1 1
     1268  13  4  8 1 1 1
     1269  13  4  9 1 1 1
     1270  13  4  10 1 1 1
     1271  13  4  11 1 1 1
     1272  13  4  12 1 1 1
     1273  13  4  13 1 1 1
     1274  13  4  14 1 1 1
     1275  13  4  15 1 1 1
     1276  13  4  16 1 1 1
     1277  13  4  17 1 1 1
     1278  13  4  18 1 1 1
     1279  13  4  19 1 1 1
     1280  13  4  20 1 1 1
     1281  13  5  1 1 1 1
     1282  13  5  2 1 1 1
     1283  13  5  3 1 1 1
     1284  13  5  4 1 1 1
     1285  13  5  5 1 1 1
     1286  13  5  6 1 1 1
     1287  13  5  7 1 1 1
     1288  13  5  8 1 1 1
     1289  13  5  9 1 1 1
     1290  13  5  10 1 1 1
     1291  13  5  11 1 1 1
     1292  13  5  12 1 1 1
     1293  13  5  13 1 1 1
     1294  13  5  14 1 1 1
     1295  13  5  15 1 1 1
     1296  13  5  16 1 1 1
     1297  13  5  17 1 1 1
     1298  13  5  18 1 1 1
     1299  13  5  19 1 1 1
     1300  13  5  20 1 1 1
     1301  14  1  1 1 1 1
     1302  14  1  2 1 1 1
     1303  14  1  3 1 1 1
     1304  14  1  4 1 1 1
     1305  14  1  5 1 1 1
     1306  14  1  6 1 1 1
     1307  14  1  7 1 1 1
     1308  14  1  8 1 1 1
     1309  14  1  9 1 1 1
     1310  14  1  10 1 1 1
     1311  14  1  11 1 1 1
     1312  14  1  12 1 1 1
     1313  14  1  13 1 1 1
     1314  14  1  14 1 1 1
     1315  14  1  15 1 1 1
     1316  14  1  16 1 1 1
     1317  14  1  17 1 1 1
     1318  14  1  18 1 1 1
     1319  14  1  19 1 1 1
     1320  14  1  20 1 1 1
     1321  14  2  1 1 1 1
     1322  14  2  2 1 1 1
     1323  14  2  3 1 1 1
     1324  14  2  4 1 1 1
     1325  14  2  5 1 1 1
     1326  14  2  6 1 1 1
     1327  14  2  7 1 1 1
     1328  14  2  8 1 1 1
     1329  14  2  9 1 1 1
     1330  14  2  10 1 1 1
     1331  14  2  11 1 1 1
     1332  14  2  12 1 1 1
     1333  14  2  13 1 1 1
     1334  14  2  14 1 1 1
     1335  14  2  15 1 1 1
     1336  14  2  16 1 1 1
     1337  14  2  17 1 1 1
     1338  14  2  18 1 1 1
     1339  14  2  19 1 1 1
     1340  14  2  20 1 1 1
     1341  14  3  1 1 1 1
     1342  14  3  2 1 1 1
     1343  14  3  3 1 1 1
     1344  14  3  4 1 1 1
     1345  14  3  5 1 1 1
     1346  14  3  6 1 1 1
     1347  14  3  7 1 1 1
     1348  14  3  8 1 1 1
     1349  14  3  9 1 1 1
     1350  14  3  10 1 1 1
     1351  14  3  11 1 1 1
     1352  14  3  12 1 1 1
     1353  14  3  13 1 1 1
     1354  14  3  14 1 1 1
     1355  14  3  15 1 1 1
     1356  14  3  16 1 1 1
     1357  14  3  17 1 1 1
     1358  14  3  18 1 1 1
     1359  14  3  19 1 1 1
     1360  14  3  20 1 1 1
     1361  14  4  1 1 1 1
     1362  14  4  2 1 1 1
     1363  14  4  3 1 1 1
     1364  14  4  4 1 1 1
     1365  14  4  5 1 1 1
     1366  14  4  6 1 1 1
     1367  14  4  7 1 1 1
     1368  14  4  8 1 1 1
     1369  14  4  9 1 1 1
     1370  14  4  10 1 1 1
     1371  14  4  11 1 1 1
     1372  14  4  12 1 1 1
     1373  14  4  13 1 1 1
     1374  14  4  14 1 1 1
     1375  14  4  15 1 1 1
     1376  14  4  16 1 1 1
     1377  14  4  17 1 1 1
     1378  14  4  18 1 1 1
     1379  14  4  19 1 1 1
     1380  14  4  20 1 1 1
     1381  14  5  1 1 1 1
     1382  14  5  2 1 1 1
     1383  14  5  3 1 1 1
     1384  14  5  4 1 1 1
     1385  14  5  5 1 1 1
     1386  14  5  6 1 1 1
     1387  14  5  7 1 1 1
     1388  14  5  8 1 1 1
     1389  14  5  9 1 1 1
     1390  14  5  10 1 1 1
     1391  14  5  11 1 1 1
     1392  14  5  12 1 1 1
     1393  14  5  13 1 1 1
     1394  14  5  14 1 1 1
     1395  14  5  15 1 1 1
     1396  14  5  16 1 1 1
     1397  14  5  17 1 1 1
     1398  14  5  18 1 1 1
     1399  14  5  19 1 1 1
     1400  14  5  20 1 1 1
     1401  15  1  1 1 1 1
     1402  15  1  2 1 1 1
     1403  15  1  3 1 1 1
     1404  15  1  4 1 1 1
     1405  15  1  5 1 1 1
     1406  15  1  6 1 1 1
     1407  15  1  7 1 1 1
     1408  15  1  8 1 1 1
     1409  15  1  9 1 1 1
     1410  15  1  10 1 1 1
     1411  15  1  11 1 1 1
     1412  15  1  12 1 1 1
     1413  15  1  13 1 1 1
     1414  15  1  14 1 1 1
     1415  15  1  15 1 1 1
     1416  15  1  16 1 1 1
     1417  15  1  17 1 1 1
     1418  15  1  18 1 1 1
     1419  15  1  19 1 1 1
     1420  15  1  20 1 1 1
     1421  15  2  1 1 1 1
     1422  15  2  2 1 1 1
     1423  15  2  3 1 1 1
     1424  15  2  4 1 1 1
     1425  15  2  5 1 1 1
     1426  15  2  6 1 1 1
     1427  15  2  7 1 1 1
     1428  15  2  8 1 1 1
     1429  15  2  9 1 1 1
     1430  15  2  10 1 1 1
     1431  15  2  11 1 1 1
     1432  15  2  12 1 1 1
     1433  15  2  13 1 1 1
     1434  15  2  14 1 1 1
     1435  15  2  15 1 1 1
     1436  15  2  16 1 1 1
     1437  15  2  17 1 1 1
     1438  15  2  18 1 1 1
     1439  15  2  19 1 1 1
     1440  15  2  20 1 1 1
     1441  15  3  1 1 1 1
     1442  15  3  2 1 1 1
     1443  15  3  3 1 1 1
     1444  15  3  4 1 1 1
     1445  15  3  5 1 1 1
     1446  15  3  6 1 1 1
     1447  15  3  7 1 1 1
     1448  15  3  8 1 1 1
     1449  15  3  9 1 1 1
     1450  15  3  10 1 1 1
     1451  15  3  11 1 1 1
     1452  15  3  12 1 1 1
     1453  15  3  13 1 1 1
     1454  15  3  14 1 1 1
     1455  15  3  15 1 1 1
     1456  15  3  16 1 1 1
     1457  15  3  17 1 1 1
     1458  15  3  18 1 1 1
     1459  15  3  19 1 1 1
     1460  15  3  20 1 1 1
     1461  15  4  1 1 1 1
     1462  15  4  2 1 1 1
     1463  15  4  3 1 1 1
     1464  15  4  4 1 1 1
     1465  15  4  5 1 1 1
     1466  15  4  6 1 1 1
     1467  15  4  7 1 1 1
     1468  15  4  8 1 1 1
     1469  15  4  9 1 1 1
     1470  15  4  10 1 1 1
     1471  15  4  11 1 1 1
     1472  15  4  12 1 1 1
     1473  15  4  13 1 1 1
     1474  15  4  14 1 1 1
     1475  15  4  15 1 1 1
     1476  15  4  16 1 1 1
     1477  15  4  17 1 1 1
     1478  15  4  18 1 1 1
     1479  15  4  19 1 1 1
     1480  15  4  20 1 1 1
     1481  15  5  1 1 1 1
     1482  15  5  2 1 1 1
     1483  15  5  3 1 1 1
     1484  15  5  4 1 1 1
     1485  15  5  5 1 1 1
     1486  15  5  6 1 1 1
     1487  15  5  7 1 1 1
     1488  15  5  8 1 1 1
     1489  15  5  9 1 1 1
     1490  15  5  10 1 1 1
     1491  15  5  11 1 1 1
     1492  15  5  12 1 1 1
     1493  15  5  13 1 1 1
     1494  15  5  14 1 1 1
     1495  15  5  15 1 1 1
     1496  15  5  16 1 1 1
     1497  15  5  17 1 1 1
     1498  15  5  18 1 1 1
     1499  15  5  19 1 1 1
     1500  15  5  20 1 1 1
     1501  16  1  1 1 1 1
     1502  16  1  2 1 1 1
     1503  16  1  3 1 1 1
     1504  16  1  4 1 1 1
     1505  16  1  5 1 1 1
     1506  16  1  6 1 1 1
     1507  16  1  7 1 1 1
     1508  16  1  8 1 1 1
     1509  16  1  9 1 1 1
     1510  16  1  10 1 1 1
     1511  16  1  11 1 1 1
     1512  16  1  12 1 1 1
     1513  16  1  13 1 1 1
     1514  16  1  14 1 1 1
     1515  16  1  15 1 1 1
     1516  16  1  16 1 1 1
     1517  16  1  17 1 1 1
     1518  16  1  18 1 1 1
     1519  16  1  19 1 1 1
     1520  16  1  20 1 1 1
     1521  16  2  1 1 1 1
     1522  16  2  2 1 1 1
     1523  16  2  3 1 1 1
     1524  16  2  4 1 1 1
     1525  16  2  5 1 1 1
     1526  16  2  6 1 1 1
     1527  16  2  7 1 1 1
     1528  16  2  8 1 1 1
     1529  16  2  9 1 1 1
     1530  16  2  10 1 1 1
     1531  16  2  11 1 1 1
     1532  16  2  12 1 1 1
     1533  16  2  13 1 1 1
     1534  16  2  14 1 1 1
     1535  16  2  15 1 1 1
     1536  16  2  16 1 1 1
     1537  16  2  17 1 1 1
     1538  16  2  18 1 1 1
     1539  16  2  19 1 1 1
     1540  16  2  20 1 1 1
     1541  16  3  1 1 1 1
     1542  16  3  2 1 1 1
     1543  16  3  3 1 1 1
     1544  16  3  4 1 1 1
     1545  16  3  5 1 1 1
     1546  16  3  6 1 1 1
     1547  16  3  7 1 1 1
     1548  16  3  8 1 1 1
     1549  16  3  9 1 1 1
     1550  16  3  10 1 1 1
     1551  16  3  11 1 1 1
     1552  16  3  12 1 1 1
     1553  16  3  13 1 1 1
     1554  16  3  14 1 1 1
     1555  16  3  15 1 1 1
     1556  16  3  16 1 1 1
     1557  16  3  17 1 1 1
     1558  16  3  18 1 1 1
     1559  16  3  19 1 1 1
     1560  16  3  20 1 1 1
     1561  16  4  1 1 1 1
     1562  16  4  2 1 1 1
     1563  16  4  3 1 1 1
     1564  16  4  4 1 1 1
     1565  16  4  5 1 1 1
     1566  16  4  6 1 1 1
     1567  16  4  7 1 1 1
     1568  16  4  8 1 1 1
     1569  16  4  9 1 1 1
     1570  16  4  10 1 1 1
     1571  16  4  11 1 1 1
     1572  16  4  12 1 1 1
     1573  16  4  13 1 1 1
     1574  16  4  14 1 1 1
     1575  16  4  15 1 1 1
     1576  16  4  16 1 1 1
     1577  16  4  17 1 1 1
     1578  16  4  18 1 1 1
     1579  16  4  19 1 1 1
     1580  16  4  20 1 1 1
     1581  16  5  1 1 1 1
     1582  16  5  2 1 1 1
     1583  16  5  3 1 1 1
     1584  16  5  4 1 1 1
     1585  16  5  5 1 1 1
     1586  16  5  6 1 1 1
     1587  16  5  7 1 1 1
     1588  16  5  8 1 1 1
     1589  16  5  9 1 1 1
     1590  16  5  10 1 1 1
     1591  16  5  11 1 1 1
     1592  16  5  12 1 1 1
     1593  16  5  13 1 1 1
     1594  16  5  14 1 1 1
     1595  16  5  15 1 1 1
     1596  16  5  16 1 1 1
     1597  16  5  17 1 1 1
     1598  16  5  18 1 1 1
     1599  16  5  19 1 1 1
     1600  16  5  20 1 1 1
     1601  17  1  1 1 1 1
     1602  17  1  2 1 1 1
     1603  17  1  3 1 1 1
     1604  17  1  4 1 1 1
     1605  17  1  5 1 1 1
     1606  17  1  6 1 1 1
     1607  17  1  7 1 1 1
     1608  17  1  8 1 1 1
     1609  17  1  9 1 1 1
     1610  17  1  10 1 1 1
     1611  17  1  11 1 1 1
     1612  17  1  12 1 1 1
     1613  17  1  13 1 1 1
     1614  17  1  14 1 1 1
     1615  17  1  15 1 1 1
     1616  17  1  16 1 1 1
     1617  17  1  17 1 1 1
     1618  17  1  18 1 1 1
     1619  17  1  19 1 1 1
     1620  17  1  20 1 1 1
     1621  17  2  1 1 1 1
     1622  17  2  2 1 1 1
     1623  17  2  3 1 1 1
     1624  17  2  4 1 1 1
     1625  17  2  5 1 1 1
     1626  17  2  6 1 1 1
     1627  17  2  7 1 1 1
     1628  17  2  8 1 1 1
     1629  17  2  9 1 1 1
     1630  17  2  10 1 1 1
     1631  17  2  11 1 1 1
     1632  17  2  12 1 1 1
     1633  17  2  13 1 1 1
     1634  17  2  14 1 1 1
     1635  17  2  15 1 1 1
     1636  17  2  16 1 1 1
     1637  17  2  17 1 1 1
     1638  17  2  18 1 1 1
     1639  17  2  19 1 1 1
     1640  17  2  20 1 1 1
     1641  17  3  1 1 1 1
     1642  17  3  2 1 1 1
     1643  17  3  3 1 1 1
     1644  17  3  4 1 1 1
     1645  17  3  5 1 1 1
     1646  17  3  6 1 1 1
     1647  17  3  7 1 1 1
     1648  17  3  8 1 1 1
     1649  17  3  9 1 1 1
     1650  17  3  10 1 1 1
     1651  17  3  11 1 1 1
     1652  17  3  12 1 1 1
     1653  17  3  13 1 1 1
     1654  17  3  14 1 1 1
     1655  17  3  15 1 1 1
     1656  17  3  16 1 1 1
     1657  17  3  17 1 1 1
     1658  17  3  18 1 1 1
     1659  17  3  19 1 1 1
     1660  17  3  20 1 1 1
     1661  17  4  1 1 1 1
     1662  17  4  2 1 1 1
     1663  17  4  3 1 1 1
     1664  17  4  4 1 1 1
     1665  17  4  5 1 1 1
     1666  17  4  6 1 1 1
     1667  17  4  7 1 1 1
     1668  17  4  8 1 1 1
     1669  17  4  9 1 1 1
     1670  17  4  10 1 1 1
     1671  17  4  11 1 1 1
     1672  17  4  12 1 1 1
     1673  17  4  13 1 1 1
     1674  17  4  14 1 1 1
     1675  17  4  15 1 1 1
     1676  17  4  16 1 1 1
     1677  17  4  17 1 1 1
     1678  17  4  18 1 1 1
     1679  17  4  19 1 1 1
     1680  17  4  20 1 1 1
     1681  17  5  1 1 1 1
     1682  17  5  2 1 1 1
     1683  17  5  3 1 1 1
     1684  17  5  4 1 1 1
     1685  17  5  5 1 1 1
     1686  17  5  6 1 1 1
     1687  17  5  7 1 1 1
     1688  17  5  8 1 1 1
     1689  17  5  9 1 1 1
     1690  17  5  10 1 1 1
     1691  17  5  11 1 1 1
     1692  17  5  12 1 1 1
     1693  17  5  13 1 1 1
     1694  17  5  14 1 1 1
     1695  17  5  15 1 1 1
     1696  17  5  16 1 1 1
     1697  17  5  17 1 1 1
     1698  17  5  18 1 1 1
     1699  17  5  19 1 1 1
     1700  17  5  20 1 1 1
     1701  18  1  1 1 1 1
     1702  18  1  2 1 1 1
     1703  18  1  3 1 1 1
     1704  18  1  4 1 1 1
     1705  18  1  5 1 1 1
     1706  18  1  6 1 1 1
     1707  18  1  7 1 1 1
     1708  18  1  8 1 1 1
     1709  18  1  9 1 1 1
     1710  18  1  10 1 1 1
     1711  18  1  11 1 1 1
     1712  18  1  12 1 1 1
     1713  18  1  13 1 1 1
     1714  18  1  14 1 1 1
     1715  18  1  15 1 1 1
     1716  18  1  16 1 1 1
     1717  18  1  17 1 1 1
     1718  18  1  18 1 1 1
     1719  18  1  19 1 1 1
     1720  18  1  20 1 1 1
     1721  18  2  1 1 1 1
     1722  18  2  2 1 1 1
     1723  18  2  3 1 1 1
     1724  18  2  4 1 1 1
     1725  18  2  5 1 1 1
     1726  18  2  6 1 1 1
     1727  18  2  7 1 1 1
     1728  18  2  8 1 1 1
     1729  18  2  9 1 1 1
     1730  18  2  10 1 1 1
     1731  18  2  11 1 1 1
     1732  18  2  12 1 1 1
     1733  18  2  13 1 1 1
     1734  18  2  14 1 1 1
     1735  18  2  15 1 1 1
     1736  18  2  16 1 1 1
     1737  18  2  17 1 1 1
     1738  18  2  18 1 1 1
     1739  18  2  19 1 1 1
     1740  18  2  20 1 1 1
     1741  18  3  1 1 1 1
     1742  18  3  2 1 1 1
     1743  18  3  3 1 1 1
     1744  18  3  4 1 1 1
     1745  18  3  5 1 1 1
     1746  18  3  6 1 1 1
     1747  18  3  7 1 1 1
     1748  18  3  8 1 1 1
     1749  18  3  9 1 1 1
     1750  18  3  10 1 1 1
     1751  18  3  11 1 1 1
     1752  18  3  12 1 1 1
     1753  18  3  13 1 1 1
     1754  18  3  14 1 1 1
     1755  18  3  15 1 1 1
     1756  18  3  16 1 1 1
     1757  18  3  17 1 1 1
     1758  18  3  18 1 1 1
     1759  18  3  19 1 1 1
     1760  18  3  20 1 1 1
     1761  18  4  1 1 1 1
     1762  18  4  2 1 1 1
     1763  18  4  3 1 1 1
     1764  18  4  4 1 1 1
     1765  18  4  5 1 1 1
     1766  18  4  6 1 1 1
     1767  18  4  7 1 1 1
     1768  18  4  8 1 1 1
     1769  18  4  9 1 1 1
     1770  18  4  10 1 1 1
     1771  18  4  11 1 1 1
     1772  18  4  12 1 1 1
     1773  18  4  13 1 1 1
     1774  18  4  14 1 1 1
     1775  18  4  15 1 1 1
     1776  18  4  16 1 1 1
     1777  18  4  17 1 1 1
     1778  18  4  18 1 1 1
     1779  18  4  19 1 1 1
     1780  18  4  20 1 1 1
     1781  18  5  1 1 1 1
     1782  18  5  2 1 1 1
     1783  18  5  3 1 1 1
     1784  18  5  4 1 1 1
     1785  18  5  5 1 1 1
     1786  18  5  6 1 1 1
     1787  18  5  7 1 1 1
     1788  18  5  8 1 1 1
     1789  18  5  9 1 1 1
     1790  18  5  10 1 1 1
     1791  18  5  11 1 1 1
     1792  18  5  12 1 1 1
     1793  18  5  13 1 1 1
     1794  18  5  14 1 1 1
     1795  18  5  15 1 1 1
     1796  18  5  16 1 1 1
     1797  18  5  17 1 1 1
     1798  18  5  18 1 1 1
     1799  18  5  19 1 1 1
     1800  18  5  20 1 1 1
     1801  19  1  1 1 1 1
     1802  19  1  2 1 1 1
     1803  19  1  3 1 1 1
     1804  19  1  4 1 1 1
     1805  19  1  5 1 1 1
     1806  19  1  6 1 1 1
     1807  19  1  7 1 1 1
     1808  19  1  8 1 1 1
     1809  19  1  9 1 1 1
     1810  19  1  10 1 1 1
     1811  19  1  11 1 1 1
     1812  19  1  12 1 1 1
     1813  19  1  13 1 1 1
     1814  19  1  14 1 1 1
     1815  19  1  15 1 1 1
     1816  19  1  16 1 1 1
     1817  19  1  17 1 1 1
     1818  19  1  18 1 1 1
     1819  19  1  19 1 1 1
     1820  19  1  20 1 1 1
     1821  19  2  1 1 1 1
     1822  19  2  2 1 1 1
     1823  19  2  3 1 1 1
     1824  19  2  4 1 1 1
     1825  19  2  5 1 1 1
     1826  19  2  6 1 1 1
     1827  19  2  7 1 1 1
     1828  19  2  8 1 1 1
     1829  19  2  9 1 1 1
     1830  19  2  10 1 1 1
     1831  19  2  11 1 1 1
     1832  19  2  12 1 1 1
     1833  19  2  13 1 1 1
     1834  19  2  14 1 1 1
     1835  19  2  15 1 1 1
     1836  19  2  16 1 1 1
     1837  19  2  17 1 1 1
     1838  19  2  18 1 1 1
     1839  19  2  19 1 1 1
     1840  19  2  20 1 1 1
     1841  19  3  1 1 1 1
     1842  19  3  2 1 1 1
     1843  19  3  3 1 1 1
     1844  19  3  4 1 1 1
     1845  19  3  5 1 1 1
     1846  19  3  6 1 1 1
     1847  19  3  7 1 1 1
     1848  19  3  8 1 1 1
     1849  19  3  9 1 1 1
     1850  19  3  10 1 1 1
     1851  19  3  11 1 1 1
     1852  19  3  12 1 1 1
     1853  19  3  13 1 1 1
     1854  19  3  14 1 1 1
     1855  19  3  15 1 1 1
     1856  19  3  16 1 1 1
     1857  19  3  17 1 1 1
     1858  19  3  18 1 1 1
     1859  19  3  19 1 1 1
     1860  19  3  20 1 1 1
     1861  19  4  1 1 1 1
     1862  19  4  2 1 1 1
     1863  19  4  3 1 1 1
     1864  19  4  4 1 1 1
     1865  19  4  5 1 1 1
     1866  19  4  6 1 1 1
     1867  19  4  7 1 1 1
     1868  19  4  8 1 1 1
     1869  19  4  9 1 1 1
     1870  19  4  10 1 1 1
     1871  19  4  11 1 1 1
     1872  19  4  12 1 1 1
     1873  19  4  13 1 1 1
     1874  19  4  14 1 1 1
     1875  19  4  15 1 1 1
     1876  19  4  16 1 1 1
     1877  19  4  17 1 1 1
     1878  19  4  18 1 1 1
     1879  19  4  19 1 1 1
     1880  19  4  20 1 1 1
     1881  19  5  1 1 1 1
     1882  19  5  2 1 1 1
     1883  19  5  3 1 1 1
     1884  19  5  4 1 1 1
     1885  19  5  5 1 1 1
     1886  19  5  6 1 1 1
     1887  19  5  7 1 1 1
     1888  19  5  8 1 1 1
     1889  19  5  9 1 1 1
     1890  19  5  10 1 1 1
     1891  19  5  11 1 1 1
     1892  19  5  12 1 1 1
     1893  19  5  13 1 1 1
     1894  19  5  14 1 1 1
     1895  19  5  15 1 1 1
     1896  19  5  16 1 1 1
     1897  19  5  17 1 1 1
     1898  19  5  18 1 1 1
     1899  19  5  19 1 1 1
     1900  19  5  20 1 1 1
     1901  20  1  1 1 1 1
     1902  20  1  2 1 1 1
     1903  20  1  3 1 1 1
     1904  20  1  4 1 1 1
     1905  20  1  5 1 1 1
     1906  20  1  6 1 1 1
     1907  20  1  7 1 1 1
     1908  20  1  8 1 1 1
     1909  20  1  9 1 1 1
     1910  20  1  10 1 1 1
     1911  20  1  11 1 1 1
     1912  20  1  12 1 1 1
     1913  20  1  13 1 1 1
     1914  20  1  14 1 1 1
     1915  20  1  15 1 1 1
     1916  20  1  16 1 1 1
     1917  20  1  17 1 1 1
     1918  20  1  18 1 1 1
     1919  20  1  19 1 1 1
     1920  20  1  20 1 1 1
     1921  20  2  1 1 1 1
     1922  20  2  2 1 1 1
     1923  20  2  3 1 1 1
     1924  20  2  4 1 1 1
     1925  20  2  5 1 1 1
     1926  20  2  6 1 1 1
     1927  20  2  7 1 1 1
     1928  20  2  8 1 1 1
     1929  20  2  9 1 1 1
     1930  20  2  10 1 1 1
     1931  20  2  11 1 1 1
     1932  20  2  12 1 1 1
     1933  20  2  13 1 1 1
     1934  20  2  14 1 1 1
     1935  20  2  15 1 1 1
     1936  20  2  16 1 1 1
     1937  20  2  17 1 1 1
     1938  20  2  18 1 1 1
     1939  20  2  19 1 1 1
     1940  20  2  20 1 1 1
     1941  20  3  1 1 1 1
     1942  20  3  2 1 1 1
     1943  20  3  3 1 1 1
     1944  20  3  4 1 1 1
     1945  20  3  5 1 1 1
     1946  20  3  6 1 1 1
     1947  20  3  7 1 1 1
     1948  20  3  8 1 1 1
     1949  20  3  9 1 1 1
     1950  20  3  10 1 1 1
     1951  20  3  11 1 1 1
     1952  20  3  12 1 1 1
     1953  20  3  13 1 1 1
     1954  20  3  14 1 1 1
     1955  20  3  15 1 1 1
     1956  20  3  16 1 1 1
     1957  20  3  17 1 1 1
     1958  20  3  18 1 1 1
     1959  20  3  19 1 1 1
     1960  20  3  20 1 1 1
     1961  20  4  1 1 1 1
     1962  20  4  2 1 1 1
     1963  20  4  3 1 1 1
     1964  20  4  4 1 1 1
     1965  20  4  5 1 1 1
     1966  20  4  6 1 1 1
     1967  20  4  7 1 1 1
     1968  20  4  8 1 1 1
     1969  20  4  9 1 1 1
     1970  20  4  10 1 1 1
     1971  20  4  11 1 1 1
     1972  20  4  12 1 1 1
     1973  20  4  13 1 1 1
     1974  20  4  14 1 1 1
     1975  20  4  15 1 1 1
     1976  20  4  16 1 1 1
     1977  20  4  17 1 1 1
     1978  20  4  18 1 1 1
     1979  20  4  19 1 1 1
     1980  20  4  20 1 1 1
     1981  20  5  1 1 1 1
     1982  20  5  2 1 1 1
     1983  20  5  3 1 1 1
     1984  20  5  4 1 1 1
     1985  20  5  5 1 1 1
     1986  20  5  6 1 1 1
     1987  20  5  7 1 1 1
     1988  20  5  8 1 1 1
     1989  20  5  9 1 1 1
     1990  20  5  10 1 1 1
     1991  20  5  11 1 1 1
     1992  20  5  12 1 1 1
     1993  20  5  13 1 1 1
     1994  20  5  14 1 1 1
     1995  20  5  15 1 1 1
     1996  20  5  16 1 1 1
     1997  20  5  17 1 1 1
     1998  20  5  18 1 1 1
     1999  20  5  19 1 1 1
     2000  20  5  20 1 1 1
     2001  21  1  1 1 1 1
     2002  21  1  2 1 1 1
     2003  21  1  3 1 1 1
     2004  21  1  4 1 1 1
     2005  21  1  5 1 1 1
     2006  21  1  6 1 1 1
     2007  21  1  7 1 1 1
     2008  21  1  8 1 1 1
     2009  21  1  9 1 1 1
     2010  21  1  10 1 1 1
     2011  21  1  11 1 1 1
     2012  21  1  12 1 1 1
     2013  21  1  13 1 1 1
     2014  21  1  14 1 1 1
     2015  21  1  15 1 1 1
     2016  21  1  16 1 1 1
     2017  21  1  17 1 1 1
     2018  21  1  18 1 1 1
     2019  21  1  19 1 1 1
     2020  21  1  20 1 1 1
     2021  21  2  1 1 1 1
     2022  21  2  2 1 1 1
     2023  21  2  3 1 1 1
     2024  21  2  4 1 1 1
     2025  21  2  5 1 1 1
     2026  21  2  6 1 1 1
     2027  21  2  7 1 1 1
     2028  21  2  8 1 1 1
     2029  21  2  9 1 1 1
     2030  21  2  10 1 1 1
     2031  21  2  11 1 1 1
     2032  21  2  12 1 1 1
     2033  21  2  13 1 1 1
     2034  21  2  14 1 1 1
     2035  21  2  15 1 1 1
     2036  21  2  16 1 1 1
     2037  21  2  17 1 1 1
     2038  21  2  18 1 1 1
     2039  21  2  19 1 1 1
     2040  21  2  20 1 1 1
     2041  21  3  1 1 1 1
     2042  21  3  2 1 1 1
     2043  21  3  3 1 1 1
     2044  21  3  4 1 1 1
     2045  21  3  5 1 1 1
     2046  21  3  6 1 1 1
     2047  21  3  7 1 1 1
     2048  21  3  8 1 1 1
     2049  21  3  9 1 1 1
     2050  21  3  10 1 1 1
     2051  21  3  11 1 1 1
     2052  21  3  12 1 1 1
     2053  21  3  13 1 1 1
     2054  21  3  14 1 1 1
     2055  21  3  15 1 1 1
     2056  21  3  16 1 1 1
     2057  21  3  17 1 1 1
     2058  21  3  18 1 1 1
     2059  21  3  19 1 1 1
     2060  21  3  20 1 1 1
     2061  21  4  1 1 1 1
     2062  21  4  2 1 1 1
     2063  21  4  3 1 1 1
     2064  21  4  4 1 1 1
     2065  21  4  5 1 1 1
     2066  21  4  6 1 1 1
     2067  21  4  7 1 1 1
     2068  21  4  8 1 1 1
     2069  21  4  9 1 1 1
     2070  21  4  10 1 1 1
     2071  21  4  11 1 1 1
     2072  21  4  12 1 1 1
     2073  21  4  13 1 1 1
     2074  21  4  14 1 1 1
     2075  21  4  15 1 1 1
     2076  21  4  16 1 1 1
     2077  21  4  17 1 1 1
     2078  21  4  18 1 1 1
     2079  21  4  19 1 1 1
     2080  21  4  20 1 1 1
     2081  21  5  1 1 1 1
     2082  21  5  2 1 1 1
     2083  21  5  3 1 1 1
     2084  21  5  4 1 1 1
     2085  21  5  5 1 1 1
     2086  21  5  6 1 1 1
     2087  21  5  7 1 1 1
     2088  21  5  8 1 1 1
     2089  21  5  9 1 1 1
     2090  21  5  10 1 1 1
     2091  21  5  11 1 1 1
     2092  21  5  12 1 1 1
     2093  21  5  13 1 1 1
     2094  21  5  14 1 1 1
     2095  21  5  15 1 1 1
     2096  21  5  16 1 1 1
     2097  21  5  17 1 1 1
     2098  21  5  18 1 1 1
     2099  21  5  19 1 1 1
     2100  21  5  20 1 1 1
     2101  22  1  1 1 1 1
     2102  22  1  2 1 1 1
     2103  22  1  3 1 1 1
     2104  22  1  4 1 1 1
     2105  22  1  5 1 1 1
     2106  22  1  6 1 1 1
     2107  22  1  7 1 1 1
     2108  22  1  8 1 1 1
     2109  22  1  9 1 1 1
     2110  22  1  10 1 1 1
     2111  22  1  11 1 1 1
     2112  22  1  12 1 1 1
     2113  22  1  13 1 1 1
     2114  22  1  14 1 1 1
     2115  22  1  15 1 1 1
     2116  22  1  16 1 1 1
     2117  22  1  17 1 1 1
     2118  22  1  18 1 1 1
     2119  22  1  19 1 1 1
     2120  22  1  20 1 1 1
     2121  22  2  1 1 1 1
     2122  22  2  2 1 1 1
     2123  22  2  3 1 1 1
     2124  22  2  4 1 1 1
     2125  22  2  5 1 1 1
     2126  22  2  6 1 1 1
     2127  22  2  7 1 1 1
     2128  22  2  8 1 1 1
     2129  22  2  9 1 1 1
     2130  22  2  10 1 1 1
     2131  22  2  11 1 1 1
     2132  22  2  12 1 1 1
     2133  22  2  13 1 1 1
     2134  22  2  14 1 1 1
     2135  22  2  15 1 1 1
     2136  22  2  16 1 1 1
     2137  22  2  17 1 1 1
     2138  22  2  18 1 1 1
     2139  22  2  19 1 1 1
     2140  22  2  20 1 1 1
     2141  22  3  1 1 1 1
     2142  22  3  2 1 1 1
     2143  22  3  3 1 1 1
     2144  22  3  4 1 1 1
     2145  22  3  5 1 1 1
     2146  22  3  6 1 1 1
     2147  22  3  7 1 1 1
     2148  22  3  8 1 1 1
     2149  22  3  9 1 1 1
     2150  22  3  10 1 1 1
     2151  22  3  11 1 1 1
     2152  22  3  12 1 1 1
     2153  22  3  13 1 1 1
     2154  22  3  14 1 1 1
     2155  22  3  15 1 1 1
     2156  22  3  16 1 1 1
     2157  22  3  17 1 1 1
     2158  22  3  18 1 1 1
     2159  22  3  19 1 1 1
     2160  22  3  20 1 1 1
     2161  22  4  1 1 1 1
     2162  22  4  2 1 1 1
     2163  22  4  3 1 1 1
     2164  22  4  4 1 1 1
     2165  22  4  5 1 1 1
     2166  22  4  6 1 1 1
     2167  22  4  7 1 1 1
     2168  22  4  8 1 1 1
     2169  22  4  9 1 1 1
     2170  22  4  10 1 1 1
     2171  22  4  11 1 1 1
     2172  22  4  12 1 1 1
     2173  22  4  13 1 1 1
     2174  22  4  14 1 1 1
     2175  22  4  15 1 1 1
     2176  22  4  16 1 1 1
     2177  22  4  17 1 1 1
     2178  22  4  18 1 1 1
     2179  22  4  19 1 1 1
     2180  22  4  20 1 1 1
     2181  22  5  1 1 1 1
     2182  22  5  2 1 1 1
     2183  22  5  3 1 1 1
     2184  22  5  4 1 1 1
     2185  22  5  5 1 1 1
     2186  22  5  6 1 1 1
     2187  22  5  7 1 1 1
     2188  22  5  8 1 1 1
     2189  22  5  9 1 1 1
     2190  22  5  10 1 1 1
     2191  22  5  11 1 1 1
     2192  22  5  12 1 1 1
     2193  22  5  13 1 1 1
     2194  22  5  14 1 1 1
     2195  22  5  15 1 1 1
     2196  22  5  16 1 1 1
     2197  22  5  17 1 1 1
     2198  22  5  18 1 1 1
     2199  22  5  19 1 1 1
     2200  22  5  20 1 1 1
     2201  23  1  1 1 1 1
     2202  23  1  2 1 1 1
     2203  23  1  3 1 1 1
     2204  23  1  4 1 1 1
     2205  23  1  5 1 1 1
     2206  23  1  6 1 1 1
     2207  23  1  7 1 1 1
     2208  23  1  8 1 1 1
     2209  23  1  9 1 1 1
     2210  23  1  10 1 1 1
     2211  23  1  11 1 1 1
     2212  23  1  12 1 1 1
     2213  23  1  13 1 1 1
     2214  23  1  14 1 1 1
     2215  23  1  15 1 1 1
     2216  23  1  16 1 1 1
     2217  23  1  17 1 1 1
     2218  23  1  18 1 1 1
     2219  23  1  19 1 1 1
     2220  23  1  20 1 1 1
     2221  23  2  1 1 1 1
     2222  23  2  2 1 1 1
     2223  23  2  3 1 1 1
     2224  23  2  4 1 1 1
     2225  23  2  5 1 1 1
     2226  23  2  6 1 1 1
     2227  23  2  7 1 1 1
     2228  23  2  8 1 1 1
     2229  23  2  9 1 1 1
     2230  23  2  10 1 1 1
     2231  23  2  11 1 1 1
     2232  23  2  12 1 1 1
     2233  23  2  13 1 1 1
     2234  23  2  14 1 1 1
     2235  23  2  15 1 1 1
     2236  23  2  16 1 1 1
     2237  23  2  17 1 1 1
     2238  23  2  18 1 1 1
     2239  23  2  19 1 1 1
     2240  23  2  20 1 1 1
     2241  23  3  1 1 1 1
     2242  23  3  2 1 1 1
     2243  23  3  3 1 1 1
     2244  23  3  4 1 1 1
     2245  23  3  5 1 1 1
     2246  23  3  6 1 1 1
     2247  23  3  7 1 1 1
     2248  23  3  8 1 1 1
     2249  23  3  9 1 1 1
     2250  23  3  10 1 1 1
     2251  23  3  11 1 1 1
     2252  23  3  12 1 1 1
     2253  23  3  13 1 1 1
     2254  23  3  14 1 1 1
     2255  23  3  15 1 1 1
     2256  23  3  16 1 1 1
     2257  23  3  17 1 1 1
     2258  23  3  18 1 1 1
     2259  23  3  19 1 1 1
     2260  23  3  20 1 1 1
     2261  23  4  1 1 1 1
     2262  23  4  2 1 1 1
     2263  23  4  3 1 1 1
     2264  23  4  4 1 1 1
     2265  23  4  5 1 1 1
     2266  23  4  6 1 1 1
     2267  23  4  7 1 1 1
     2268  23  4  8 1 1 1
     2269  23  4  9 1 1 1
     2270  23  4  10 1 1 1
     2271  23  4  11 1 1 1
     2272  23  4  12 1 1 1
     2273  23  4  13 1 1 1
     2274  23  4  14 1 1 1
     2275  23  4  15 1 1 1
     2276  23  4  16 1 1 1
     2277  23  4  17 1 1 1
     2278  23  4  18 1 1 1
     2279  23  4  19 1 1 1
     2280  23  4  20 1 1 1
     2281  23  5  1 1 1 1
     2282  23  5  2 1 1 1
     2283  23  5  3 1 1 1
     2284  23  5  4 1 1 1
     2285  23  5  5 1 1 1
     2286  23  5  6 1 1 1
     2287  23  5  7 1 1 1
     2288  23  5  8 1 1 1
     2289  23  5  9 1 1 1
     2290  23  5  10 1 1 1
     2291  23  5  11 1 1 1
     2292  23  5  12 1 1 1
     2293  23  5  13 1 1 1
     2294  23  5  14 1 1 1
     2295  23  5  15 1 1 1
     2296  23  5  16 1 1 1
     2297  23  5  17 1 1 1
     2298  23  5  18 1 1 1
     2299  23  5  19 1 1 1
     2300  23  5  20 1 1 1
     2301  24  1  1 1 1 1
     2302  24  1  2 1 1 1
     2303  24  1  3 1 1 1
     2304  24  1  4 1 1 1
     2305  24  1  5 1 1 1
     2306  24  1  6 1 1 1
     2307  24  1  7 1 1 1
     2308  24  1  8 1 1 1
     2309  24  1  9 1 1 1
     2310  24  1  10 1 1 1
     2311  24  1  11 1 1 1
     2312  24  1  12 1 1 1
     2313  24  1  13 1 1 1
     2314  24  1  14 1 1 1
     2315  24  1  15 1 1 1
     2316  24  1  16 1 1 1
     2317  24  1  17 1 1 1
     2318  24  1  18 1 1 1
     2319  24  1  19 1 1 1
     2320  24  1  20 1 1 1
     2321  24  2  1 1 1 1
     2322  24  2  2 1 1 1
     2323  24  2  3 1 1 1
     2324  24  2  4 1 1 1
     2325  24  2  5 1 1 1
     2326  24  2  6 1 1 1
     2327  24  2  7 1 1 1
     2328  24  2  8 1 1 1
     2329  24  2  9 1 1 1
     2330  24  2  10 1 1 1
     2331  24  2  11 1 1 1
     2332  24  2  12 1 1 1
     2333  24  2  13 1 1 1
     2334  24  2  14 1 1 1
     2335  24  2  15 1 1 1
     2336  24  2  16 1 1 1
     2337  24  2  17 1 1 1
     2338  24  2  18 1 1 1
     2339  24  2  19 1 1 1
     2340  24  2  20 1 1 1
     2341  24  3  1 1 1 1
     2342  24  3  2 1 1 1
     2343  24  3  3 1 1 1
     2344  24  3  4 1 1 1
     2345  24  3  5 1 1 1
     2346  24  3  6 1 1 1
     2347  24  3  7 1 1 1
     2348  24  3  8 1 1 1
     2349  24  3  9 1 1 1
     2350  24  3  10 1 1 1
     2351  24  3  11 1 1 1
     2352  24  3  12 1 1 1
     2353  24  3  13 1 1 1
     2354  24  3  14 1 1 1
     2355  24  3  15 1 1 1
     2356  24  3  16 1 1 1
     2357  24  3  17 1 1 1
     2358  24  3  18 1 1 1
     2359  24  3  19 1 1 1
     2360  24  3  20 1 1 1
     2361  24  4  1 1 1 1
     2362  24  4  2 1 1 1
     2363  24  4  3 1 1 1
     2364  24  4  4 1 1 1
     2365  24  4  5 1 1 1
     2366  24  4  6 1 1 1
     2367  24  4  7 1 1 1
     2368  24  4  8 1 1 1
     2369  24  4  9 1 1 1
     2370  24  4  10 1 1 1
     2371  24  4  11 1 1 1
     2372  24  4  12 1 1 1
     2373  24  4  13 1 1 1
     2374  24  4  14 1 1 1
     2375  24  4  15 1 1 1
     2376  24  4  16 1 1 1
     2377  24  4  17 1 1 1
     2378  24  4  18 1 1 1
     2379  24  4  19 1 1 1
     2380  24  4  20 1 1 1
     2381  24  5  1 1 1 1
     2382  24  5  2 1 1 1
     2383  24  5  3 1 1 1
     2384  24  5  4 1 1 1
     2385  24  5  5 1 1 1
     2386  24  5  6 1 1 1
     2387  24  5  7 1 1 1
     2388  24  5  8 1 1 1
     2389  24  5  9 1 1 1
     2390  24  5  10 1 1 1
     2391  24  5  11 1 1 1
     2392  24  5  12 1 1 1
     2393  24  5  13 1 1 1
     2394  24  5  14 1 1 1
     2395  24  5  15 1 1 1
     2396  24  5  16 1 1 1
     2397  24  5  17 1 1 1
     2398  24  5  18 1 1 1
     2399  24  5  19 1 1 1
     2400  24  5  20 1 1 1
     2401  25  1  1 1 1 1
     2402  25  1  2 1 1 1
     2403  25  1  3 1 1 1
     2404  25  1  4 1 1 1
     2405  25  1  5 1 1 1
     2406  25  1  6 1 1 1
     2407  25  1  7 1 1 1
     2408  25  1  8 1 1 1
     2409  25  1  9 1 1 1
     2410  25  1  10 1 1 1
     2411  25  1  11 1 1 1
     2412  25  1  12 1 1 1
     2413  25  1  13 1 1 1
     2414  25  1  14 1 1 1
     2415  25  1  15 1 1 1
     2416  25  1  16 1 1 1
     2417  25  1  17 1 1 1
     2418  25  1  18 1 1 1
     2419  25  1  19 1 1 1
     2420  25  1  20 1 1 1
     2421  25  2  1 1 1 1
     2422  25  2  2 1 1 1
     2423  25  2  3 1 1 1
     2424  25  2  4 1 1 1
     2425  25  2  5 1 1 1
     2426  25  2  6 1 1 1
     2427  25  2  7 1 1 1
     2428  25  2  8 1 1 1
     2429  25  2  9 1 1 1
     2430  25  2  10 1 1 1
     2431  25  2  11 1 1 1
     2432  25  2  12 1 1 1
     2433  25  2  13 1 1 1
     2434  25  2  14 1 1 1
     2435  25  2  15 1 1 1
     2436  25  2  16 1 1 1
     2437  25  2  17 1 1 1
     2438  25  2  18 1 1 1
     2439  25  2  19 1 1 1
     2440  25  2  20 1 1 1
     2441  25  3  1 1 1 1
     2442  25  3  2 1 1 1
     2443  25  3  3 1 1 1
     2444  25  3  4 1 1 1
     2445  25  3  5 1 1 1
     2446  25  3  6 1 1 1
     2447  25  3  7 1 1 1
     2448  25  3  8 1 1 1
     2449  25  3  9 1 1 1
     2450  25  3  10 1 1 1
     2451  25  3  11 1 1 1
     2452  25  3  12 1 1 1
     2453  25  3  13 1 1 1
     2454  25  3  14 1 1 1
     2455  25  3  15 1 1 1
     2456  25  3  16 1 1 1
     2457  25  3  17 1 1 1
     2458  25  3  18 1 1 1
     2459  25  3  19 1 1 1
     2460  25  3  20 1 1 1
     2461  25  4  1 1 1 1
     2462  25  4  2 1 1 1
     2463  25  4  3 1 1 1
     2464  25  4  4 1 1 1
     2465  25  4  5 1 1 1
     2466  25  4  6 1 1 1
     2467  25  4  7 1 1 1
     2468  25  4  8 1 1 1
     2469  25  4  9 1 1 1
     2470  25  4  10 1 1 1
     2471  25  4  11 1 1 1
     2472  25  4  12 1 1 1
     2473  25  4  13 1 1 1
     2474  25  4  14 1 1 1
     2475  25  4  15 1 1 1
     2476  25  4  16 1 1 1
     2477  25  4  17 1 1 1
     2478  25  4  18 1 1 1
     2479  25  4  19 1 1 1
     2480  25  4  20 1 1 1
     2481  25  5  1 1 1 1
     2482  25  5  2 1 1 1
     2483  25  5  3 1 1 1
     2484  25  5  4 1 1 1
     2485  25  5  5 1 1 1
     2486  25  5  6 1 1 1
     2487  25  5  7 1 1 1
     2488  25  5  8 1 1 1
     2489  25  5  9 1 1 1
     2490  25  5  10 1 1 1
     2491  25  5  11 1 1 1
     2492  25  5  12 1 1 1
     2493  25  5  13 1 1 1
     2494  25  5  14 1 1 1
     2495  25  5  15 1 1 1
     2496  25  5  16 1 1 1
     2497  25  5  17 1 1 1
     2498  25  5  18 1 1 1
     2499  25  5  19 1 1 1
     2500  25  5  20 1 1 1
     2501  26  1  1 1 1 1
     2502  26  1  2 1 1 1
     2503  26  1  3 1 1 1
     2504  26  1  4 1 1 1
     2505  26  1  5 1 1 1
     2506  26  1  6 1 1 1
     2507  26  1  7 1 1 1
     2508  26  1  8 1 1 1
     2509  26  1  9 1 1 1
     2510  26  1  10 1 1 1
     2511  26  1  11 1 1 1
     2512  26  1  12 1 1 1
     2513  26  1  13 1 1 1
     2514  26  1  14 1 1 1
     2515  26  1  15 1 1 1
     2516  26  1  16 1 1 1
     2517  26  1  17 1 1 1
     2518  26  1  18 1 1 1
     2519  26  1  19 1 1 1
     2520  26  1  20 1 1 1
     2521  26  2  1 1 1 1
     2522  26  2  2 1 1 1
     2523  26  2  3 1 1 1
     2524  26  2  4 1 1 1
     2525  26  2  5 1 1 1
     2526  26  2  6 1 1 1
     2527  26  2  7 1 1 1
     2528  26  2  8 1 1 1
     2529  26  2  9 1 1 1
     2530  26  2  10 1 1 1
     2531  26  2  11 1 1 1
     2532  26  2  12 1 1 1
     2533  26  2  13 1 1 1
     2534  26  2  14 1 1 1
     2535  26  2  15 1 1 1
     2536  26  2  16 1 1 1
     2537  26  2  17 1 1 1
     2538  26  2  18 1 1 1
     2539  26  2  19 1 1 1
     2540  26  2  20 1 1 1
     2541  26  3  1 1 1 1
     2542  26  3  2 1 1 1
     2543  26  3  3 1 1 1
     2544  26  3  4 1 1 1
     2545  26  3  5 1 1 1
     2546  26  3  6 1 1 1
     2547  26  3  7 1 1 1
     2548  26  3  8 1 1 1
     2549  26  3  9 1 1 1
     2550  26  3  10 1 1 1
     2551  26  3  11 1 1 1
     2552  26  3  12 1 1 1
     2553  26  3  13 1 1 1
     2554  26  3  14 1 1 1
     2555  26  3  15 1 1 1
     2556  26  3  16 1 1 1
     2557  26  3  17 1 1 1
     2558  26  3  18 1 1 1
     2559  26  3  19 1 1 1
     2560  26  3  20 1 1 1
     2561  26  4  1 1 1 1
     2562  26  4  2 1 1 1
     2563  26  4  3 1 1 1
     2564  26  4  4 1 1 1
     2565  26  4  5 1 1 1
     2566  26  4  6 1 1 1
     2567  26  4  7 1 1 1
     2568  26  4  8 1 1 1
     2569  26  4  9 1 1 1
     2570  26  4  10 1 1 1
     2571  26  4  11 1 1 1
     2572  26  4  12 1 1 1
     2573  26  4  13 1 1 1
     2574  26  4  14 1 1 1
     2575  26  4  15 1 1 1
     2576  26  4  16 1 1 1
     2577  26  4  17 1 1 1
     2578  26  4  18 1 1 1
     2579  26  4  19 1 1 1
     2580  26  4  20 1 1 1
     2581  26  5  1 1 1 1
     2582  26  5  2 1 1 1
     2583  26  5  3 1 1 1
     2584  26  5  4 1 1 1
     2585  26  5  5 1 1 1
     2586  26  5  6 1 1 1
     2587  26  5  7 1 1 1
     2588  26  5  8 1 1 1
     2589  26  5  9 1 1 1
     2590  26  5  10 1 1 1
     2591  26  5  11 1 1 1
     2592  26  5  12 1 1 1
     2593  26  5  13 1 1 1
     2594  26  5  14 1 1 1
     2595  26  5  15 1 1 1
     2596  26  5  16 1 1 1
     2597  26  5  17 1 1 1
     2598  26  5  18 1 1 1
     2599  26  5  19 1 1 1
     2600  26  5  20 1 1 1
     2601  27  1  1 1 1 1
     2602  27  1  2 1 1 1
     2603  27  1  3 1 1 1
     2604  27  1  4 1 1 1
     2605  27  1  5 1 1 1
     2606  27  1  6 1 1 1
     2607  27  1  7 1 1 1
     2608  27  1  8 1 1 1
     2609  27  1  9 1 1 1
     2610  27  1  10 1 1 1
     2611  27  1  11 1 1 1
     2612  27  1  12 1 1 1
     2613  27  1  13 1 1 1
     2614  27  1  14 1 1 1
     2615  27  1  15 1 1 1
     2616  27  1  16 1 1 1
     2617  27  1  17 1 1 1
     2618  27  1  18 1 1 1
     2619  27  1  19 1 1 1
     2620  27  1  20 1 1 1
     2621  27  2  1 1 1 1
     2622  27  2  2 1 1 1
     2623  27  2  3 1 1 1
     2624  27  2  4 1 1 1
     2625  27  2  5 1 1 1
     2626  27  2  6 1 1 1
     2627  27  2  7 1 1 1
     2628  27  2  8 1 1 1
     2629  27  2  9 1 1 1
     2630  27  2  10 1 1 1
     2631  27  2  11 1 1 1
     2632  27  2  12 1 1 1
     2633  27  2  13 1 1 1
     2634  27  2  14 1 1 1
     2635  27  2  15 1 1 1
     2636  27  2  16 1 1 1
     2637  27  2  17 1 1 1
     2638  27  2  18 1 1 1
     2639  27  2  19 1 1 1
     2640  27  2  20 1 1 1
     2641  27  3  1 1 1 1
     2642  27  3  2 1 1 1
     2643  27  3  3 1 1 1
     2644  27  3  4 1 1 1
     2645  27  3  5 1 1 1
     2646  27  3  6 1 1 1
     2647  27  3  7 1 1 1
     2648  27  3  8 1 1 1
     2649  27  3  9 1 1 1
     2650  27  3  10 1 1 1
     2651  27  3  11 1 1 1
     2652  27  3  12 1 1 1
     2653  27  3  13 1 1 1
     2654  27  3  14 1 1 1
     2655  27  3  15 1 1 1
     2656  27  3  16 1 1 1
     2657  27  3  17 1 1 1
     2658  27  3  18 1 1 1
     2659  27  3  19 1 1 1
     2660  27  3  20 1 1 1
     2661  27  4  1 1 1 1
     2662  27  4  2 1 1 1
     2663  27  4  3 1 1 1
     2664  27  4  4 1 1 1
     2665  27  4  5 1 1 1
     2666  27  4  6 1 1 1
     2667  27  4  7 1 1 1
     2668  27  4  8 1 1 1
     2669  27  4  9 1 1 1
     2670  27  4  10 1 1 1
     2671  27  4  11 1 1 1
     2672  27  4  12 1 1 1
     2673  27  4  13 1 1 1
     2674  27  4  14 1 1 1
     2675  27  4  15 1 1 1
     2676  27  4  16 1 1 1
     2677  27  4  17 1 1 1
     2678  27  4  18 1 1 1
     2679  27  4  19 1 1 1
     2680  27  4  20 1 1 1
     2681  27  5  1 1 1 1
     2682  27  5  2 1 1 1
     2683  27  5  3 1 1 1
     2684  27  5  4 1 1 1
     2685  27  5  5 1 1 1
     2686  27  5  6 1 1 1
     2687  27  5  7 1 1 1
     2688  27  5  8 1 1 1
     2689  27  5  9 1 1 1
     2690  27  5  10 1 1 1
     2691  27  5  11 1 1 1
     2692  27  5  12 1 1 1
     2693  27  5  13 1 1 1
     2694  27  5  14 1 1 1
     2695  27  5  15 1 1 1
     2696  27  5  16 1 1 1
     2697  27  5  17 1 1 1
     2698  27  5  18 1 1 1
     2699  27  5  19 1 1 1
     2700  27  5  20 1 1 1
     2701  28  1  1 1 1 1
     2702  28  1  2 1 1 1
     2703  28  1  3 1 1 1
     2704  28  1  4 1 1 1
     2705  28  1  5 1 1 1
     2706  28  1  6 1 1 1
     2707  28  1  7 1 1 1
     2708  28  1  8 1 1 1
     2709  28  1  9 1 1 1
     2710  28  1  10 1 1 1
     2711  28  1  11 1 1 1
     2712  28  1  12 1 1 1
     2713  28  1  13 1 1 1
     2714  28  1  14 1 1 1
     2715  28  1  15 1 1 1
     2716  28  1  16 1 1 1
     2717  28  1  17 1 1 1
     2718  28  1  18 1 1 1
     2719  28  1  19 1 1 1
     2720  28  1  20 1 1 1
     2721  28  2  1 1 1 1
     2722  28  2  2 1 1 1
     2723  28  2  3 1 1 1
     2724  28  2  4 1 1 1
     2725  28  2  5 1 1 1
     2726  28  2  6 1 1 1
     2727  28  2  7 1 1 1
     2728  28  2  8 1 1 1
     2729  28  2  9 1 1 1
     2730  28  2  10 1 1 1
     2731  28  2  11 1 1 1
     2732  28  2  12 1 1 1
     2733  28  2  13 1 1 1
     2734  28  2  14 1 1 1
     2735  28  2  15 1 1 1
     2736  28  2  16 1 1 1
     2737  28  2  17 1 1 1
     2738  28  2  18 1 1 1
     2739  28  2  19 1 1 1
     2740  28  2  20 1 1 1
     2741  28  3  1 1 1 1
     2742  28  3  2 1 1 1
     2743  28  3  3 1 1 1
     2744  28  3  4 1 1 1
     2745  28  3  5 1 1 1
     2746  28  3  6 1 1 1
     2747  28  3  7 1 1 1
     2748  28  3  8 1 1 1
     2749  28  3  9 1 1 1
     2750  28  3  10 1 1 1
     2751  28  3  11 1 1 1
     2752  28  3  12 1 1 1
     2753  28  3  13 1 1 1
     2754  28  3  14 1 1 1
     2755  28  3  15 1 1 1
     2756  28  3  16 1 1 1
     2757  28  3  17 1 1 1
     2758  28  3  18 1 1 1
     2759  28  3  19 1 1 1
     2760  28  3  20 1 1 1
     2761  28  4  1 1 1 1
     2762  28  4  2 1 1 1
     2763  28  4  3 1 1 1
     2764  28  4  4 1 1 1
     2765  28  4  5 1 1 1
     2766  28  4  6 1 1 1
     2767  28  4  7 1 1 1
     2768  28  4  8 1 1 1
     2769  28  4  9 1 1 1
     2770  28  4  10 1 1 1
     2771  28  4  11 1 1 1
     2772  28  4  12 1 1 1
     2773  28  4  13 1 1 1
     2774  28  4  14 1 1 1
     2775  28  4  15 1 1 1
     2776  28  4  16 1 1 1
     2777  28  4  17 1 1 1
     2778  28  4  18 1 1 1
     2779  28  4  19 1 1 1
     2780  28  4  20 1 1 1
     2781  28  5  1 1 1 1
     2782  28  5  2 1 1 1
     2783  28  5  3 1 1 1
     2784  28  5  4 1 1 1
     2785  28  5  5 1 1 1
     2786  28  5  6 1 1 1
     2787  28  5  7 1 1 1
     2788  28  5  8 1 1 1
     2789  28  5  9 1 1 1
     2790  28  5  10 1 1 1
     2791  28  5  11 1 1 1
     2792  28  5  12 1 1 1
     2793  28  5  13 1 1 1
     2794  28  5  14 1 1 1
     2795  28  5  15 1 1 1
     2796  28  5  16 1 1 1
     2797  28  5  17 1 1 1
     2798  28  5  18 1 1 1
     2799  28  5  19 1 1 1
     2800  28  5  20 1 1 1
     2801  29  1  1 1 1 1
     2802  29  1  2 1 1 1
     2803  29  1  3 1 1 1
     2804  29  1  4 1 1 1
     2805  29  1  5 1 1 1
     2806  29  1  6 1 1 1
     2807  29  1  7 1 1 1
     2808  29  1  8 1 1 1
     2809  29  1  9 1 1 1
     2810  29  1  10 1 1 1
     2811  29  1  11 1 1 1
     2812  29  1  12 1 1 1
     2813  29  1  13 1 1 1
     2814  29  1  14 1 1 1
     2815  29  1  15 1 1 1
     2816  29  1  16 1 1 1
     2817  29  1  17 1 1 1
     2818  29  1  18 1 1 1
     2819  29  1  19 1 1 1
     2820  29  1  20 1 1 1
     2821  29  2  1 1 1 1
     2822  29  2  2 1 1 1
     2823  29  2  3 1 1 1
     2824  29  2  4 1 1 1
     2825  29  2  5 1 1 1
     2826  29  2  6 1 1 1
     2827  29  2  7 1 1 1
     2828  29  2  8 1 1 1
     2829  29  2  9 1 1 1
     2830  29  2  10 1 1 1
     2831  29  2  11 1 1 1
     2832  29  2  12 1 1 1
     2833  29  2  13 1 1 1
     2834  29  2  14 1 1 1
     2835  29  2  15 1 1 1
     2836  29  2  16 1 1 1
     2837  29  2  17 1 1 1
     2838  29  2  18 1 1 1
     2839  29  2  19 1 1 1
     2840  29  2  20 1 1 1
     2841  29  3  1 1 1 1
     2842  29  3  2 1 1 1
     2843  29  3  3 1 1 1
     2844  29  3  4 1 1 1
     2845  29  3  5 1 1 1
     2846  29  3  6 1 1 1
     2847  29  3  7 1 1 1
     2848  29  3  8 1 1 1
     2849  29  3  9 1 1 1
     2850  29  3  10 1 1 1
     2851  29  3  11 1 1 1
     2852  29  3  12 1 1 1
     2853  29  3  13 1 1 1
     2854  29  3  14 1 1 1
     2855  29  3  15 1 1 1
     2856  29  3  16 1 1 1
     2857  29  3  17 1 1 1
     2858  29  3  18 1 1 1
     2859  29  3  19 1 1 1
     2860  29  3  20 1 1 1
     2861  29  4  1 1 1 1
     2862  29  4  2 1 1 1
     2863  29  4  3 1 1 1
     2864  29  4  4 1 1 1
     2865  29  4  5 1 1 1
     2866  29  4  6 1 1 1
     2867  29  4  7 1 1 1
     2868  29  4  8 1 1 1
     2869  29  4  9 1 1 1
     2870  29  4  10 1 1 1
     2871  29  4  11 1 1 1
     2872  29  4  12 1 1 1
     2873  29  4  13 1 1 1
     2874  29  4  14 1 1 1
     2875  29  4  15 1 1 1
     2876  29  4  16 1 1 1
     2877  29  4  17 1 1 1
     2878  29  4  18 1 1 1
     2879  29  4  19 1 1 1
     2880  29  4  20 1 1 1
     2881  29  5  1 1 1 1
     2882  29  5  2 1 1 1
     2883  29  5  3 1 1 1
     2884  29  5  4 1 1 1
     2885  29  5  5 1 1 1
     2886  29  5  6 1 1 1
     2887  29  5  7 1 1 1
     2888  29  5  8 1 1 1
     2889  29  5  9 1 1 1
     2890  29  5  10 1 1 1
     2891  29  5  11 1 1 1
     2892  29  5  12 1 1 1
     2893  29  5  13 1 1 1
     2894  29  5  14 1 1 1
     2895  29  5  15 1 1 1
     2896  29  5  16 1 1 1
     2897  29  5  17 1 1 1
     2898  29  5  18 1 1 1
     2899  29  5  19 1 1 1
     2900  29  5  20 1 1 1
     2901  30  1  1 1 1 1
     2902  30  1  2 1 1 1
     2903  30  1  3 1 1 1
     2904  30  1  4 1 1 1
     2905  30  1  5 1 1 1
     2906  30  1  6 1 1 1
     2907  30  1  7 1 1 1
     2908  30  1  8 1 1 1
     2909  30  1  9 1 1 1
     2910  30  1  10 1 1 1
     2911  30  1  11 1 1 1
     2912  30  1  12 1 1 1
     2913  30  1  13 1 1 1
     2914  30  1  14 1 1 1
     2915  30  1  15 1 1 1
     2916  30  1  16 1 1 1
     2917  30  1  17 1 1 1
     2918  30  1  18 1 1 1
     2919  30  1  19 1 1 1
     2920  30  1  20 1 1 1
     2921  30  2  1 1 1 1
     2922  30  2  2 1 1 1
     2923  30  2  3 1 1 1
     2924  30  2  4 1 1 1
     2925  30  2  5 1 1 1
     2926  30  2  6 1 1 1
     2927  30  2  7 1 1 1
     2928  30  2  8 1 1 1
     2929  30  2  9 1 1 1
     2930  30  2  10 1 1 1
     2931  30  2  11 1 1 1
     2932  30  2  12 1 1 1
     2933  30  2  13 1 1 1
     2934  30  2  14 1 1 1
     2935  30  2  15 1 1 1
     2936  30  2  16 1 1 1
     2937  30  2  17 1 1 1
     2938  30  2  18 1 1 1
     2939  30  2  19 1 1 1
     2940  30  2  20 1 1 1
     2941  30  3  1 1 1 1
     2942  30  3  2 1 1 1
     2943  30  3  3 1 1 1
     2944  30  3  4 1 1 1
     2945  30  3  5 1 1 1
     2946  30  3  6 1 1 1
     2947  30  3  7 1 1 1
     2948  30  3  8 1 1 1
     2949  30  3  9 1 1 1
     2950  30  3  10 1 1 1
     2951  30  3  11 1 1 1
     2952  30  3  12 1 1 1
     2953  30  3  13 1 1 1
     2954  30  3  14 1 1 1
     2955  30  3  15 1 1 1
     2956  30  3  16 1 1 1
     2957  30  3  17 1 1 1
     2958  30  3  18 1 1 1
     2959  30  3  19 1 1 1
     2960  30  3  20 1 1 1
     2961  30  4  1 1 1 1
     2962  30  4  2 1 1 1
     2963  30  4  3 1 1 1
     2964  30  4  4 1 1 1
     2965  30  4  5 1 1 1
     2966  30  4  6 1 1 1
     2967  30  4  7 1 1 1
     2968  30  4  8 1 1 1
     2969  30  4  9 1 1 1
     2970  30  4  10 1 1 1
     2971  30  4  11 1 1 1
     2972  30  4  12 1 1 1
     2973  30  4  13 1 1 1
     2974  30  4  14 1 1 1
     2975  30  4  15 1 1 1
     2976  30  4  16 1 1 1
     2977  30  4  17 1 1 1
     2978  30  4  18 1 1 1
     2979  30  4  19 1 1 1
     2980  30  4  20 1 1 1
     2981  30  5  1 1 1 1
     2982  30  5  2 1 1 1
     2983  30  5  3 1 1 1
     2984  30  5  4 1 1 1
     2985  30  5  5 1 1 1
     2986  30  5  6 1 1 1
     2987  30  5  7 1 1 1
     2988  30  5  8 1 1 1
     2989  30  5  9 1 1 1
     2990  30  5  10 1 1 1
     2991  30  5  11 1 1 1
     2992  30  5  12 1 1 1
     2993  30  5  13 1 1 1
     2994  30  5  14 1 1 1
     2995  30  5  15 1 1 1
     2996  30  5  16 1 1 1
     2997  30  5  17 1 1 1
     2998  30  5  18 1 1 1
     2999  30  5  19 1 1 1
     3000  30  5  20 1 1 1
     3001  31  1  1 1 1 1
     3002  31  1  2 1 1 1
     3003  31  1  3 1 1 1
     3004  31  1  4 1 1 1
     3005  31  1  5 1 1 1
     3006  31  1  6 1 1 1
     3007  31  1  7 1 1 1
     3008  31  1  8 1 1 1
     3009  31  1  9 1 1 1
     3010  31  1  10 1 1 1
     3011  31  1  11 1 1 1
     3012  31  1  12 1 1 1
     3013  31  1  13 1 1 1
     3014  31  1  14 1 1 1
     3015  31  1  15 1 1 1
     3016  31  1  16 1 1 1
     3017  31  1  17 1 1 1
     3018  31  1  18 1 1 1
     3019  31  1  19 1 1 1
     3020  31  1  20 1 1 1
     3021  31  2  1 1 1 1
     3022  31  2  2 1 1 1
     3023  31  2  3 1 1 1
     3024  31  2  4 1 1 1
     3025  31  2  5 1 1 1
     3026  31  2  6 1 1 1
     3027  31  2  7 1 1 1
     3028  31  2  8 1 1 1
     3029  31  2  9 1 1 1
     3030  31  2  10 1 1 1
     3031  31  2  11 1 1 1
     3032  31  2  12 1 1 1
     3033  31  2  13 1 1 1
     3034  31  2  14 1 1 1
     3035  31  2  15 1 1 1
     3036  31  2  16 1 1 1
     3037  31  2  17 1 1 1
     3038  31  2  18 1 1 1
     3039  31  2  19 1 1 1
     3040  31  2  20 1 1 1
     3041  31  3  1 1 1 1
     3042  31  3  2 1 1 1
     3043  31  3  3 1 1 1
     3044  31  3  4 1 1 1
     3045  31  3  5 1 1 1
     3046  31  3  6 1 1 1
     3047  31  3  7 1 1 1
     3048  31  3  8 1 1 1
     3049  31  3  9 1 1 1
     3050  31  3  10 1 1 1
     3051  31  3  11 1 1 1
     3052  31  3  12 1 1 1
     3053  31  3  13 1 1 1
     3054  31  3  14 1 1 1
     3055  31  3  15 1 1 1
     3056  31  3  16 1 1 1
     3057  31  3  17 1 1 1
     3058  31  3  18 1 1 1
     3059  31  3  19 1 1 1
     3060  31  3  20 1 1 1
     3061  31  4  1 1 1 1
     3062  31  4  2 1 1 1
     3063  31  4  3 1 1 1
     3064  31  4  4 1 1 1
     3065  31  4  5 1 1 1
     3066  31  4  6 1 1 1
     3067  31  4  7 1 1 1
     3068  31  4  8 1 1 1
     3069  31  4  9 1 1 1
     3070  31  4  10 1 1 1
     3071  31  4  11 1 1 1
     3072  31  4  12 1 1 1
     3073  31  4  13 1 1 1
     3074  31  4  14 1 1 1
     3075  31  4  15 1 1 1
     3076  31  4  16 1 1 1
     3077  31  4  17 1 1 1
     3078  31  4  18 1 1 1
     3079  31  4  19 1 1 1
     3080  31  4  20 1 1 1
     3081  31  5  1 1 1 1
     3082  31  5  2 1 1 1
     3083  31  5  3 1 1 1
     3084  31  5  4 1 1 1
     3085  31  5  5 1 1 1
     3086  31  5  6 1 1 1
     3087  31  5  7 1 1 1
     3088  31  5  8 1 1 1
     3089  31  5  9 1 1 1
     3090  31  5  10 1 1 1
     3091  31  5  11 1 1 1
     3092  31  5  12 1 1 1
     3093  31  5  13 1 1 1
     3094  31  5  14 1 1 1
     3095  31  5  15 1 1 1
     3096  31  5  16 1 1 1
     3097  31  5  17 1 1 1
     3098  31  5  18 1 1 1
     3099  31  5  19 1 1 1
     3100  31  5  20 1 1 1
     3101  32  1  1 1 1 1
     3102  32  1  2 1 1 1
     3103  32  1  3 1 1 1
     3104  32  1  4 1 1 1
     3105  32  1  5 1 1 1
     3106  32  1  6 1 1 1
     3107  32  1  7 1 1 1
     3108  32  1  8 1 1 1
     3109  32  1  9 1 1 1
     3110  32  1  10 1 1 1
     3111  32  1  11 1 1 1
     3112  32  1  12 1 1 1
     3113  32  1  13 1 1 1
     3114  32  1  14 1 1 1
     3115  32  1  15 1 1 1
     3116  32  1  16 1 1 1
     3117  32  1  17 1 1 1
     3118  32  1  18 1 1 1
     3119  32  1  19 1 1 1
     3120  32  1  20 1 1 1
     3121  32  2  1 1 1 1
     3122  32  2  2 1 1 1
     3123  32  2  3 1 1 1
     3124  32  2  4 1 1 1
     3125  32  2  5 1 1 1
     3126  32  2  6 1 1 1
     3127  32  2  7 1 1 1
     3128  32  2  8 1 1 1
     3129  32  2  9 1 1 1
     3130  32  2  10 1 1 1
     3131  32  2  11 1 1 1
     3132  32  2  12 1 1 1
     3133  32  2  13 1 1 1
     3134  32  2  14 1 1 1
     3135  32  2  15 1 1 1
     3136  32  2  16 1 1 1
     3137  32  2  17 1 1 1
     3138  32  2  18 1 1 1
     3139  32  2  19 1 1 1
     3140  32  2  20 1 1 1
     3141  32  3  1 1 1 1
     3142  32  3  2 1 1 1
     3143  32  3  3 1 1 1
     3144  32  3  4 1 1 1
     3145  32  3  5 1 1 1
     3146  32  3  6 1 1 1
     3147  32  3  7 1 1 1
     3148  32  3  8 1 1 1
     3149  32  3  9 1 1 1
     3150  32  3  10 1 1 1
     3151  32  3  11 1 1 1
     3152  32  3  12 1 1 1
     3153  32  3  13 1 1 1
     3154  32  3  14 1 1 1
     3155  32  3  15 1 1 1
     3156  32  3  16 1 1 1
     3157  32  3  17 1 1 1
     3158  32  3  18 1 1 1
     3159  32  3  19 1 1 1
     3160  32  3  20 1 1 1
     3161  32  4  1 1 1 1
     3162  32  4  2 1 1 1
     3163  32  4  3 1 1 1
     3164  32  4  4 1 1 1
     3165  32  4  5 1 1 1
     3166  32  4  6 1 1 1
     3167  32  4  7 1 1 1
     3168  32  4  8 1 1 1
     3169  32  4  9 1 1 1
     3170  32  4  10 1 1 1
     3171  32  4  11 1 1 1
     3172  32  4  12 1 1 1
     3173  32  4  13 1 1 1
     3174  32  4  14 1 1 1
     3175  32  4  15 1 1 1
     3176  32  4  16 1 1 1
     3177  32  4  17 1 1 1
     3178  32  4  18 1 1 1
     3179  32  4  19 1 1 1
     3180  32  4  20 1 1 1
     3181  32  5  1 1 1 1
     3182  32  5  2 1 1 1
     3183  32  5  3 1 1 1
     3184  32  5  4 1 1 1
     3185  32  5  5 1 1 1
     3186  32  5  6 1 1 1
     3187  32  5  7 1 1 1
     3188  32  5  8 1 1 1
     3189  32  5  9 1 1 1
     3190  32  5  10 1 1 1
     3191  32  5  11 1 1 1
     3192  32  5  12 1 1 1
     3193  32  5  13 1 1 1
     3194  32  5  14 1 1 1
     3195  32  5  15 1 1 1
     3196  32  5  16 1 1 1
     3197  32  5  17 1 1 1
     3198  32  5  18 1 1 1
     3199  32  5  19 1 1 1
     3200  32  5  20 1 1 1
     3201  33  1  1 1 1 1
     3202  33  1  2 1 1 1
     3203  33  1  3 1 1 1
     3204  33  1  4 1 1 1
     3205  33  1  5 1 1 1
     3206  33  1  6 1 1 1
     3207  33  1  7 1 1 1
     3208  33  1  8 1 1 1
     3209  33  1  9 1 1 1
     3210  33  1  10 1 1 1
     3211  33  1  11 1 1 1
     3212  33  1  12 1 1 1
     3213  33  1  13 1 1 1
     3214  33  1  14 1 1 1
     3215  33  1  15 1 1 1
     3216  33  1  16 1 1 1
     3217  33  1  17 1 1 1
     3218  33  1  18 1 1 1
     3219  33  1  19 1 1 1
     3220  33  1  20 1 1 1
     3221  33  2  1 1 1 1
     3222  33  2  2 1 1 1
     3223  33  2  3 1 1 1
     3224  33  2  4 1 1 1
     3225  33  2  5 1 1 1
     3226  33  2  6 1 1 1
     3227  33  2  7 1 1 1
     3228  33  2  8 1 1 1
     3229  33  2  9 1 1 1
     3230  33  2  10 1 1 1
     3231  33  2  11 1 1 1
     3232  33  2  12 1 1 1
     3233  33  2  13 1 1 1
     3234  33  2  14 1 1 1
     3235  33  2  15 1 1 1
     3236  33  2  16 1 1 1
     3237  33  2  17 1 1 1
     3238  33  2  18 1 1 1
     3239  33  2  19 1 1 1
     3240  33  2  20 1 1 1
     3241  33  3  1 1 1 1
     3242  33  3  2 1 1 1
     3243  33  3  3 1 1 1
     3244  33  3  4 1 1 1
     3245  33  3  5 1 1 1
     3246  33  3  6 1 1 1
     3247  33  3  7 1 1 1
     3248  33  3  8 1 1 1
     3249  33  3  9 1 1 1
     3250  33  3  10 1 1 1
     3251  33  3  11 1 1 1
     3252  33  3  12 1 1 1
     3253  33  3  13 1 1 1
     3254  33  3  14 1 1 1
     3255  33  3  15 1 1 1
     3256  33  3  16 1 1 1
     3257  33  3  17 1 1 1
     3258  33  3  18 1 1 1
     3259  33  3  19 1 1 1
     3260  33  3  20 1 1 1
     3261  33  4  1 1 1 1
     3262  33  4  2 1 1 1
     3263  33  4  3 1 1 1
     3264  33  4  4 1 1 1
     3265  33  4  5 1 1 1
     3266  33  4  6 1 1 1
     3267  33  4  7 1 1 1
     3268  33  4  8 1 1 1
     3269  33  4  9 1 1 1
     3270  33  4  10 1 1 1
     3271  33  4  11 1 1 1
     3272  33  4  12 1 1 1
     3273  33  4  13 1 1 1
     3274  33  4  14 1 1 1
     3275  33  4  15 1 1 1
     3276  33  4  16 1 1 1
     3277  33  4  17 1 1 1
     3278  33  4  18 1 1 1
     3279  33  4  19 1 1 1
     3280  33  4  20 1 1 1
     3281  33  5  1 1 1 1
     3282  33  5  2 1 1 1
     3283  33  5  3 1 1 1
     3284  33  5  4 1 1 1
     3285  33  5  5 1 1 1
     3286  33  5  6 1 1 1
     3287  33  5  7 1 1 1
     3288  33  5  8 1 1 1
     3289  33  5  9 1 1 1
     3290  33  5  10 1 1 1
     3291  33  5  11 1 1 1
     3292  33  5  12 1 1 1
     3293  33  5  13 1 1 1
     3294  33  5  14 1 1 1
     3295  33  5  15 1 1 1
     3296  33  5  16 1 1 1
     3297  33  5  17 1 1 1
     3298  33  5  18 1 1 1
     3299  33  5  19 1 1 1
     3300  33  5  20 1 1 1
     3301  34  1  1 1 1 1
     3302  34  1  2 1 1 1
     3303  34  1  3 1 1 1
     3304  34  1  4 1 1 1
     3305  34  1  5 1 1 1
     3306  34  1  6 1 1 1
     3307  34  1  7 1 1 1
     3308  34  1  8 1 1 1
     3309  34  1  9 1 1 1
     3310  34  1  10 1 1 1
     3311  34  1  11 1 1 1
     3312  34  1  12 1 1 1
     3313  34  1  13 1 1 1
     3314  34  1  14 1 1 1
     3315  34  1  15 1 1 1
     3316  34  1  16 1 1 1
     3317  34  1  17 1 1 1
     3318  34  1  18 1 1 1
     3319  34  1  19 1 1 1
     3320  34  1  20 1 1 1
     3321  34  2  1 1 1 1
     3322  34  2  2 1 1 1
     3323  34  2  3 1 1 1
     3324  34  2  4 1 1 1
     3325  34  2  5 1 1 1
     3326  34  2  6 1 1 1
     3327  34  2  7 1 1 1
     3328  34  2  8 1 1 1
     3329  34  2  9 1 1 1
     3330  34  2  10 1 1 1
     3331  34  2  11 1 1 1
     3332  34  2  12 1 1 1
     3333  34  2  13 1 1 1
     3334  34  2  14 1 1 1
     3335  34  2  15 1 1 1
     3336  34  2  16 1 1 1
     3337  34  2  17 1 1 1
     3338  34  2  18 1 1 1
     3339  34  2  19 1 1 1
     3340  34  2  20 1 1 1
     3341  34  3  1 1 1 1
     3342  34  3  2 1 1 1
     3343  34  3  3 1 1 1
     3344  34  3  4 1 1 1
     3345  34  3  5 1 1 1
     3346  34  3  6 1 1 1
     3347  34  3  7 1 1 1
     3348  34  3  8 1 1 1
     3349  34  3  9 1 1 1
     3350  34  3  10 1 1 1
     3351  34  3  11 1 1 1
     3352  34  3  12 1 1 1
     3353  34  3  13 1 1 1
     3354  34  3  14 1 1 1
     3355  34  3  15 1 1 1
     3356  34  3  16 1 1 1
     3357  34  3  17 1 1 1
     3358  34  3  18 1 1 1
     3359  34  3  19 1 1 1
     3360  34  3  20 1 1 1
     3361  34  4  1 1 1 1
     3362  34  4  2 1 1 1
     3363  34  4  3 1 1 1
     3364  34  4  4 1 1 1
     3365  34  4  5 1 1 1
     3366  34  4  6 1 1 1
     3367  34  4  7 1 1 1
     3368  34  4  8 1 1 1
     3369  34  4  9 1 1 1
     3370  34  4  10 1 1 1
     3371  34  4  11 1 1 1
     3372  34  4  12 1 1 1
     3373  34  4  13 1 1 1
     3374  34  4  14 1 1 1
     3375  34  4  15 1 1 1
     3376  34  4  16 1 1 1
     3377  34  4  17 1 1 1
     3378  34  4  18 1 1 1
     3379  34  4  19 1 1 1
     3380  34  4  20 1 1 1
     3381  34  5  1 1 1 1
     3382  34  5  2 1 1 1
     3383  34  5  3 1 1 1
     3384  34  5  4 1 1 1
     3385  34  5  5 1 1 1
     3386  34  5  6 1 1 1
     3387  34  5  7 1 1 1
     3388  34  5  8 1 1 1
     3389  34  5  9 1 1 1
     3390  34  5  10 1 1 1
     3391  34  5  11 1 1 1
     3392  34  5  12 1 1 1
     3393  34  5  13 1 1 1
     3394  34  5  14 1 1 1
     3395  34  5  15 1 1 1
     3396  34  5  16 1 1 1
     3397  34  5  17 1 1 1
     3398  34  5  18 1 1 1
     3399  34  5  19 1 1 1
     3400  34  5  20 1 1 1
     3401  35  1  1 1 1 1
     3402  35  1  2 1 1 1
     3403  35  1  3 1 1 1
     3404  35  1  4 1 1 1
     3405  35  1  5 1 1 1
     3406  35  1  6 1 1 1
     3407  35  1  7 1 1 1
     3408  35  1  8 1 1 1
     3409  35  1  9 1 1 1
     3410  35  1  10 1 1 1
     3411  35  1  11 1 1 1
     3412  35  1  12 1 1 1
     3413  35  1  13 1 1 1
     3414  35  1  14 1 1 1
     3415  35  1  15 1 1 1
     3416  35  1  16 1 1 1
     3417  35  1  17 1 1 1
     3418  35  1  18 1 1 1
     3419  35  1  19 1 1 1
     3420  35  1  20 1 1 1
     3421  35  2  1 1 1 1
     3422  35  2  2 1 1 1
     3423  35  2  3 1 1 1
     3424  35  2  4 1 1 1
     3425  35  2  5 1 1 1
     3426  35  2  6 1 1 1
     3427  35  2  7 1 1 1
     3428  35  2  8 1 1 1
     3429  35  2  9 1 1 1
     3430  35  2  10 1 1 1
     3431  35  2  11 1 1 1
     3432  35  2  12 1 1 1
     3433  35  2  13 1 1 1
     3434  35  2  14 1 1 1
     3435  35  2  15 1 1 1
     3436  35  2  16 1 1 1
     3437  35  2  17 1 1 1
     3438  35  2  18 1 1 1
     3439  35  2  19 1 1 1
     3440  35  2  20 1 1 1
     3441  35  3  1 1 1 1
     3442  35  3  2 1 1 1
     3443  35  3  3 1 1 1
     3444  35  3  4 1 1 1
     3445  35  3  5 1 1 1
     3446  35  3  6 1 1 1
     3447  35  3  7 1 1 1
     3448  35  3  8 1 1 1
     3449  35  3  9 1 1 1
     3450  35  3  10 1 1 1
     3451  35  3  11 1 1 1
     3452  35  3  12 1 1 1
     3453  35  3  13 1 1 1
     3454  35  3  14 1 1 1
     3455  35  3  15 1 1 1
     3456  35  3  16 1 1 1
     3457  35  3  17 1 1 1
     3458  35  3  18 1 1 1
     3459  35  3  19 1 1 1
     3460  35  3  20 1 1 1
     3461  35  4  1 1 1 1
     3462  35  4  2 1 1 1
     3463  35  4  3 1 1 1
     3464  35  4  4 1 1 1
     3465  35  4  5 1 1 1
     3466  35  4  6 1 1 1
     3467  35  4  7 1 1 1
     3468  35  4  8 1 1 1
     3469  35  4  9 1 1 1
     3470  35  4  10 1 1 1
     3471  35  4  11 1 1 1
     3472  35  4  12 1 1 1
     3473  35  4  13 1 1 1
     3474  35  4  14 1 1 1
     3475  35  4  15 1 1 1
     3476  35  4  16 1 1 1
     3477  35  4  17 1 1 1
     3478  35  4  18 1 1 1
     3479  35  4  19 1 1 1
     3480  35  4  20 1 1 1
     3481  35  5  1 1 1 1
     3482  35  5  2 1 1 1
     3483  35  5  3 1 1 1
     3484  35  5  4 1 1 1
     3485  35  5  5 1 1 1
     3486  35  5  6 1 1 1
     3487  35  5  7 1 1 1
     3488  35  5  8 1 1 1
     3489  35  5  9 1 1 1
     3490  35  5  10 1 1 1
     3491  35  5  11 1 1 1
     3492  35  5  12 1 1 1
     3493  35  5  13 1 1 1
     3494  35  5  14 1 1 1
     3495  35  5  15 1 1 1
     3496  35  5  16 1 1 1
     3497  35  5  17 1 1 1
     3498  35  5  18 1 1 1
     3499  35  5  19 1 1 1
     3500  35  5  20 1 1 1
     3501  36  1  1 1 1 1
     3502  36  1  2 1 1 1
     3503  36  1  3 1 1 1
     3504  36  1  4 1 1 1
     3505  36  1  5 1 1 1
     3506  36  1  6 1 1 1
     3507  36  1  7 1 1 1
     3508  36  1  8 1 1 1
     3509  36  1  9 1 1 1
     3510  36  1  10 1 1 1
     3511  36  1  11 1 1 1
     3512  36  1  12 1 1 1
     3513  36  1  13 1 1 1
     3514  36  1  14 1 1 1
     3515  36  1  15 1 1 1
     3516  36  1  16 1 1 1
     3517  36  1  17 1 1 1
     3518  36  1  18 1 1 1
     3519  36  1  19 1 1 1
     3520  36  1  20 1 1 1
     3521  36  2  1 1 1 1
     3522  36  2  2 1 1 1
     3523  36  2  3 1 1 1
     3524  36  2  4 1 1 1
     3525  36  2  5 1 1 1
     3526  36  2  6 1 1 1
     3527  36  2  7 1 1 1
     3528  36  2  8 1 1 1
     3529  36  2  9 1 1 1
     3530  36  2  10 1 1 1
     3531  36  2  11 1 1 1
     3532  36  2  12 1 1 1
     3533  36  2  13 1 1 1
     3534  36  2  14 1 1 1
     3535  36  2  15 1 1 1
     3536  36  2  16 1 1 1
     3537  36  2  17 1 1 1
     3538  36  2  18 1 1 1
     3539  36  2  19 1 1 1
     3540  36  2  20 1 1 1
     3541  36  3  1 1 1 1
     3542  36  3  2 1 1 1
     3543  36  3  3 1 1 1
     3544  36  3  4 1 1 1
     3545  36  3  5 1 1 1
     3546  36  3  6 1 1 1
     3547  36  3  7 1 1 1
     3548  36  3  8 1 1 1
     3549  36  3  9 1 1 1
     3550  36  3  10 1 1 1
     3551  36  3  11 1 1 1
     3552  36  3  12 1 1 1
     3553  36  3  13 1 1 1
     3554  36  3  14 1 1 1
     3555  36  3  15 1 1 1
     3556  36  3  16 1 1 1
     3557  36  3  17 1 1 1
     3558  36  3  18 1 1 1
     3559  36  3  19 1 1 1
     3560  36  3  20 1 1 1
     3561  36  4  1 1 1 1
     3562  36  4  2 1 1 1
     3563  36  4  3 1 1 1
     3564  36  4  4 1 1 1
     3565  36  4  5 1 1 1
     3566  36  4  6 1 1 1
     3567  36  4  7 1 1 1
     3568  36  4  8 1 1 1
     3569  36  4  9 1 1 1
     3570  36  4  10 1 1 1
     3571  36  4  11 1 1 1
     3572  36  4  12 1 1 1
     3573  36  4  13 1 1 1
     3574  36  4  14 1 1 1
     3575  36  4  15 1 1 1
     3576  36  4  16 1 1 1
     3577  36  4  17 1 1 1
     3578  36  4  18 1 1 1
     3579  36  4  19 1 1 1
     3580  36  4  20 1 1 1
     3581  36  5  1 1 1 1
     3582  36  5  2 1 1 1
     3583  36  5  3 1 1 1
     3584  36  5  4 1 1 1
     3585  36  5  5 1 1 1
     3586  36  5  6 1 1 1
     3587  36  5  7 1 1 1
     3588  36  5  8 1 1 1
     3589  36  5  9 1 1 1
     3590  36  5  10 1 1 1
     3591  36  5  11 1 1 1
     3592  36  5  12 1 1 1
     3593  36  5  13 1 1 1
     3594  36  5  14 1 1 1
     3595  36  5  15 1 1 1
     3596  36  5  16 1 1 1
     3597  36  5  17 1 1 1
     3598  36  5  18 1 1 1
     3599  36  5  19 1 1 1
     3600  36  5  20 1 1 1
     3601  37  1  1 1 1 1
     3602  37  1  2 1 1 1
     3603  37  1  3 1 1 1
     3604  37  1  4 1 1 1
     3605  37  1  5 1 1 1
     3606  37  1  6 1 1 1
     3607  37  1  7 1 1 1
     3608  37  1  8 1 1 1
     3609  37  1  9 1 1 1
     3610  37  1  10 1 1 1
     3611  37  1  11 1 1 1
     3612  37  1  12 1 1 1
     3613  37  1  13 1 1 1
     3614  37  1  14 1 1 1
     3615  37  1  15 1 1 1
     3616  37  1  16 1 1 1
     3617  37  1  17 1 1 1
     3618  37  1  18 1 1 1
     3619  37  1  19 1 1 1
     3620  37  1  20 1 1 1
     3621  37  2  1 1 1 1
     3622  37  2  2 1 1 1
     3623  37  2  3 1 1 1
     3624  37  2  4 1 1 1
     3625  37  2  5 1 1 1
     3626  37  2  6 1 1 1
     3627  37  2  7 1 1 1
     3628  37  2  8 1 1 1
     3629  37  2  9 1 1 1
     3630  37  2  10 1 1 1
     3631  37  2  11 1 1 1
     3632  37  2  12 1 1 1
     3633  37  2  13 1 1 1
     3634  37  2  14 1 1 1
     3635  37  2  15 1 1 1
     3636  37  2  16 1 1 1
     3637  37  2  17 1 1 1
     3638  37  2  18 1 1 1
     3639  37  2  19 1 1 1
     3640  37  2  20 1 1 1
     3641  37  3  1 1 1 1
     3642  37  3  2 1 1 1
     3643  37  3  3 1 1 1
     3644  37  3  4 1 1 1
     3645  37  3  5 1 1 1
     3646  37  3  6 1 1 1
     3647  37  3  7 1 1 1
     3648  37  3  8 1 1 1
     3649  37  3  9 1 1 1
     3650  37  3  10 1 1 1
     3651  37  3  11 1 1 1
     3652  37  3  12 1 1 1
     3653  37  3  13 1 1 1
     3654  37  3  14 1 1 1
     3655  37  3  15 1 1 1
     3656  37  3  16 1 1 1
     3657  37  3  17 1 1 1
     3658  37  3  18 1 1 1
     3659  37  3  19 1 1 1
     3660  37  3  20 1 1 1
     3661  37  4  1 1 1 1
     3662  37  4  2 1 1 1
     3663  37  4  3 1 1 1
     3664  37  4  4 1 1 1
     3665  37  4  5 1 1 1
     3666  37  4  6 1 1 1
     3667  37  4  7 1 1 1
     3668  37  4  8 1 1 1
     3669  37  4  9 1 1 1
     3670  37  4  10 1 1 1
     3671  37  4  11 1 1 1
     3672  37  4  12 1 1 1
     3673  37  4  13 1 1 1
     3674  37  4  14 1 1 1
     3675  37  4  15 1 1 1
     3676  37  4  16 1 1 1
     3677  37  4  17 1 1 1
     3678  37  4  18 1 1 1
     3679  37  4  19 1 1 1
     3680  37  4  20 1 1 1
     3681  37  5  1 1 1 1
     3682  37  5  2 1 1 1
     3683  37  5  3 1 1 1
     3684  37  5  4 1 1 1
     3685  37  5  5 1 1 1
     3686  37  5  6 1 1 1
     3687  37  5  7 1 1 1
     3688  37  5  8 1 1 1
     3689  37  5  9 1 1 1
     3690  37  5  10 1 1 1
     3691  37  5  11 1 1 1
     3692  37  5  12 1 1 1
     3693  37  5  13 1 1 1
     3694  37  5  14 1 1 1
     3695  37  5  15 1 1 1
     3696  37  5  16 1 1 1
     3697  37  5  17 1 1 1
     3698  37  5  18 1 1 1
     3699  37  5  19 1 1 1
     3700  37  5  20 1 1 1
     3701  38  1  1 1 1 1
     3702  38  1  2 1 1 1
     3703  38  1  3 1 1 1
     3704  38  1  4 1 1 1
     3705  38  1  5 1 1 1
     3706  38  1  6 1 1 1
     3707  38  1  7 1 1 1
     3708  38  1  8 1 1 1
     3709  38  1  9 1 1 1
     3710  38  1  10 1 1 1
     3711  38  1  11 1 1 1
     3712  38  1  12 1 1 1
     3713  38  1  13 1 1 1
     3714  38  1  14 1 1 1
     3715  38  1  15 1 1 1
     3716  38  1  16 1 1 1
     3717  38  1  17 1 1 1
     3718  38  1  18 1 1 1
     3719  38  1  19 1 1 1
     3720  38  1  20 1 1 1
     3721  38  2  1 1 1 1
     3722  38  2  2 1 1 1
     3723  38  2  3 1 1 1
     3724  38  2  4 1 1 1
     3725  38  2  5 1 1 1
     3726  38  2  6 1 1 1
     3727  38  2  7 1 1 1
     3728  38  2  8 1 1 1
     3729  38  2  9 1 1 1
     3730  38  2  10 1 1 1
     3731  38  2  11 1 1 1
     3732  38  2  12 1 1 1
     3733  38  2  13 1 1 1
     3734  38  2  14 1 1 1
     3735  38  2  15 1 1 1
     3736  38  2  16 1 1 1
     3737  38  2  17 1 1 1
     3738  38  2  18 1 1 1
     3739  38  2  19 1 1 1
     3740  38  2  20 1 1 1
     3741  38  3  1 1 1 1
     3742  38  3  2 1 1 1
     3743  38  3  3 1 1 1
     3744  38  3  4 1 1 1
     3745  38  3  5 1 1 1
     3746  38  3  6 1 1 1
     3747  38  3  7 1 1 1
     3748  38  3  8 1 1 1
     3749  38  3  9 1 1 1
     3750  38  3  10 1 1 1
     3751  38  3  11 1 1 1
     3752  38  3  12 1 1 1
     3753  38  3  13 1 1 1
     3754  38  3  14 1 1 1
     3755  38  3  15 1 1 1
     3756  38  3  16 1 1 1
     3757  38  3  17 1 1 1
     3758  38  3  18 1 1 1
     3759  38  3  19 1 1 1
     3760  38  3  20 1 1 1
     3761  38  4  1 1 1 1
     3762  38  4  2 1 1 1
     3763  38  4  3 1 1 1
     3764  38  4  4 1 1 1
     3765  38  4  5 1 1 1
     3766  38  4  6 1 1 1
     3767  38  4  7 1 1 1
     3768  38  4  8 1 1 1
     3769  38  4  9 1 1 1
     3770  38  4  10 1 1 1
     3771  38  4  11 1 1 1
     3772  38  4  12 1 1 1
     3773  38  4  13 1 1 1
     3774  38  4  14 1 1 1
     3775  38  4  15 1 1 1
     3776  38  4  16 1 1 1
     3777  38  4  17 1 1 1
     3778  38  4  18 1 1 1
     3779  38  4  19 1 1 1
     3780  38  4  20 1 1 1
     3781  38  5  1 1 1 1
     3782  38  5  2 1 1 1
     3783  38  5  3 1 1 1
     3784  38  5  4 1 1 1
     3785  38  5  5 1 1 1
     3786  38  5  6 1 1 1
     3787  38  5  7 1 1 1
     3788  38  5  8 1 1 1
     3789  38  5  9 1 1 1
     3790  38  5  10 1 1 1
     3791  38  5  11 1 1 1
     3792  38  5  12 1 1 1
     3793  38  5  13 1 1 1
     3794  38  5  14 1 1 1
     3795  38  5  15 1 1 1
     3796  38  5  16 1 1 1
     3797  38  5  17 1 1 1
     3798  38  5  18 1 1 1
     3799  38  5  19 1 1 1
     3800  38  5  20 1 1 1