>GEOMETRY   rect_prism; AX,AY,AZ= 0.0900 0.0900 0.0900
     288 = NAT 
  1.000000  0.000000  0.000000 = A_1 vector
  0.000000  1.000000  0.000000 = A_2 vector
  1.000000  1.000000  1.000000 = lattice spacings (d_x,d_y,d_z)/d
 -0.04000 -0.03500 -0.01500 = lattice offset x0(1-3) = (x_TF, y_TF, z_TF)/d for dipole 0 0 0
     JA  IX  IY  IZ ICOMP(x,y,z)
     1  1  1  1 1 1 1
     2  1  1  2 1 1 1
     3  1  1  3 1 1 1
     4  1  1  4 1 1 1
     5  1  2  1 1 1 1
     6  1  2  2 1 1 1
     7  1  2  3 1 1 1
     8  1  2  4 1 1 1
     9  1  3  1 1 1 1
     10  1  3  2 1 1 1
     11  1  3  3 1 1 1
     12  1  3  4 1 1 1
     13  1  4  1 1 1 1
     14  1  4  2 1 1 1
     15  1  4  3 1 1 1
     16  1  4  4 1 1 1
     17  1  5  1 1 1 1
     18  1  5  2 1 1 1
     19  1  5  3 1 1 1
     20  1  5  4 1 1 1
     21  1  6  1 1 1 1
     22  1  6  2 1 1 1
     23  1  6  3 1 1 1
     24  1  6  4 1 1 1
     25  1  7  1 1 1 1
     26  1  7  2 1 1 1
     27  1  7  3 1 1 1
     28  1  7  4 1 1 1
     29  1  8  1 1 1 1
     30  1  8  2 1 1 1
     31  1  8  3 1 1 1
     32  1  8  4 1 1 1
     33  2  1  1 1 1 1
     34  2  1  2 1 1 1
     35  2  1  3 1 1 1
     36  2  1  4 1 1 1
     37  2  2  1 1 1 1
     38  2  2  2 1 1 1
     39  2  2  3 1 1 1
     40  2  2  4 1 1 1
     41  2  3  1 1 1 1
     42  2  3  2 1 1 1
     43  2  3  3 1 1 1
     44  2  3  4 1 1 1
     45  2  4  1 1 1 1
     46  2  4  2 1 1 1
     47  2  4  3 1 1 1
     48  2  4  4 1 1 1
     49  2  5  1 1 1 1
     50  2  5  2 1 1 1
     51  2  5  3 1 1 1
     52  2  5  4 1 1 1
     53  2  6  1 1 1 1
     54  2  6  2 1 1 1
     55  2  6  3 1 1 1
     56  2  6  4 1 1 1
     57  2  7  1 1 1 1
     58  2  7  2 1 1 1
     59  2  7  3 1 1 1
     60  2  7  4 1 1 1
     61  2  8  1 1 1 1
     62  2  8  2 1 1 1
     63  2  8  3 1 1 1
     64  2  8  4 1 1 1
     65  3  1  1 1 1 1
     66  3  1  2 1 1 1
     67  3  1  3 1 1 1
     68  3  1  4 1 1 1
     69  3  2  1 1 1 1
     70  3  2  2 1 1 1
     71  3  2  3 1 1 1
     72  3  2  4 1 1 1
     73  3  3  1 1 1 1
     74  3  3  2 1 1 1
     75  3  3  3 1 1 1
     76  3  3  4 1 1 1
     77  3  4  1 1 1 1
     78  3  4  2 1 1 1
     79  3  4  3 1 1 1
     80  3  4  4 1 1 1
     81  3  5  1 1 1 1
     82  3  5  2 1 1 1
     83  3  5  3 1 1 1
     84  3  5  4 1 1 1
     85  3  6  1 1 1 1
     86  3  6  2 1 1 1
     87  3  6  3 1 1 1
     88  3  6  4 1 1 1
     89  3  7  1 1 1 1
     90  3  7  2 1 1 1
     91  3  7  3 1 1 1
     92  3  7  4 1 1 1
     93  3  8  1 1 1 1
     94  3  8  2 1 1 1
     95  3  8  3 1 1 1
     96  3  8  4 1 1 1
     97  4  1  1 1 1 1
     98  4  1  2 1 1 1
     99  4  1  3 1 1 1
     100  4  1  4 1 1 1
     101  4  2  1 1 1 1
     102  4  2  2 1 1 1
     103  4  2  3 1 1 1
     104  4  2  4 1 1 1
     105  4  3  1 1 1 1
     106  4  3  2 1 1 1
     107  4  3  3 1 1 1
     108  4  3  4 1 1 1
     109  4  4  1 1 1 1
     110  4  4  2 1 1 1
     111  4  4  3 1 1 1
     112  4  4  4 1 1 1
     113  4  5  1 1 1 1
     114  4  5  2 1 1 1
     115  4  5  3 1 1 1
     116  4  5  4 1 1 1
     117  4  6  1 1 1 1
     118  4  6  2 1 1 1
     119  4  6  3 1 1 1
     120  4  6  4 1 1 1
     121  4  7  1 1 1 1
     122  4  7  2 1 1 1
     123  4  7  3 1 1 1
     124  4  7  4 1 1 1
     125  4  8  1 1 1 1
     126  4  8  2 1 1 1
     127  4  8  3 1 1 1
     128  4  8  4 1 1 1
     129  5  1  1 1 1 1
     130  5  1  2 1 1 1
     131  5  1  3 1 1 1
     132  5  1  4 1 1 1
     133  5  2  1 1 1 1
     134  5  2  2 1 1 1
     135  5  2  3 1 1 1
     136  5  2  4 1 1 1
     137  5  3  1 1 1 1
     138  5  3  2 1 1 1
     139  5  3  3 1 1 1
     140  5  3  4 1 1 1
     141  5  4  1 1 1 1
     142  5  4  2 1 1 1
     143  5  4  3 1 1 1
     144  5  4  4 1 1 1
     145  5  5  1 1 1 1
     146  5  5  2 1 1 1
     147  5  5  3 1 1 1
     148  5  5  4 1 1 1
     149  5  6  1 1 1 1
     150  5  6  2 1 1 1
     151  5  6  3 1 1 1
     152  5  6  4 1 1 1
     153  5  7  1 1 1 1
     154  5  7  2 1 1 1
     155  5  7  3 1 1 1
     156  5  7  4 1 1 1
     157  5  8  1 1 1 1
     158  5  8  2 1 1 1
     159  5  8  3 1 1 1
     160  5  8  4 1 1 1
     161  6  1  1 1 1 1
     162  6  1  2 1 1 1
     163  6  1  3 1 1 1
     164  6  1  4 1 1 1
     165  6  2  1 1 1 1
     166  6  2  2 1 1 1
     167  6  2  3 1 1 1
     168  6  2  4 1 1 1
     169  6  3  1 1 1 1
     170  6  3  2 1 1 1
     171  6  3  3 1 1 1
     172  6  3  4 1 1 1
     173  6  4  1 1 1 1
     174  6  4  2 1 1 1
     175  6  4  3 1 1 1
     176  6  4  4 1 1 1
     177  6  5  1 1 1 1
     178  6  5  2 1 1 1
     179  6  5  3 1 1 1
     180  6  5  4 1 1 1
     181  6  6  1 1 1 1
     182  6  6  2 1 1 1
     183  6  6  3 1 1 1
     184  6  6  4 1 1 1
     185  6  7  1 1 1 1
     186  6  7  2 1 1 1
     187  6  7  3 1 1 1
     188  6  7  4 1 1 1
     189  6  8  1 1 1 1
     190  6  8  2 1 1 1
     191  6  8  3 1 1 1
     192  6  8  4 1 1 1
     193  7  1  1 1 1 1
     194  7  1  2 1 1 1
     195  7  1  3 1 1 1
     196  7  1  4 1 1 1
     197  7  2  1 1 1 1
     198  7  2  2 1 1 1
     199  7  2  3 1 1 1
     200  7  2  4 1 1 1
     201  7  3  1 1 1 1
     202  7  3  2 1 1 1
     203  7  3  3 1 1 1
     204  7  3  4 1 1 1
     205  7  4  1 1 1 1
     206  7  4  2 1 1 1
     207  7  4  3 1 1 1
     208  7  4  4 1 1 1
     209  7  5  1 1 1 1
     210  7  5  2 1 1 1
     211  7  5  3 1 1 1
     212  7  5  4 1 1 1
     213  7  6  1 1 1 1
     214  7  6  2 1 1 1
     215  7  6  3 1 1 1
     216  7  6  4 1 1 1
     217  7  7  1 1 1 1
     218  7  7  2 1 1 1
     219  7  7  3 1 1 1
     220  7  7  4 1 1 1
     221  7  8  1 1 1 1
     222  7  8  2 1 1 1
     223  7  8  3 1 1 1
     224  7  8  4 1 1 1
     225  8  1  1 1 1 1
     226  8  1  2 1 1 1
     227  8  1  3 1 1 1
     228  8  1  4 1 1 1
     229  8  2  1 1 1 1
     230  8  2  2 1 1 1
     231  8  2  3 1 1 1
     232  8  2  4 1 1 1
     233  8  3  1 1 1 1
     234  8  3  2 1 1 1
     235  8  3  3 1 1 1
     236  8  3  4 1 1 1
     237  8  4  1 1 1 1
     238  8  4  2 1 1 1
     239  8  4  3 1 1 1
     240  8  4  4 1 1 1
     241  8  5  1 1 1 1
     242  8  5  2 1 1 1
     243  8  5  3 1 1 1
     244  8  5  4 1 1 1
     245  8  6  1 1 1 1
     246  8  6  2 1 1 1
     247  8  6  3 1 1 1
     248  8  6  4 1 1 1
     249  8  7  1 1 1 1
     250  8  7  2 1 1 1
     251  8  7  3 1 1 1
     252  8  7  4 1 1 1
     253  8  8  1 1 1 1
     254  8  8  2 1 1 1
     255  8  8  3 1 1 1
     256  8  8  4 1 1 1
     257  9  1  1 1 1 1
     258  9  1  2 1 1 1
     259  9  1  3 1 1 1
     260  9  1  4 1 1 1
     261  9  2  1 1 1 1
     262  9  2  2 1 1 1
     263  9  2  3 1 1 1
     264  9  2  4 1 1 1
     265  9  3  1 1 1 1
     266  9  3  2 1 1 1
     267  9  3  3 1 1 1
     268  9  3  4 1 1 1
     269  9  4  1 1 1 1
     270  9  4  2 1 1 1
     271  9  4  3 1 1 1
     272  9  4  4 1 1 1
     273  9  5  1 1 1 1
     274  9  5  2 1 1 1
     275  9  5  3 1 1 1
     276  9  5  4 1 1 1
     277  9  6  1 1 1 1
     278  9  6  2 1 1 1
     279  9  6  3 1 1 1
     280  9  6  4 1 1 1
     281  9  7  1 1 1 1
     282  9  7  2 1 1 1
     283  9  7  3 1 1 1
     284  9  7  4 1 1 1
     285  9  8  1 1 1 1
     286  9  8  2 1 1 1
     287  9  8  3 1 1 1
     288  9  8  4 1 1 1