astrosilicate (Draine 2003, Astrophys J 598, 1026)
1 4 5 2 3 = columns for wave, Re(n), Im(n), eps1, eps2
  wave(um)      eps_1      eps_2       Re(n)       Im(n)
1.00000E-01  2.43359E+00 9.36000E-03  1.56000E+00 3.00000E-03
1.50000E-01  2.43359E+00 9.36000E-03  1.56000E+00 3.00000E-03
2.00000E-01  2.43359E+00 9.36000E-03  1.56000E+00 3.00000E-03
2.50000E-01  2.43359E+00 9.36000E-03  1.56000E+00 3.00000E-03
3.00000E-01  2.43359E+00 9.36000E-03  1.56000E+00 3.00000E-03
3.50000E-01  2.43359E+00 9.36000E-03  1.56000E+00 3.00000E-03
4.00000E-01  2.43359E+00 9.36000E-03  1.56000E+00 3.00000E-03
4.50000E-01  2.43359E+00 9.36000E-03  1.56000E+00 3.00000E-03
5.00000E-01  2.43359E+00 9.36000E-03  1.56000E+00 3.00000E-03
5.50000E-01  2.43359E+00 9.36000E-03  1.56000E+00 3.00000E-03
6.00000E-01  2.43359E+00 9.36000E-03  1.56000E+00 3.00000E-03
6.50000E-01  2.43359E+00 9.36000E-03  1.56000E+00 3.00000E-03
7.00000E-01  2.43359E+00 9.36000E-03  1.56000E+00 3.00000E-03
7.50000E-01  2.43359E+00 9.36000E-03  1.56000E+00 3.00000E-03
8.00000E-01  2.43359E+00 9.36000E-03  1.56000E+00 3.00000E-03
8.50000E-01  2.43359E+00 9.36000E-03  1.56000E+00 3.00000E-03
9.00000E-01  2.43359E+00 9.36000E-03  1.56000E+00 3.00000E-03
9.50000E-01  2.43359E+00 9.36000E-03  1.56000E+00 3.00000E-03
1.00000E+00  2.43359E+00 9.36000E-03  1.56000E+00 3.00000E-03
