>GEOMETRY   rect_prism; AX,AY,AZ= 0.9246 0.9246 0.9246
     2392 = NAT 
  1.000000  0.000000  0.000000 = A_1 vector
  0.000000  1.000000  0.000000 = A_2 vector
  1.000000  1.000000  1.000000 = lattice spacings (d_x,d_y,d_z)/d
 -0.01670 -0.22615 -0.06095 = lattice offset x0(1-3) = (x_TF, y_TF, z_TF)/d for dipole 0 0 0
     JA  IX  IY  IZ ICOMP(x,y,z)
     1  1  1  1 1 1 1
     2  1  1  2 1 1 1
     3  1  1  3 1 1 1
     4  1  1  4 1 1 1
     5  1  1  5 1 1 1
     6  1  1  6 1 1 1
     7  1  1  7 1 1 1
     8  1  1  8 1 1 1
     9  1  1  9 1 1 1
     10  1  1  10 1 1 1
     11  1  1  11 1 1 1
     12  1  1  12 1 1 1
     13  1  1  13 1 1 1
     14  1  2  1 1 1 1
     15  1  2  2 1 1 1
     16  1  2  3 1 1 1
     17  1  2  4 1 1 1
     18  1  2  5 1 1 1
     19  1  2  6 1 1 1
     20  1  2  7 1 1 1
     21  1  2  8 1 1 1
     22  1  2  9 1 1 1
     23  1  2  10 1 1 1
     24  1  2  11 1 1 1
     25  1  2  12 1 1 1
     26  1  2  13 1 1 1
     27  1  3  1 1 1 1
     28  1  3  2 1 1 1
     29  1  3  3 1 1 1
     30  1  3  4 1 1 1
     31  1  3  5 1 1 1
     32  1  3  6 1 1 1
     33  1  3  7 1 1 1
     34  1  3  8 1 1 1
     35  1  3  9 1 1 1
     36  1  3  10 1 1 1
     37  1  3  11 1 1 1
     38  1  3  12 1 1 1
     39  1  3  13 1 1 1
     40  1  4  1 1 1 1
     41  1  4  2 1 1 1
     42  1  4  3 1 1 1
     43  1  4  4 1 1 1
     44  1  4  5 1 1 1
     45  1  4  6 1 1 1
     46  1  4  7 1 1 1
     47  1  4  8 1 1 1
     48  1  4  9 1 1 1
     49  1  4  10 1 1 1
     50  1  4  11 1 1 1
     51  1  4  12 1 1 1
     52  1  4  13 1 1 1
     53  1  5  1 1 1 1
     54  1  5  2 1 1 1
     55  1  5  3 1 1 1
     56  1  5  4 1 1 1
     57  1  5  5 1 1 1
     58  1  5  6 1 1 1
     59  1  5  7 1 1 1
     60  1  5  8 1 1 1
     61  1  5  9 1 1 1
     62  1  5  10 1 1 1
     63  1  5  11 1 1 1
     64  1  5  12 1 1 1
     65  1  5  13 1 1 1
     66  1  6  1 1 1 1
     67  1  6  2 1 1 1
     68  1  6  3 1 1 1
     69  1  6  4 1 1 1
     70  1  6  5 1 1 1
     71  1  6  6 1 1 1
     72  1  6  7 1 1 1
     73  1  6  8 1 1 1
     74  1  6  9 1 1 1
     75  1  6  10 1 1 1
     76  1  6  11 1 1 1
     77  1  6  12 1 1 1
     78  1  6  13 1 1 1
     79  1  7  1 1 1 1
     80  1  7  2 1 1 1
     81  1  7  3 1 1 1
     82  1  7  4 1 1 1
     83  1  7  5 1 1 1
     84  1  7  6 1 1 1
     85  1  7  7 1 1 1
     86  1  7  8 1 1 1
     87  1  7  9 1 1 1
     88  1  7  10 1 1 1
     89  1  7  11 1 1 1
     90  1  7  12 1 1 1
     91  1  7  13 1 1 1
     92  1  8  1 1 1 1
     93  1  8  2 1 1 1
     94  1  8  3 1 1 1
     95  1  8  4 1 1 1
     96  1  8  5 1 1 1
     97  1  8  6 1 1 1
     98  1  8  7 1 1 1
     99  1  8  8 1 1 1
     100  1  8  9 1 1 1
     101  1  8  10 1 1 1
     102  1  8  11 1 1 1
     103  1  8  12 1 1 1
     104  1  8  13 1 1 1
     105  1  9  1 1 1 1
     106  1  9  2 1 1 1
     107  1  9  3 1 1 1
     108  1  9  4 1 1 1
     109  1  9  5 1 1 1
     110  1  9  6 1 1 1
     111  1  9  7 1 1 1
     112  1  9  8 1 1 1
     113  1  9  9 1 1 1
     114  1  9  10 1 1 1
     115  1  9  11 1 1 1
     116  1  9  12 1 1 1
     117  1  9  13 1 1 1
     118  1  10  1 1 1 1
     119  1  10  2 1 1 1
     120  1  10  3 1 1 1
     121  1  10  4 1 1 1
     122  1  10  5 1 1 1
     123  1  10  6 1 1 1
     124  1  10  7 1 1 1
     125  1  10  8 1 1 1
     126  1  10  9 1 1 1
     127  1  10  10 1 1 1
     128  1  10  11 1 1 1
     129  1  10  12 1 1 1
     130  1  10  13 1 1 1
     131  1  11  1 1 1 1
     132  1  11  2 1 1 1
     133  1  11  3 1 1 1
     134  1  11  4 1 1 1
     135  1  11  5 1 1 1
     136  1  11  6 1 1 1
     137  1  11  7 1 1 1
     138  1  11  8 1 1 1
     139  1  11  9 1 1 1
     140  1  11  10 1 1 1
     141  1  11  11 1 1 1
     142  1  11  12 1 1 1
     143  1  11  13 1 1 1
     144  1  12  1 1 1 1
     145  1  12  2 1 1 1
     146  1  12  3 1 1 1
     147  1  12  4 1 1 1
     148  1  12  5 1 1 1
     149  1  12  6 1 1 1
     150  1  12  7 1 1 1
     151  1  12  8 1 1 1
     152  1  12  9 1 1 1
     153  1  12  10 1 1 1
     154  1  12  11 1 1 1
     155  1  12  12 1 1 1
     156  1  12  13 1 1 1
     157  1  13  1 1 1 1
     158  1  13  2 1 1 1
     159  1  13  3 1 1 1
     160  1  13  4 1 1 1
     161  1  13  5 1 1 1
     162  1  13  6 1 1 1
     163  1  13  7 1 1 1
     164  1  13  8 1 1 1
     165  1  13  9 1 1 1
     166  1  13  10 1 1 1
     167  1  13  11 1 1 1
     168  1  13  12 1 1 1
     169  1  13  13 1 1 1
     170  1  14  1 1 1 1
     171  1  14  2 1 1 1
     172  1  14  3 1 1 1
     173  1  14  4 1 1 1
     174  1  14  5 1 1 1
     175  1  14  6 1 1 1
     176  1  14  7 1 1 1
     177  1  14  8 1 1 1
     178  1  14  9 1 1 1
     179  1  14  10 1 1 1
     180  1  14  11 1 1 1
     181  1  14  12 1 1 1
     182  1  14  13 1 1 1
     183  1  15  1 1 1 1
     184  1  15  2 1 1 1
     185  1  15  3 1 1 1
     186  1  15  4 1 1 1
     187  1  15  5 1 1 1
     188  1  15  6 1 1 1
     189  1  15  7 1 1 1
     190  1  15  8 1 1 1
     191  1  15  9 1 1 1
     192  1  15  10 1 1 1
     193  1  15  11 1 1 1
     194  1  15  12 1 1 1
     195  1  15  13 1 1 1
     196  1  16  1 1 1 1
     197  1  16  2 1 1 1
     198  1  16  3 1 1 1
     199  1  16  4 1 1 1
     200  1  16  5 1 1 1
     201  1  16  6 1 1 1
     202  1  16  7 1 1 1
     203  1  16  8 1 1 1
     204  1  16  9 1 1 1
     205  1  16  10 1 1 1
     206  1  16  11 1 1 1
     207  1  16  12 1 1 1
     208  1  16  13 1 1 1
     209  1  17  1 1 1 1
     210  1  17  2 1 1 1
     211  1  17  3 1 1 1
     212  1  17  4 1 1 1
     213  1  17  5 1 1 1
     214  1  17  6 1 1 1
     215  1  17  7 1 1 1
     216  1  17  8 1 1 1
     217  1  17  9 1 1 1
     218  1  17  10 1 1 1
     219  1  17  11 1 1 1
     220  1  17  12 1 1 1
     221  1  17  13 1 1 1
     222  1  18  1 1 1 1
     223  1  18  2 1 1 1
     224  1  18  3 1 1 1
     225  1  18  4 1 1 1
     226  1  18  5 1 1 1
     227  1  18  6 1 1 1
     228  1  18  7 1 1 1
     229  1  18  8 1 1 1
     230  1  18  9 1 1 1
     231  1  18  10 1 1 1
     232  1  18  11 1 1 1
     233  1  18  12 1 1 1
     234  1  18  13 1 1 1
     235  1  19  1 1 1 1
     236  1  19  2 1 1 1
     237  1  19  3 1 1 1
     238  1  19  4 1 1 1
     239  1  19  5 1 1 1
     240  1  19  6 1 1 1
     241  1  19  7 1 1 1
     242  1  19  8 1 1 1
     243  1  19  9 1 1 1
     244  1  19  10 1 1 1
     245  1  19  11 1 1 1
     246  1  19  12 1 1 1
     247  1  19  13 1 1 1
     248  1  20  1 1 1 1
     249  1  20  2 1 1 1
     250  1  20  3 1 1 1
     251  1  20  4 1 1 1
     252  1  20  5 1 1 1
     253  1  20  6 1 1 1
     254  1  20  7 1 1 1
     255  1  20  8 1 1 1
     256  1  20  9 1 1 1
     257  1  20  10 1 1 1
     258  1  20  11 1 1 1
     259  1  20  12 1 1 1
     260  1  20  13 1 1 1
     261  1  21  1 1 1 1
     262  1  21  2 1 1 1
     263  1  21  3 1 1 1
     264  1  21  4 1 1 1
     265  1  21  5 1 1 1
     266  1  21  6 1 1 1
     267  1  21  7 1 1 1
     268  1  21  8 1 1 1
     269  1  21  9 1 1 1
     270  1  21  10 1 1 1
     271  1  21  11 1 1 1
     272  1  21  12 1 1 1
     273  1  21  13 1 1 1
     274  1  22  1 1 1 1
     275  1  22  2 1 1 1
     276  1  22  3 1 1 1
     277  1  22  4 1 1 1
     278  1  22  5 1 1 1
     279  1  22  6 1 1 1
     280  1  22  7 1 1 1
     281  1  22  8 1 1 1
     282  1  22  9 1 1 1
     283  1  22  10 1 1 1
     284  1  22  11 1 1 1
     285  1  22  12 1 1 1
     286  1  22  13 1 1 1
     287  1  23  1 1 1 1
     288  1  23  2 1 1 1
     289  1  23  3 1 1 1
     290  1  23  4 1 1 1
     291  1  23  5 1 1 1
     292  1  23  6 1 1 1
     293  1  23  7 1 1 1
     294  1  23  8 1 1 1
     295  1  23  9 1 1 1
     296  1  23  10 1 1 1
     297  1  23  11 1 1 1
     298  1  23  12 1 1 1
     299  1  23  13 1 1 1
     300  1  24  1 1 1 1
     301  1  24  2 1 1 1
     302  1  24  3 1 1 1
     303  1  24  4 1 1 1
     304  1  24  5 1 1 1
     305  1  24  6 1 1 1
     306  1  24  7 1 1 1
     307  1  24  8 1 1 1
     308  1  24  9 1 1 1
     309  1  24  10 1 1 1
     310  1  24  11 1 1 1
     311  1  24  12 1 1 1
     312  1  24  13 1 1 1
     313  1  25  1 1 1 1
     314  1  25  2 1 1 1
     315  1  25  3 1 1 1
     316  1  25  4 1 1 1
     317  1  25  5 1 1 1
     318  1  25  6 1 1 1
     319  1  25  7 1 1 1
     320  1  25  8 1 1 1
     321  1  25  9 1 1 1
     322  1  25  10 1 1 1
     323  1  25  11 1 1 1
     324  1  25  12 1 1 1
     325  1  25  13 1 1 1
     326  1  26  1 1 1 1
     327  1  26  2 1 1 1
     328  1  26  3 1 1 1
     329  1  26  4 1 1 1
     330  1  26  5 1 1 1
     331  1  26  6 1 1 1
     332  1  26  7 1 1 1
     333  1  26  8 1 1 1
     334  1  26  9 1 1 1
     335  1  26  10 1 1 1
     336  1  26  11 1 1 1
     337  1  26  12 1 1 1
     338  1  26  13 1 1 1
     339  1  27  1 1 1 1
     340  1  27  2 1 1 1
     341  1  27  3 1 1 1
     342  1  27  4 1 1 1
     343  1  27  5 1 1 1
     344  1  27  6 1 1 1
     345  1  27  7 1 1 1
     346  1  27  8 1 1 1
     347  1  27  9 1 1 1
     348  1  27  10 1 1 1
     349  1  27  11 1 1 1
     350  1  27  12 1 1 1
     351  1  27  13 1 1 1
     352  1  28  1 1 1 1
     353  1  28  2 1 1 1
     354  1  28  3 1 1 1
     355  1  28  4 1 1 1
     356  1  28  5 1 1 1
     357  1  28  6 1 1 1
     358  1  28  7 1 1 1
     359  1  28  8 1 1 1
     360  1  28  9 1 1 1
     361  1  28  10 1 1 1
     362  1  28  11 1 1 1
     363  1  28  12 1 1 1
     364  1  28  13 1 1 1
     365  1  29  1 1 1 1
     366  1  29  2 1 1 1
     367  1  29  3 1 1 1
     368  1  29  4 1 1 1
     369  1  29  5 1 1 1
     370  1  29  6 1 1 1
     371  1  29  7 1 1 1
     372  1  29  8 1 1 1
     373  1  29  9 1 1 1
     374  1  29  10 1 1 1
     375  1  29  11 1 1 1
     376  1  29  12 1 1 1
     377  1  29  13 1 1 1
     378  1  30  1 1 1 1
     379  1  30  2 1 1 1
     380  1  30  3 1 1 1
     381  1  30  4 1 1 1
     382  1  30  5 1 1 1
     383  1  30  6 1 1 1
     384  1  30  7 1 1 1
     385  1  30  8 1 1 1
     386  1  30  9 1 1 1
     387  1  30  10 1 1 1
     388  1  30  11 1 1 1
     389  1  30  12 1 1 1
     390  1  30  13 1 1 1
     391  1  31  1 1 1 1
     392  1  31  2 1 1 1
     393  1  31  3 1 1 1
     394  1  31  4 1 1 1
     395  1  31  5 1 1 1
     396  1  31  6 1 1 1
     397  1  31  7 1 1 1
     398  1  31  8 1 1 1
     399  1  31  9 1 1 1
     400  1  31  10 1 1 1
     401  1  31  11 1 1 1
     402  1  31  12 1 1 1
     403  1  31  13 1 1 1
     404  1  32  1 1 1 1
     405  1  32  2 1 1 1
     406  1  32  3 1 1 1
     407  1  32  4 1 1 1
     408  1  32  5 1 1 1
     409  1  32  6 1 1 1
     410  1  32  7 1 1 1
     411  1  32  8 1 1 1
     412  1  32  9 1 1 1
     413  1  32  10 1 1 1
     414  1  32  11 1 1 1
     415  1  32  12 1 1 1
     416  1  32  13 1 1 1
     417  1  33  1 1 1 1
     418  1  33  2 1 1 1
     419  1  33  3 1 1 1
     420  1  33  4 1 1 1
     421  1  33  5 1 1 1
     422  1  33  6 1 1 1
     423  1  33  7 1 1 1
     424  1  33  8 1 1 1
     425  1  33  9 1 1 1
     426  1  33  10 1 1 1
     427  1  33  11 1 1 1
     428  1  33  12 1 1 1
     429  1  33  13 1 1 1
     430  1  34  1 1 1 1
     431  1  34  2 1 1 1
     432  1  34  3 1 1 1
     433  1  34  4 1 1 1
     434  1  34  5 1 1 1
     435  1  34  6 1 1 1
     436  1  34  7 1 1 1
     437  1  34  8 1 1 1
     438  1  34  9 1 1 1
     439  1  34  10 1 1 1
     440  1  34  11 1 1 1
     441  1  34  12 1 1 1
     442  1  34  13 1 1 1
     443  1  35  1 1 1 1
     444  1  35  2 1 1 1
     445  1  35  3 1 1 1
     446  1  35  4 1 1 1
     447  1  35  5 1 1 1
     448  1  35  6 1 1 1
     449  1  35  7 1 1 1
     450  1  35  8 1 1 1
     451  1  35  9 1 1 1
     452  1  35  10 1 1 1
     453  1  35  11 1 1 1
     454  1  35  12 1 1 1
     455  1  35  13 1 1 1
     456  1  36  1 1 1 1
     457  1  36  2 1 1 1
     458  1  36  3 1 1 1
     459  1  36  4 1 1 1
     460  1  36  5 1 1 1
     461  1  36  6 1 1 1
     462  1  36  7 1 1 1
     463  1  36  8 1 1 1
     464  1  36  9 1 1 1
     465  1  36  10 1 1 1
     466  1  36  11 1 1 1
     467  1  36  12 1 1 1
     468  1  36  13 1 1 1
     469  1  37  1 1 1 1
     470  1  37  2 1 1 1
     471  1  37  3 1 1 1
     472  1  37  4 1 1 1
     473  1  37  5 1 1 1
     474  1  37  6 1 1 1
     475  1  37  7 1 1 1
     476  1  37  8 1 1 1
     477  1  37  9 1 1 1
     478  1  37  10 1 1 1
     479  1  37  11 1 1 1
     480  1  37  12 1 1 1
     481  1  37  13 1 1 1
     482  1  38  1 1 1 1
     483  1  38  2 1 1 1
     484  1  38  3 1 1 1
     485  1  38  4 1 1 1
     486  1  38  5 1 1 1
     487  1  38  6 1 1 1
     488  1  38  7 1 1 1
     489  1  38  8 1 1 1
     490  1  38  9 1 1 1
     491  1  38  10 1 1 1
     492  1  38  11 1 1 1
     493  1  38  12 1 1 1
     494  1  38  13 1 1 1
     495  1  39  1 1 1 1
     496  1  39  2 1 1 1
     497  1  39  3 1 1 1
     498  1  39  4 1 1 1
     499  1  39  5 1 1 1
     500  1  39  6 1 1 1
     501  1  39  7 1 1 1
     502  1  39  8 1 1 1
     503  1  39  9 1 1 1
     504  1  39  10 1 1 1
     505  1  39  11 1 1 1
     506  1  39  12 1 1 1
     507  1  39  13 1 1 1
     508  1  40  1 1 1 1
     509  1  40  2 1 1 1
     510  1  40  3 1 1 1
     511  1  40  4 1 1 1
     512  1  40  5 1 1 1
     513  1  40  6 1 1 1
     514  1  40  7 1 1 1
     515  1  40  8 1 1 1
     516  1  40  9 1 1 1
     517  1  40  10 1 1 1
     518  1  40  11 1 1 1
     519  1  40  12 1 1 1
     520  1  40  13 1 1 1
     521  1  41  1 1 1 1
     522  1  41  2 1 1 1
     523  1  41  3 1 1 1
     524  1  41  4 1 1 1
     525  1  41  5 1 1 1
     526  1  41  6 1 1 1
     527  1  41  7 1 1 1
     528  1  41  8 1 1 1
     529  1  41  9 1 1 1
     530  1  41  10 1 1 1
     531  1  41  11 1 1 1
     532  1  41  12 1 1 1
     533  1  41  13 1 1 1
     534  1  42  1 1 1 1
     535  1  42  2 1 1 1
     536  1  42  3 1 1 1
     537  1  42  4 1 1 1
     538  1  42  5 1 1 1
     539  1  42  6 1 1 1
     540  1  42  7 1 1 1
     541  1  42  8 1 1 1
     542  1  42  9 1 1 1
     543  1  42  10 1 1 1
     544  1  42  11 1 1 1
     545  1  42  12 1 1 1
     546  1  42  13 1 1 1
     547  1  43  1 1 1 1
     548  1  43  2 1 1 1
     549  1  43  3 1 1 1
     550  1  43  4 1 1 1
     551  1  43  5 1 1 1
     552  1  43  6 1 1 1
     553  1  43  7 1 1 1
     554  1  43  8 1 1 1
     555  1  43  9 1 1 1
     556  1  43  10 1 1 1
     557  1  43  11 1 1 1
     558  1  43  12 1 1 1
     559  1  43  13 1 1 1
     560  1  44  1 1 1 1
     561  1  44  2 1 1 1
     562  1  44  3 1 1 1
     563  1  44  4 1 1 1
     564  1  44  5 1 1 1
     565  1  44  6 1 1 1
     566  1  44  7 1 1 1
     567  1  44  8 1 1 1
     568  1  44  9 1 1 1
     569  1  44  10 1 1 1
     570  1  44  11 1 1 1
     571  1  44  12 1 1 1
     572  1  44  13 1 1 1
     573  1  45  1 1 1 1
     574  1  45  2 1 1 1
     575  1  45  3 1 1 1
     576  1  45  4 1 1 1
     577  1  45  5 1 1 1
     578  1  45  6 1 1 1
     579  1  45  7 1 1 1
     580  1  45  8 1 1 1
     581  1  45  9 1 1 1
     582  1  45  10 1 1 1
     583  1  45  11 1 1 1
     584  1  45  12 1 1 1
     585  1  45  13 1 1 1
     586  1  46  1 1 1 1
     587  1  46  2 1 1 1
     588  1  46  3 1 1 1
     589  1  46  4 1 1 1
     590  1  46  5 1 1 1
     591  1  46  6 1 1 1
     592  1  46  7 1 1 1
     593  1  46  8 1 1 1
     594  1  46  9 1 1 1
     595  1  46  10 1 1 1
     596  1  46  11 1 1 1
     597  1  46  12 1 1 1
     598  1  46  13 1 1 1
     599  2  1  1 1 1 1
     600  2  1  2 1 1 1
     601  2  1  3 1 1 1
     602  2  1  4 1 1 1
     603  2  1  5 1 1 1
     604  2  1  6 1 1 1
     605  2  1  7 1 1 1
     606  2  1  8 1 1 1
     607  2  1  9 1 1 1
     608  2  1  10 1 1 1
     609  2  1  11 1 1 1
     610  2  1  12 1 1 1
     611  2  1  13 1 1 1
     612  2  2  1 1 1 1
     613  2  2  2 1 1 1
     614  2  2  3 1 1 1
     615  2  2  4 1 1 1
     616  2  2  5 1 1 1
     617  2  2  6 1 1 1
     618  2  2  7 1 1 1
     619  2  2  8 1 1 1
     620  2  2  9 1 1 1
     621  2  2  10 1 1 1
     622  2  2  11 1 1 1
     623  2  2  12 1 1 1
     624  2  2  13 1 1 1
     625  2  3  1 1 1 1
     626  2  3  2 1 1 1
     627  2  3  3 1 1 1
     628  2  3  4 1 1 1
     629  2  3  5 1 1 1
     630  2  3  6 1 1 1
     631  2  3  7 1 1 1
     632  2  3  8 1 1 1
     633  2  3  9 1 1 1
     634  2  3  10 1 1 1
     635  2  3  11 1 1 1
     636  2  3  12 1 1 1
     637  2  3  13 1 1 1
     638  2  4  1 1 1 1
     639  2  4  2 1 1 1
     640  2  4  3 1 1 1
     641  2  4  4 1 1 1
     642  2  4  5 1 1 1
     643  2  4  6 1 1 1
     644  2  4  7 1 1 1
     645  2  4  8 1 1 1
     646  2  4  9 1 1 1
     647  2  4  10 1 1 1
     648  2  4  11 1 1 1
     649  2  4  12 1 1 1
     650  2  4  13 1 1 1
     651  2  5  1 1 1 1
     652  2  5  2 1 1 1
     653  2  5  3 1 1 1
     654  2  5  4 1 1 1
     655  2  5  5 1 1 1
     656  2  5  6 1 1 1
     657  2  5  7 1 1 1
     658  2  5  8 1 1 1
     659  2  5  9 1 1 1
     660  2  5  10 1 1 1
     661  2  5  11 1 1 1
     662  2  5  12 1 1 1
     663  2  5  13 1 1 1
     664  2  6  1 1 1 1
     665  2  6  2 1 1 1
     666  2  6  3 1 1 1
     667  2  6  4 1 1 1
     668  2  6  5 1 1 1
     669  2  6  6 1 1 1
     670  2  6  7 1 1 1
     671  2  6  8 1 1 1
     672  2  6  9 1 1 1
     673  2  6  10 1 1 1
     674  2  6  11 1 1 1
     675  2  6  12 1 1 1
     676  2  6  13 1 1 1
     677  2  7  1 1 1 1
     678  2  7  2 1 1 1
     679  2  7  3 1 1 1
     680  2  7  4 1 1 1
     681  2  7  5 1 1 1
     682  2  7  6 1 1 1
     683  2  7  7 1 1 1
     684  2  7  8 1 1 1
     685  2  7  9 1 1 1
     686  2  7  10 1 1 1
     687  2  7  11 1 1 1
     688  2  7  12 1 1 1
     689  2  7  13 1 1 1
     690  2  8  1 1 1 1
     691  2  8  2 1 1 1
     692  2  8  3 1 1 1
     693  2  8  4 1 1 1
     694  2  8  5 1 1 1
     695  2  8  6 1 1 1
     696  2  8  7 1 1 1
     697  2  8  8 1 1 1
     698  2  8  9 1 1 1
     699  2  8  10 1 1 1
     700  2  8  11 1 1 1
     701  2  8  12 1 1 1
     702  2  8  13 1 1 1
     703  2  9  1 1 1 1
     704  2  9  2 1 1 1
     705  2  9  3 1 1 1
     706  2  9  4 1 1 1
     707  2  9  5 1 1 1
     708  2  9  6 1 1 1
     709  2  9  7 1 1 1
     710  2  9  8 1 1 1
     711  2  9  9 1 1 1
     712  2  9  10 1 1 1
     713  2  9  11 1 1 1
     714  2  9  12 1 1 1
     715  2  9  13 1 1 1
     716  2  10  1 1 1 1
     717  2  10  2 1 1 1
     718  2  10  3 1 1 1
     719  2  10  4 1 1 1
     720  2  10  5 1 1 1
     721  2  10  6 1 1 1
     722  2  10  7 1 1 1
     723  2  10  8 1 1 1
     724  2  10  9 1 1 1
     725  2  10  10 1 1 1
     726  2  10  11 1 1 1
     727  2  10  12 1 1 1
     728  2  10  13 1 1 1
     729  2  11  1 1 1 1
     730  2  11  2 1 1 1
     731  2  11  3 1 1 1
     732  2  11  4 1 1 1
     733  2  11  5 1 1 1
     734  2  11  6 1 1 1
     735  2  11  7 1 1 1
     736  2  11  8 1 1 1
     737  2  11  9 1 1 1
     738  2  11  10 1 1 1
     739  2  11  11 1 1 1
     740  2  11  12 1 1 1
     741  2  11  13 1 1 1
     742  2  12  1 1 1 1
     743  2  12  2 1 1 1
     744  2  12  3 1 1 1
     745  2  12  4 1 1 1
     746  2  12  5 1 1 1
     747  2  12  6 1 1 1
     748  2  12  7 1 1 1
     749  2  12  8 1 1 1
     750  2  12  9 1 1 1
     751  2  12  10 1 1 1
     752  2  12  11 1 1 1
     753  2  12  12 1 1 1
     754  2  12  13 1 1 1
     755  2  13  1 1 1 1
     756  2  13  2 1 1 1
     757  2  13  3 1 1 1
     758  2  13  4 1 1 1
     759  2  13  5 1 1 1
     760  2  13  6 1 1 1
     761  2  13  7 1 1 1
     762  2  13  8 1 1 1
     763  2  13  9 1 1 1
     764  2  13  10 1 1 1
     765  2  13  11 1 1 1
     766  2  13  12 1 1 1
     767  2  13  13 1 1 1
     768  2  14  1 1 1 1
     769  2  14  2 1 1 1
     770  2  14  3 1 1 1
     771  2  14  4 1 1 1
     772  2  14  5 1 1 1
     773  2  14  6 1 1 1
     774  2  14  7 1 1 1
     775  2  14  8 1 1 1
     776  2  14  9 1 1 1
     777  2  14  10 1 1 1
     778  2  14  11 1 1 1
     779  2  14  12 1 1 1
     780  2  14  13 1 1 1
     781  2  15  1 1 1 1
     782  2  15  2 1 1 1
     783  2  15  3 1 1 1
     784  2  15  4 1 1 1
     785  2  15  5 1 1 1
     786  2  15  6 1 1 1
     787  2  15  7 1 1 1
     788  2  15  8 1 1 1
     789  2  15  9 1 1 1
     790  2  15  10 1 1 1
     791  2  15  11 1 1 1
     792  2  15  12 1 1 1
     793  2  15  13 1 1 1
     794  2  16  1 1 1 1
     795  2  16  2 1 1 1
     796  2  16  3 1 1 1
     797  2  16  4 1 1 1
     798  2  16  5 1 1 1
     799  2  16  6 1 1 1
     800  2  16  7 1 1 1
     801  2  16  8 1 1 1
     802  2  16  9 1 1 1
     803  2  16  10 1 1 1
     804  2  16  11 1 1 1
     805  2  16  12 1 1 1
     806  2  16  13 1 1 1
     807  2  17  1 1 1 1
     808  2  17  2 1 1 1
     809  2  17  3 1 1 1
     810  2  17  4 1 1 1
     811  2  17  5 1 1 1
     812  2  17  6 1 1 1
     813  2  17  7 1 1 1
     814  2  17  8 1 1 1
     815  2  17  9 1 1 1
     816  2  17  10 1 1 1
     817  2  17  11 1 1 1
     818  2  17  12 1 1 1
     819  2  17  13 1 1 1
     820  2  18  1 1 1 1
     821  2  18  2 1 1 1
     822  2  18  3 1 1 1
     823  2  18  4 1 1 1
     824  2  18  5 1 1 1
     825  2  18  6 1 1 1
     826  2  18  7 1 1 1
     827  2  18  8 1 1 1
     828  2  18  9 1 1 1
     829  2  18  10 1 1 1
     830  2  18  11 1 1 1
     831  2  18  12 1 1 1
     832  2  18  13 1 1 1
     833  2  19  1 1 1 1
     834  2  19  2 1 1 1
     835  2  19  3 1 1 1
     836  2  19  4 1 1 1
     837  2  19  5 1 1 1
     838  2  19  6 1 1 1
     839  2  19  7 1 1 1
     840  2  19  8 1 1 1
     841  2  19  9 1 1 1
     842  2  19  10 1 1 1
     843  2  19  11 1 1 1
     844  2  19  12 1 1 1
     845  2  19  13 1 1 1
     846  2  20  1 1 1 1
     847  2  20  2 1 1 1
     848  2  20  3 1 1 1
     849  2  20  4 1 1 1
     850  2  20  5 1 1 1
     851  2  20  6 1 1 1
     852  2  20  7 1 1 1
     853  2  20  8 1 1 1
     854  2  20  9 1 1 1
     855  2  20  10 1 1 1
     856  2  20  11 1 1 1
     857  2  20  12 1 1 1
     858  2  20  13 1 1 1
     859  2  21  1 1 1 1
     860  2  21  2 1 1 1
     861  2  21  3 1 1 1
     862  2  21  4 1 1 1
     863  2  21  5 1 1 1
     864  2  21  6 1 1 1
     865  2  21  7 1 1 1
     866  2  21  8 1 1 1
     867  2  21  9 1 1 1
     868  2  21  10 1 1 1
     869  2  21  11 1 1 1
     870  2  21  12 1 1 1
     871  2  21  13 1 1 1
     872  2  22  1 1 1 1
     873  2  22  2 1 1 1
     874  2  22  3 1 1 1
     875  2  22  4 1 1 1
     876  2  22  5 1 1 1
     877  2  22  6 1 1 1
     878  2  22  7 1 1 1
     879  2  22  8 1 1 1
     880  2  22  9 1 1 1
     881  2  22  10 1 1 1
     882  2  22  11 1 1 1
     883  2  22  12 1 1 1
     884  2  22  13 1 1 1
     885  2  23  1 1 1 1
     886  2  23  2 1 1 1
     887  2  23  3 1 1 1
     888  2  23  4 1 1 1
     889  2  23  5 1 1 1
     890  2  23  6 1 1 1
     891  2  23  7 1 1 1
     892  2  23  8 1 1 1
     893  2  23  9 1 1 1
     894  2  23  10 1 1 1
     895  2  23  11 1 1 1
     896  2  23  12 1 1 1
     897  2  23  13 1 1 1
     898  2  24  1 1 1 1
     899  2  24  2 1 1 1
     900  2  24  3 1 1 1
     901  2  24  4 1 1 1
     902  2  24  5 1 1 1
     903  2  24  6 1 1 1
     904  2  24  7 1 1 1
     905  2  24  8 1 1 1
     906  2  24  9 1 1 1
     907  2  24  10 1 1 1
     908  2  24  11 1 1 1
     909  2  24  12 1 1 1
     910  2  24  13 1 1 1
     911  2  25  1 1 1 1
     912  2  25  2 1 1 1
     913  2  25  3 1 1 1
     914  2  25  4 1 1 1
     915  2  25  5 1 1 1
     916  2  25  6 1 1 1
     917  2  25  7 1 1 1
     918  2  25  8 1 1 1
     919  2  25  9 1 1 1
     920  2  25  10 1 1 1
     921  2  25  11 1 1 1
     922  2  25  12 1 1 1
     923  2  25  13 1 1 1
     924  2  26  1 1 1 1
     925  2  26  2 1 1 1
     926  2  26  3 1 1 1
     927  2  26  4 1 1 1
     928  2  26  5 1 1 1
     929  2  26  6 1 1 1
     930  2  26  7 1 1 1
     931  2  26  8 1 1 1
     932  2  26  9 1 1 1
     933  2  26  10 1 1 1
     934  2  26  11 1 1 1
     935  2  26  12 1 1 1
     936  2  26  13 1 1 1
     937  2  27  1 1 1 1
     938  2  27  2 1 1 1
     939  2  27  3 1 1 1
     940  2  27  4 1 1 1
     941  2  27  5 1 1 1
     942  2  27  6 1 1 1
     943  2  27  7 1 1 1
     944  2  27  8 1 1 1
     945  2  27  9 1 1 1
     946  2  27  10 1 1 1
     947  2  27  11 1 1 1
     948  2  27  12 1 1 1
     949  2  27  13 1 1 1
     950  2  28  1 1 1 1
     951  2  28  2 1 1 1
     952  2  28  3 1 1 1
     953  2  28  4 1 1 1
     954  2  28  5 1 1 1
     955  2  28  6 1 1 1
     956  2  28  7 1 1 1
     957  2  28  8 1 1 1
     958  2  28  9 1 1 1
     959  2  28  10 1 1 1
     960  2  28  11 1 1 1
     961  2  28  12 1 1 1
     962  2  28  13 1 1 1
     963  2  29  1 1 1 1
     964  2  29  2 1 1 1
     965  2  29  3 1 1 1
     966  2  29  4 1 1 1
     967  2  29  5 1 1 1
     968  2  29  6 1 1 1
     969  2  29  7 1 1 1
     970  2  29  8 1 1 1
     971  2  29  9 1 1 1
     972  2  29  10 1 1 1
     973  2  29  11 1 1 1
     974  2  29  12 1 1 1
     975  2  29  13 1 1 1
     976  2  30  1 1 1 1
     977  2  30  2 1 1 1
     978  2  30  3 1 1 1
     979  2  30  4 1 1 1
     980  2  30  5 1 1 1
     981  2  30  6 1 1 1
     982  2  30  7 1 1 1
     983  2  30  8 1 1 1
     984  2  30  9 1 1 1
     985  2  30  10 1 1 1
     986  2  30  11 1 1 1
     987  2  30  12 1 1 1
     988  2  30  13 1 1 1
     989  2  31  1 1 1 1
     990  2  31  2 1 1 1
     991  2  31  3 1 1 1
     992  2  31  4 1 1 1
     993  2  31  5 1 1 1
     994  2  31  6 1 1 1
     995  2  31  7 1 1 1
     996  2  31  8 1 1 1
     997  2  31  9 1 1 1
     998  2  31  10 1 1 1
     999  2  31  11 1 1 1
     1000  2  31  12 1 1 1
     1001  2  31  13 1 1 1
     1002  2  32  1 1 1 1
     1003  2  32  2 1 1 1
     1004  2  32  3 1 1 1
     1005  2  32  4 1 1 1
     1006  2  32  5 1 1 1
     1007  2  32  6 1 1 1
     1008  2  32  7 1 1 1
     1009  2  32  8 1 1 1
     1010  2  32  9 1 1 1
     1011  2  32  10 1 1 1
     1012  2  32  11 1 1 1
     1013  2  32  12 1 1 1
     1014  2  32  13 1 1 1
     1015  2  33  1 1 1 1
     1016  2  33  2 1 1 1
     1017  2  33  3 1 1 1
     1018  2  33  4 1 1 1
     1019  2  33  5 1 1 1
     1020  2  33  6 1 1 1
     1021  2  33  7 1 1 1
     1022  2  33  8 1 1 1
     1023  2  33  9 1 1 1
     1024  2  33  10 1 1 1
     1025  2  33  11 1 1 1
     1026  2  33  12 1 1 1
     1027  2  33  13 1 1 1
     1028  2  34  1 1 1 1
     1029  2  34  2 1 1 1
     1030  2  34  3 1 1 1
     1031  2  34  4 1 1 1
     1032  2  34  5 1 1 1
     1033  2  34  6 1 1 1
     1034  2  34  7 1 1 1
     1035  2  34  8 1 1 1
     1036  2  34  9 1 1 1
     1037  2  34  10 1 1 1
     1038  2  34  11 1 1 1
     1039  2  34  12 1 1 1
     1040  2  34  13 1 1 1
     1041  2  35  1 1 1 1
     1042  2  35  2 1 1 1
     1043  2  35  3 1 1 1
     1044  2  35  4 1 1 1
     1045  2  35  5 1 1 1
     1046  2  35  6 1 1 1
     1047  2  35  7 1 1 1
     1048  2  35  8 1 1 1
     1049  2  35  9 1 1 1
     1050  2  35  10 1 1 1
     1051  2  35  11 1 1 1
     1052  2  35  12 1 1 1
     1053  2  35  13 1 1 1
     1054  2  36  1 1 1 1
     1055  2  36  2 1 1 1
     1056  2  36  3 1 1 1
     1057  2  36  4 1 1 1
     1058  2  36  5 1 1 1
     1059  2  36  6 1 1 1
     1060  2  36  7 1 1 1
     1061  2  36  8 1 1 1
     1062  2  36  9 1 1 1
     1063  2  36  10 1 1 1
     1064  2  36  11 1 1 1
     1065  2  36  12 1 1 1
     1066  2  36  13 1 1 1
     1067  2  37  1 1 1 1
     1068  2  37  2 1 1 1
     1069  2  37  3 1 1 1
     1070  2  37  4 1 1 1
     1071  2  37  5 1 1 1
     1072  2  37  6 1 1 1
     1073  2  37  7 1 1 1
     1074  2  37  8 1 1 1
     1075  2  37  9 1 1 1
     1076  2  37  10 1 1 1
     1077  2  37  11 1 1 1
     1078  2  37  12 1 1 1
     1079  2  37  13 1 1 1
     1080  2  38  1 1 1 1
     1081  2  38  2 1 1 1
     1082  2  38  3 1 1 1
     1083  2  38  4 1 1 1
     1084  2  38  5 1 1 1
     1085  2  38  6 1 1 1
     1086  2  38  7 1 1 1
     1087  2  38  8 1 1 1
     1088  2  38  9 1 1 1
     1089  2  38  10 1 1 1
     1090  2  38  11 1 1 1
     1091  2  38  12 1 1 1
     1092  2  38  13 1 1 1
     1093  2  39  1 1 1 1
     1094  2  39  2 1 1 1
     1095  2  39  3 1 1 1
     1096  2  39  4 1 1 1
     1097  2  39  5 1 1 1
     1098  2  39  6 1 1 1
     1099  2  39  7 1 1 1
     1100  2  39  8 1 1 1
     1101  2  39  9 1 1 1
     1102  2  39  10 1 1 1
     1103  2  39  11 1 1 1
     1104  2  39  12 1 1 1
     1105  2  39  13 1 1 1
     1106  2  40  1 1 1 1
     1107  2  40  2 1 1 1
     1108  2  40  3 1 1 1
     1109  2  40  4 1 1 1
     1110  2  40  5 1 1 1
     1111  2  40  6 1 1 1
     1112  2  40  7 1 1 1
     1113  2  40  8 1 1 1
     1114  2  40  9 1 1 1
     1115  2  40  10 1 1 1
     1116  2  40  11 1 1 1
     1117  2  40  12 1 1 1
     1118  2  40  13 1 1 1
     1119  2  41  1 1 1 1
     1120  2  41  2 1 1 1
     1121  2  41  3 1 1 1
     1122  2  41  4 1 1 1
     1123  2  41  5 1 1 1
     1124  2  41  6 1 1 1
     1125  2  41  7 1 1 1
     1126  2  41  8 1 1 1
     1127  2  41  9 1 1 1
     1128  2  41  10 1 1 1
     1129  2  41  11 1 1 1
     1130  2  41  12 1 1 1
     1131  2  41  13 1 1 1
     1132  2  42  1 1 1 1
     1133  2  42  2 1 1 1
     1134  2  42  3 1 1 1
     1135  2  42  4 1 1 1
     1136  2  42  5 1 1 1
     1137  2  42  6 1 1 1
     1138  2  42  7 1 1 1
     1139  2  42  8 1 1 1
     1140  2  42  9 1 1 1
     1141  2  42  10 1 1 1
     1142  2  42  11 1 1 1
     1143  2  42  12 1 1 1
     1144  2  42  13 1 1 1
     1145  2  43  1 1 1 1
     1146  2  43  2 1 1 1
     1147  2  43  3 1 1 1
     1148  2  43  4 1 1 1
     1149  2  43  5 1 1 1
     1150  2  43  6 1 1 1
     1151  2  43  7 1 1 1
     1152  2  43  8 1 1 1
     1153  2  43  9 1 1 1
     1154  2  43  10 1 1 1
     1155  2  43  11 1 1 1
     1156  2  43  12 1 1 1
     1157  2  43  13 1 1 1
     1158  2  44  1 1 1 1
     1159  2  44  2 1 1 1
     1160  2  44  3 1 1 1
     1161  2  44  4 1 1 1
     1162  2  44  5 1 1 1
     1163  2  44  6 1 1 1
     1164  2  44  7 1 1 1
     1165  2  44  8 1 1 1
     1166  2  44  9 1 1 1
     1167  2  44  10 1 1 1
     1168  2  44  11 1 1 1
     1169  2  44  12 1 1 1
     1170  2  44  13 1 1 1
     1171  2  45  1 1 1 1
     1172  2  45  2 1 1 1
     1173  2  45  3 1 1 1
     1174  2  45  4 1 1 1
     1175  2  45  5 1 1 1
     1176  2  45  6 1 1 1
     1177  2  45  7 1 1 1
     1178  2  45  8 1 1 1
     1179  2  45  9 1 1 1
     1180  2  45  10 1 1 1
     1181  2  45  11 1 1 1
     1182  2  45  12 1 1 1
     1183  2  45  13 1 1 1
     1184  2  46  1 1 1 1
     1185  2  46  2 1 1 1
     1186  2  46  3 1 1 1
     1187  2  46  4 1 1 1
     1188  2  46  5 1 1 1
     1189  2  46  6 1 1 1
     1190  2  46  7 1 1 1
     1191  2  46  8 1 1 1
     1192  2  46  9 1 1 1
     1193  2  46  10 1 1 1
     1194  2  46  11 1 1 1
     1195  2  46  12 1 1 1
     1196  2  46  13 1 1 1
     1197  3  1  1 1 1 1
     1198  3  1  2 1 1 1
     1199  3  1  3 1 1 1
     1200  3  1  4 1 1 1
     1201  3  1  5 1 1 1
     1202  3  1  6 1 1 1
     1203  3  1  7 1 1 1
     1204  3  1  8 1 1 1
     1205  3  1  9 1 1 1
     1206  3  1  10 1 1 1
     1207  3  1  11 1 1 1
     1208  3  1  12 1 1 1
     1209  3  1  13 1 1 1
     1210  3  2  1 1 1 1
     1211  3  2  2 1 1 1
     1212  3  2  3 1 1 1
     1213  3  2  4 1 1 1
     1214  3  2  5 1 1 1
     1215  3  2  6 1 1 1
     1216  3  2  7 1 1 1
     1217  3  2  8 1 1 1
     1218  3  2  9 1 1 1
     1219  3  2  10 1 1 1
     1220  3  2  11 1 1 1
     1221  3  2  12 1 1 1
     1222  3  2  13 1 1 1
     1223  3  3  1 1 1 1
     1224  3  3  2 1 1 1
     1225  3  3  3 1 1 1
     1226  3  3  4 1 1 1
     1227  3  3  5 1 1 1
     1228  3  3  6 1 1 1
     1229  3  3  7 1 1 1
     1230  3  3  8 1 1 1
     1231  3  3  9 1 1 1
     1232  3  3  10 1 1 1
     1233  3  3  11 1 1 1
     1234  3  3  12 1 1 1
     1235  3  3  13 1 1 1
     1236  3  4  1 1 1 1
     1237  3  4  2 1 1 1
     1238  3  4  3 1 1 1
     1239  3  4  4 1 1 1
     1240  3  4  5 1 1 1
     1241  3  4  6 1 1 1
     1242  3  4  7 1 1 1
     1243  3  4  8 1 1 1
     1244  3  4  9 1 1 1
     1245  3  4  10 1 1 1
     1246  3  4  11 1 1 1
     1247  3  4  12 1 1 1
     1248  3  4  13 1 1 1
     1249  3  5  1 1 1 1
     1250  3  5  2 1 1 1
     1251  3  5  3 1 1 1
     1252  3  5  4 1 1 1
     1253  3  5  5 1 1 1
     1254  3  5  6 1 1 1
     1255  3  5  7 1 1 1
     1256  3  5  8 1 1 1
     1257  3  5  9 1 1 1
     1258  3  5  10 1 1 1
     1259  3  5  11 1 1 1
     1260  3  5  12 1 1 1
     1261  3  5  13 1 1 1
     1262  3  6  1 1 1 1
     1263  3  6  2 1 1 1
     1264  3  6  3 1 1 1
     1265  3  6  4 1 1 1
     1266  3  6  5 1 1 1
     1267  3  6  6 1 1 1
     1268  3  6  7 1 1 1
     1269  3  6  8 1 1 1
     1270  3  6  9 1 1 1
     1271  3  6  10 1 1 1
     1272  3  6  11 1 1 1
     1273  3  6  12 1 1 1
     1274  3  6  13 1 1 1
     1275  3  7  1 1 1 1
     1276  3  7  2 1 1 1
     1277  3  7  3 1 1 1
     1278  3  7  4 1 1 1
     1279  3  7  5 1 1 1
     1280  3  7  6 1 1 1
     1281  3  7  7 1 1 1
     1282  3  7  8 1 1 1
     1283  3  7  9 1 1 1
     1284  3  7  10 1 1 1
     1285  3  7  11 1 1 1
     1286  3  7  12 1 1 1
     1287  3  7  13 1 1 1
     1288  3  8  1 1 1 1
     1289  3  8  2 1 1 1
     1290  3  8  3 1 1 1
     1291  3  8  4 1 1 1
     1292  3  8  5 1 1 1
     1293  3  8  6 1 1 1
     1294  3  8  7 1 1 1
     1295  3  8  8 1 1 1
     1296  3  8  9 1 1 1
     1297  3  8  10 1 1 1
     1298  3  8  11 1 1 1
     1299  3  8  12 1 1 1
     1300  3  8  13 1 1 1
     1301  3  9  1 1 1 1
     1302  3  9  2 1 1 1
     1303  3  9  3 1 1 1
     1304  3  9  4 1 1 1
     1305  3  9  5 1 1 1
     1306  3  9  6 1 1 1
     1307  3  9  7 1 1 1
     1308  3  9  8 1 1 1
     1309  3  9  9 1 1 1
     1310  3  9  10 1 1 1
     1311  3  9  11 1 1 1
     1312  3  9  12 1 1 1
     1313  3  9  13 1 1 1
     1314  3  10  1 1 1 1
     1315  3  10  2 1 1 1
     1316  3  10  3 1 1 1
     1317  3  10  4 1 1 1
     1318  3  10  5 1 1 1
     1319  3  10  6 1 1 1
     1320  3  10  7 1 1 1
     1321  3  10  8 1 1 1
     1322  3  10  9 1 1 1
     1323  3  10  10 1 1 1
     1324  3  10  11 1 1 1
     1325  3  10  12 1 1 1
     1326  3  10  13 1 1 1
     1327  3  11  1 1 1 1
     1328  3  11  2 1 1 1
     1329  3  11  3 1 1 1
     1330  3  11  4 1 1 1
     1331  3  11  5 1 1 1
     1332  3  11  6 1 1 1
     1333  3  11  7 1 1 1
     1334  3  11  8 1 1 1
     1335  3  11  9 1 1 1
     1336  3  11  10 1 1 1
     1337  3  11  11 1 1 1
     1338  3  11  12 1 1 1
     1339  3  11  13 1 1 1
     1340  3  12  1 1 1 1
     1341  3  12  2 1 1 1
     1342  3  12  3 1 1 1
     1343  3  12  4 1 1 1
     1344  3  12  5 1 1 1
     1345  3  12  6 1 1 1
     1346  3  12  7 1 1 1
     1347  3  12  8 1 1 1
     1348  3  12  9 1 1 1
     1349  3  12  10 1 1 1
     1350  3  12  11 1 1 1
     1351  3  12  12 1 1 1
     1352  3  12  13 1 1 1
     1353  3  13  1 1 1 1
     1354  3  13  2 1 1 1
     1355  3  13  3 1 1 1
     1356  3  13  4 1 1 1
     1357  3  13  5 1 1 1
     1358  3  13  6 1 1 1
     1359  3  13  7 1 1 1
     1360  3  13  8 1 1 1
     1361  3  13  9 1 1 1
     1362  3  13  10 1 1 1
     1363  3  13  11 1 1 1
     1364  3  13  12 1 1 1
     1365  3  13  13 1 1 1
     1366  3  14  1 1 1 1
     1367  3  14  2 1 1 1
     1368  3  14  3 1 1 1
     1369  3  14  4 1 1 1
     1370  3  14  5 1 1 1
     1371  3  14  6 1 1 1
     1372  3  14  7 1 1 1
     1373  3  14  8 1 1 1
     1374  3  14  9 1 1 1
     1375  3  14  10 1 1 1
     1376  3  14  11 1 1 1
     1377  3  14  12 1 1 1
     1378  3  14  13 1 1 1
     1379  3  15  1 1 1 1
     1380  3  15  2 1 1 1
     1381  3  15  3 1 1 1
     1382  3  15  4 1 1 1
     1383  3  15  5 1 1 1
     1384  3  15  6 1 1 1
     1385  3  15  7 1 1 1
     1386  3  15  8 1 1 1
     1387  3  15  9 1 1 1
     1388  3  15  10 1 1 1
     1389  3  15  11 1 1 1
     1390  3  15  12 1 1 1
     1391  3  15  13 1 1 1
     1392  3  16  1 1 1 1
     1393  3  16  2 1 1 1
     1394  3  16  3 1 1 1
     1395  3  16  4 1 1 1
     1396  3  16  5 1 1 1
     1397  3  16  6 1 1 1
     1398  3  16  7 1 1 1
     1399  3  16  8 1 1 1
     1400  3  16  9 1 1 1
     1401  3  16  10 1 1 1
     1402  3  16  11 1 1 1
     1403  3  16  12 1 1 1
     1404  3  16  13 1 1 1
     1405  3  17  1 1 1 1
     1406  3  17  2 1 1 1
     1407  3  17  3 1 1 1
     1408  3  17  4 1 1 1
     1409  3  17  5 1 1 1
     1410  3  17  6 1 1 1
     1411  3  17  7 1 1 1
     1412  3  17  8 1 1 1
     1413  3  17  9 1 1 1
     1414  3  17  10 1 1 1
     1415  3  17  11 1 1 1
     1416  3  17  12 1 1 1
     1417  3  17  13 1 1 1
     1418  3  18  1 1 1 1
     1419  3  18  2 1 1 1
     1420  3  18  3 1 1 1
     1421  3  18  4 1 1 1
     1422  3  18  5 1 1 1
     1423  3  18  6 1 1 1
     1424  3  18  7 1 1 1
     1425  3  18  8 1 1 1
     1426  3  18  9 1 1 1
     1427  3  18  10 1 1 1
     1428  3  18  11 1 1 1
     1429  3  18  12 1 1 1
     1430  3  18  13 1 1 1
     1431  3  19  1 1 1 1
     1432  3  19  2 1 1 1
     1433  3  19  3 1 1 1
     1434  3  19  4 1 1 1
     1435  3  19  5 1 1 1
     1436  3  19  6 1 1 1
     1437  3  19  7 1 1 1
     1438  3  19  8 1 1 1
     1439  3  19  9 1 1 1
     1440  3  19  10 1 1 1
     1441  3  19  11 1 1 1
     1442  3  19  12 1 1 1
     1443  3  19  13 1 1 1
     1444  3  20  1 1 1 1
     1445  3  20  2 1 1 1
     1446  3  20  3 1 1 1
     1447  3  20  4 1 1 1
     1448  3  20  5 1 1 1
     1449  3  20  6 1 1 1
     1450  3  20  7 1 1 1
     1451  3  20  8 1 1 1
     1452  3  20  9 1 1 1
     1453  3  20  10 1 1 1
     1454  3  20  11 1 1 1
     1455  3  20  12 1 1 1
     1456  3  20  13 1 1 1
     1457  3  21  1 1 1 1
     1458  3  21  2 1 1 1
     1459  3  21  3 1 1 1
     1460  3  21  4 1 1 1
     1461  3  21  5 1 1 1
     1462  3  21  6 1 1 1
     1463  3  21  7 1 1 1
     1464  3  21  8 1 1 1
     1465  3  21  9 1 1 1
     1466  3  21  10 1 1 1
     1467  3  21  11 1 1 1
     1468  3  21  12 1 1 1
     1469  3  21  13 1 1 1
     1470  3  22  1 1 1 1
     1471  3  22  2 1 1 1
     1472  3  22  3 1 1 1
     1473  3  22  4 1 1 1
     1474  3  22  5 1 1 1
     1475  3  22  6 1 1 1
     1476  3  22  7 1 1 1
     1477  3  22  8 1 1 1
     1478  3  22  9 1 1 1
     1479  3  22  10 1 1 1
     1480  3  22  11 1 1 1
     1481  3  22  12 1 1 1
     1482  3  22  13 1 1 1
     1483  3  23  1 1 1 1
     1484  3  23  2 1 1 1
     1485  3  23  3 1 1 1
     1486  3  23  4 1 1 1
     1487  3  23  5 1 1 1
     1488  3  23  6 1 1 1
     1489  3  23  7 1 1 1
     1490  3  23  8 1 1 1
     1491  3  23  9 1 1 1
     1492  3  23  10 1 1 1
     1493  3  23  11 1 1 1
     1494  3  23  12 1 1 1
     1495  3  23  13 1 1 1
     1496  3  24  1 1 1 1
     1497  3  24  2 1 1 1
     1498  3  24  3 1 1 1
     1499  3  24  4 1 1 1
     1500  3  24  5 1 1 1
     1501  3  24  6 1 1 1
     1502  3  24  7 1 1 1
     1503  3  24  8 1 1 1
     1504  3  24  9 1 1 1
     1505  3  24  10 1 1 1
     1506  3  24  11 1 1 1
     1507  3  24  12 1 1 1
     1508  3  24  13 1 1 1
     1509  3  25  1 1 1 1
     1510  3  25  2 1 1 1
     1511  3  25  3 1 1 1
     1512  3  25  4 1 1 1
     1513  3  25  5 1 1 1
     1514  3  25  6 1 1 1
     1515  3  25  7 1 1 1
     1516  3  25  8 1 1 1
     1517  3  25  9 1 1 1
     1518  3  25  10 1 1 1
     1519  3  25  11 1 1 1
     1520  3  25  12 1 1 1
     1521  3  25  13 1 1 1
     1522  3  26  1 1 1 1
     1523  3  26  2 1 1 1
     1524  3  26  3 1 1 1
     1525  3  26  4 1 1 1
     1526  3  26  5 1 1 1
     1527  3  26  6 1 1 1
     1528  3  26  7 1 1 1
     1529  3  26  8 1 1 1
     1530  3  26  9 1 1 1
     1531  3  26  10 1 1 1
     1532  3  26  11 1 1 1
     1533  3  26  12 1 1 1
     1534  3  26  13 1 1 1
     1535  3  27  1 1 1 1
     1536  3  27  2 1 1 1
     1537  3  27  3 1 1 1
     1538  3  27  4 1 1 1
     1539  3  27  5 1 1 1
     1540  3  27  6 1 1 1
     1541  3  27  7 1 1 1
     1542  3  27  8 1 1 1
     1543  3  27  9 1 1 1
     1544  3  27  10 1 1 1
     1545  3  27  11 1 1 1
     1546  3  27  12 1 1 1
     1547  3  27  13 1 1 1
     1548  3  28  1 1 1 1
     1549  3  28  2 1 1 1
     1550  3  28  3 1 1 1
     1551  3  28  4 1 1 1
     1552  3  28  5 1 1 1
     1553  3  28  6 1 1 1
     1554  3  28  7 1 1 1
     1555  3  28  8 1 1 1
     1556  3  28  9 1 1 1
     1557  3  28  10 1 1 1
     1558  3  28  11 1 1 1
     1559  3  28  12 1 1 1
     1560  3  28  13 1 1 1
     1561  3  29  1 1 1 1
     1562  3  29  2 1 1 1
     1563  3  29  3 1 1 1
     1564  3  29  4 1 1 1
     1565  3  29  5 1 1 1
     1566  3  29  6 1 1 1
     1567  3  29  7 1 1 1
     1568  3  29  8 1 1 1
     1569  3  29  9 1 1 1
     1570  3  29  10 1 1 1
     1571  3  29  11 1 1 1
     1572  3  29  12 1 1 1
     1573  3  29  13 1 1 1
     1574  3  30  1 1 1 1
     1575  3  30  2 1 1 1
     1576  3  30  3 1 1 1
     1577  3  30  4 1 1 1
     1578  3  30  5 1 1 1
     1579  3  30  6 1 1 1
     1580  3  30  7 1 1 1
     1581  3  30  8 1 1 1
     1582  3  30  9 1 1 1
     1583  3  30  10 1 1 1
     1584  3  30  11 1 1 1
     1585  3  30  12 1 1 1
     1586  3  30  13 1 1 1
     1587  3  31  1 1 1 1
     1588  3  31  2 1 1 1
     1589  3  31  3 1 1 1
     1590  3  31  4 1 1 1
     1591  3  31  5 1 1 1
     1592  3  31  6 1 1 1
     1593  3  31  7 1 1 1
     1594  3  31  8 1 1 1
     1595  3  31  9 1 1 1
     1596  3  31  10 1 1 1
     1597  3  31  11 1 1 1
     1598  3  31  12 1 1 1
     1599  3  31  13 1 1 1
     1600  3  32  1 1 1 1
     1601  3  32  2 1 1 1
     1602  3  32  3 1 1 1
     1603  3  32  4 1 1 1
     1604  3  32  5 1 1 1
     1605  3  32  6 1 1 1
     1606  3  32  7 1 1 1
     1607  3  32  8 1 1 1
     1608  3  32  9 1 1 1
     1609  3  32  10 1 1 1
     1610  3  32  11 1 1 1
     1611  3  32  12 1 1 1
     1612  3  32  13 1 1 1
     1613  3  33  1 1 1 1
     1614  3  33  2 1 1 1
     1615  3  33  3 1 1 1
     1616  3  33  4 1 1 1
     1617  3  33  5 1 1 1
     1618  3  33  6 1 1 1
     1619  3  33  7 1 1 1
     1620  3  33  8 1 1 1
     1621  3  33  9 1 1 1
     1622  3  33  10 1 1 1
     1623  3  33  11 1 1 1
     1624  3  33  12 1 1 1
     1625  3  33  13 1 1 1
     1626  3  34  1 1 1 1
     1627  3  34  2 1 1 1
     1628  3  34  3 1 1 1
     1629  3  34  4 1 1 1
     1630  3  34  5 1 1 1
     1631  3  34  6 1 1 1
     1632  3  34  7 1 1 1
     1633  3  34  8 1 1 1
     1634  3  34  9 1 1 1
     1635  3  34  10 1 1 1
     1636  3  34  11 1 1 1
     1637  3  34  12 1 1 1
     1638  3  34  13 1 1 1
     1639  3  35  1 1 1 1
     1640  3  35  2 1 1 1
     1641  3  35  3 1 1 1
     1642  3  35  4 1 1 1
     1643  3  35  5 1 1 1
     1644  3  35  6 1 1 1
     1645  3  35  7 1 1 1
     1646  3  35  8 1 1 1
     1647  3  35  9 1 1 1
     1648  3  35  10 1 1 1
     1649  3  35  11 1 1 1
     1650  3  35  12 1 1 1
     1651  3  35  13 1 1 1
     1652  3  36  1 1 1 1
     1653  3  36  2 1 1 1
     1654  3  36  3 1 1 1
     1655  3  36  4 1 1 1
     1656  3  36  5 1 1 1
     1657  3  36  6 1 1 1
     1658  3  36  7 1 1 1
     1659  3  36  8 1 1 1
     1660  3  36  9 1 1 1
     1661  3  36  10 1 1 1
     1662  3  36  11 1 1 1
     1663  3  36  12 1 1 1
     1664  3  36  13 1 1 1
     1665  3  37  1 1 1 1
     1666  3  37  2 1 1 1
     1667  3  37  3 1 1 1
     1668  3  37  4 1 1 1
     1669  3  37  5 1 1 1
     1670  3  37  6 1 1 1
     1671  3  37  7 1 1 1
     1672  3  37  8 1 1 1
     1673  3  37  9 1 1 1
     1674  3  37  10 1 1 1
     1675  3  37  11 1 1 1
     1676  3  37  12 1 1 1
     1677  3  37  13 1 1 1
     1678  3  38  1 1 1 1
     1679  3  38  2 1 1 1
     1680  3  38  3 1 1 1
     1681  3  38  4 1 1 1
     1682  3  38  5 1 1 1
     1683  3  38  6 1 1 1
     1684  3  38  7 1 1 1
     1685  3  38  8 1 1 1
     1686  3  38  9 1 1 1
     1687  3  38  10 1 1 1
     1688  3  38  11 1 1 1
     1689  3  38  12 1 1 1
     1690  3  38  13 1 1 1
     1691  3  39  1 1 1 1
     1692  3  39  2 1 1 1
     1693  3  39  3 1 1 1
     1694  3  39  4 1 1 1
     1695  3  39  5 1 1 1
     1696  3  39  6 1 1 1
     1697  3  39  7 1 1 1
     1698  3  39  8 1 1 1
     1699  3  39  9 1 1 1
     1700  3  39  10 1 1 1
     1701  3  39  11 1 1 1
     1702  3  39  12 1 1 1
     1703  3  39  13 1 1 1
     1704  3  40  1 1 1 1
     1705  3  40  2 1 1 1
     1706  3  40  3 1 1 1
     1707  3  40  4 1 1 1
     1708  3  40  5 1 1 1
     1709  3  40  6 1 1 1
     1710  3  40  7 1 1 1
     1711  3  40  8 1 1 1
     1712  3  40  9 1 1 1
     1713  3  40  10 1 1 1
     1714  3  40  11 1 1 1
     1715  3  40  12 1 1 1
     1716  3  40  13 1 1 1
     1717  3  41  1 1 1 1
     1718  3  41  2 1 1 1
     1719  3  41  3 1 1 1
     1720  3  41  4 1 1 1
     1721  3  41  5 1 1 1
     1722  3  41  6 1 1 1
     1723  3  41  7 1 1 1
     1724  3  41  8 1 1 1
     1725  3  41  9 1 1 1
     1726  3  41  10 1 1 1
     1727  3  41  11 1 1 1
     1728  3  41  12 1 1 1
     1729  3  41  13 1 1 1
     1730  3  42  1 1 1 1
     1731  3  42  2 1 1 1
     1732  3  42  3 1 1 1
     1733  3  42  4 1 1 1
     1734  3  42  5 1 1 1
     1735  3  42  6 1 1 1
     1736  3  42  7 1 1 1
     1737  3  42  8 1 1 1
     1738  3  42  9 1 1 1
     1739  3  42  10 1 1 1
     1740  3  42  11 1 1 1
     1741  3  42  12 1 1 1
     1742  3  42  13 1 1 1
     1743  3  43  1 1 1 1
     1744  3  43  2 1 1 1
     1745  3  43  3 1 1 1
     1746  3  43  4 1 1 1
     1747  3  43  5 1 1 1
     1748  3  43  6 1 1 1
     1749  3  43  7 1 1 1
     1750  3  43  8 1 1 1
     1751  3  43  9 1 1 1
     1752  3  43  10 1 1 1
     1753  3  43  11 1 1 1
     1754  3  43  12 1 1 1
     1755  3  43  13 1 1 1
     1756  3  44  1 1 1 1
     1757  3  44  2 1 1 1
     1758  3  44  3 1 1 1
     1759  3  44  4 1 1 1
     1760  3  44  5 1 1 1
     1761  3  44  6 1 1 1
     1762  3  44  7 1 1 1
     1763  3  44  8 1 1 1
     1764  3  44  9 1 1 1
     1765  3  44  10 1 1 1
     1766  3  44  11 1 1 1
     1767  3  44  12 1 1 1
     1768  3  44  13 1 1 1
     1769  3  45  1 1 1 1
     1770  3  45  2 1 1 1
     1771  3  45  3 1 1 1
     1772  3  45  4 1 1 1
     1773  3  45  5 1 1 1
     1774  3  45  6 1 1 1
     1775  3  45  7 1 1 1
     1776  3  45  8 1 1 1
     1777  3  45  9 1 1 1
     1778  3  45  10 1 1 1
     1779  3  45  11 1 1 1
     1780  3  45  12 1 1 1
     1781  3  45  13 1 1 1
     1782  3  46  1 1 1 1
     1783  3  46  2 1 1 1
     1784  3  46  3 1 1 1
     1785  3  46  4 1 1 1
     1786  3  46  5 1 1 1
     1787  3  46  6 1 1 1
     1788  3  46  7 1 1 1
     1789  3  46  8 1 1 1
     1790  3  46  9 1 1 1
     1791  3  46  10 1 1 1
     1792  3  46  11 1 1 1
     1793  3  46  12 1 1 1
     1794  3  46  13 1 1 1
     1795  4  1  1 1 1 1
     1796  4  1  2 1 1 1
     1797  4  1  3 1 1 1
     1798  4  1  4 1 1 1
     1799  4  1  5 1 1 1
     1800  4  1  6 1 1 1
     1801  4  1  7 1 1 1
     1802  4  1  8 1 1 1
     1803  4  1  9 1 1 1
     1804  4  1  10 1 1 1
     1805  4  1  11 1 1 1
     1806  4  1  12 1 1 1
     1807  4  1  13 1 1 1
     1808  4  2  1 1 1 1
     1809  4  2  2 1 1 1
     1810  4  2  3 1 1 1
     1811  4  2  4 1 1 1
     1812  4  2  5 1 1 1
     1813  4  2  6 1 1 1
     1814  4  2  7 1 1 1
     1815  4  2  8 1 1 1
     1816  4  2  9 1 1 1
     1817  4  2  10 1 1 1
     1818  4  2  11 1 1 1
     1819  4  2  12 1 1 1
     1820  4  2  13 1 1 1
     1821  4  3  1 1 1 1
     1822  4  3  2 1 1 1
     1823  4  3  3 1 1 1
     1824  4  3  4 1 1 1
     1825  4  3  5 1 1 1
     1826  4  3  6 1 1 1
     1827  4  3  7 1 1 1
     1828  4  3  8 1 1 1
     1829  4  3  9 1 1 1
     1830  4  3  10 1 1 1
     1831  4  3  11 1 1 1
     1832  4  3  12 1 1 1
     1833  4  3  13 1 1 1
     1834  4  4  1 1 1 1
     1835  4  4  2 1 1 1
     1836  4  4  3 1 1 1
     1837  4  4  4 1 1 1
     1838  4  4  5 1 1 1
     1839  4  4  6 1 1 1
     1840  4  4  7 1 1 1
     1841  4  4  8 1 1 1
     1842  4  4  9 1 1 1
     1843  4  4  10 1 1 1
     1844  4  4  11 1 1 1
     1845  4  4  12 1 1 1
     1846  4  4  13 1 1 1
     1847  4  5  1 1 1 1
     1848  4  5  2 1 1 1
     1849  4  5  3 1 1 1
     1850  4  5  4 1 1 1
     1851  4  5  5 1 1 1
     1852  4  5  6 1 1 1
     1853  4  5  7 1 1 1
     1854  4  5  8 1 1 1
     1855  4  5  9 1 1 1
     1856  4  5  10 1 1 1
     1857  4  5  11 1 1 1
     1858  4  5  12 1 1 1
     1859  4  5  13 1 1 1
     1860  4  6  1 1 1 1
     1861  4  6  2 1 1 1
     1862  4  6  3 1 1 1
     1863  4  6  4 1 1 1
     1864  4  6  5 1 1 1
     1865  4  6  6 1 1 1
     1866  4  6  7 1 1 1
     1867  4  6  8 1 1 1
     1868  4  6  9 1 1 1
     1869  4  6  10 1 1 1
     1870  4  6  11 1 1 1
     1871  4  6  12 1 1 1
     1872  4  6  13 1 1 1
     1873  4  7  1 1 1 1
     1874  4  7  2 1 1 1
     1875  4  7  3 1 1 1
     1876  4  7  4 1 1 1
     1877  4  7  5 1 1 1
     1878  4  7  6 1 1 1
     1879  4  7  7 1 1 1
     1880  4  7  8 1 1 1
     1881  4  7  9 1 1 1
     1882  4  7  10 1 1 1
     1883  4  7  11 1 1 1
     1884  4  7  12 1 1 1
     1885  4  7  13 1 1 1
     1886  4  8  1 1 1 1
     1887  4  8  2 1 1 1
     1888  4  8  3 1 1 1
     1889  4  8  4 1 1 1
     1890  4  8  5 1 1 1
     1891  4  8  6 1 1 1
     1892  4  8  7 1 1 1
     1893  4  8  8 1 1 1
     1894  4  8  9 1 1 1
     1895  4  8  10 1 1 1
     1896  4  8  11 1 1 1
     1897  4  8  12 1 1 1
     1898  4  8  13 1 1 1
     1899  4  9  1 1 1 1
     1900  4  9  2 1 1 1
     1901  4  9  3 1 1 1
     1902  4  9  4 1 1 1
     1903  4  9  5 1 1 1
     1904  4  9  6 1 1 1
     1905  4  9  7 1 1 1
     1906  4  9  8 1 1 1
     1907  4  9  9 1 1 1
     1908  4  9  10 1 1 1
     1909  4  9  11 1 1 1
     1910  4  9  12 1 1 1
     1911  4  9  13 1 1 1
     1912  4  10  1 1 1 1
     1913  4  10  2 1 1 1
     1914  4  10  3 1 1 1
     1915  4  10  4 1 1 1
     1916  4  10  5 1 1 1
     1917  4  10  6 1 1 1
     1918  4  10  7 1 1 1
     1919  4  10  8 1 1 1
     1920  4  10  9 1 1 1
     1921  4  10  10 1 1 1
     1922  4  10  11 1 1 1
     1923  4  10  12 1 1 1
     1924  4  10  13 1 1 1
     1925  4  11  1 1 1 1
     1926  4  11  2 1 1 1
     1927  4  11  3 1 1 1
     1928  4  11  4 1 1 1
     1929  4  11  5 1 1 1
     1930  4  11  6 1 1 1
     1931  4  11  7 1 1 1
     1932  4  11  8 1 1 1
     1933  4  11  9 1 1 1
     1934  4  11  10 1 1 1
     1935  4  11  11 1 1 1
     1936  4  11  12 1 1 1
     1937  4  11  13 1 1 1
     1938  4  12  1 1 1 1
     1939  4  12  2 1 1 1
     1940  4  12  3 1 1 1
     1941  4  12  4 1 1 1
     1942  4  12  5 1 1 1
     1943  4  12  6 1 1 1
     1944  4  12  7 1 1 1
     1945  4  12  8 1 1 1
     1946  4  12  9 1 1 1
     1947  4  12  10 1 1 1
     1948  4  12  11 1 1 1
     1949  4  12  12 1 1 1
     1950  4  12  13 1 1 1
     1951  4  13  1 1 1 1
     1952  4  13  2 1 1 1
     1953  4  13  3 1 1 1
     1954  4  13  4 1 1 1
     1955  4  13  5 1 1 1
     1956  4  13  6 1 1 1
     1957  4  13  7 1 1 1
     1958  4  13  8 1 1 1
     1959  4  13  9 1 1 1
     1960  4  13  10 1 1 1
     1961  4  13  11 1 1 1
     1962  4  13  12 1 1 1
     1963  4  13  13 1 1 1
     1964  4  14  1 1 1 1
     1965  4  14  2 1 1 1
     1966  4  14  3 1 1 1
     1967  4  14  4 1 1 1
     1968  4  14  5 1 1 1
     1969  4  14  6 1 1 1
     1970  4  14  7 1 1 1
     1971  4  14  8 1 1 1
     1972  4  14  9 1 1 1
     1973  4  14  10 1 1 1
     1974  4  14  11 1 1 1
     1975  4  14  12 1 1 1
     1976  4  14  13 1 1 1
     1977  4  15  1 1 1 1
     1978  4  15  2 1 1 1
     1979  4  15  3 1 1 1
     1980  4  15  4 1 1 1
     1981  4  15  5 1 1 1
     1982  4  15  6 1 1 1
     1983  4  15  7 1 1 1
     1984  4  15  8 1 1 1
     1985  4  15  9 1 1 1
     1986  4  15  10 1 1 1
     1987  4  15  11 1 1 1
     1988  4  15  12 1 1 1
     1989  4  15  13 1 1 1
     1990  4  16  1 1 1 1
     1991  4  16  2 1 1 1
     1992  4  16  3 1 1 1
     1993  4  16  4 1 1 1
     1994  4  16  5 1 1 1
     1995  4  16  6 1 1 1
     1996  4  16  7 1 1 1
     1997  4  16  8 1 1 1
     1998  4  16  9 1 1 1
     1999  4  16  10 1 1 1
     2000  4  16  11 1 1 1
     2001  4  16  12 1 1 1
     2002  4  16  13 1 1 1
     2003  4  17  1 1 1 1
     2004  4  17  2 1 1 1
     2005  4  17  3 1 1 1
     2006  4  17  4 1 1 1
     2007  4  17  5 1 1 1
     2008  4  17  6 1 1 1
     2009  4  17  7 1 1 1
     2010  4  17  8 1 1 1
     2011  4  17  9 1 1 1
     2012  4  17  10 1 1 1
     2013  4  17  11 1 1 1
     2014  4  17  12 1 1 1
     2015  4  17  13 1 1 1
     2016  4  18  1 1 1 1
     2017  4  18  2 1 1 1
     2018  4  18  3 1 1 1
     2019  4  18  4 1 1 1
     2020  4  18  5 1 1 1
     2021  4  18  6 1 1 1
     2022  4  18  7 1 1 1
     2023  4  18  8 1 1 1
     2024  4  18  9 1 1 1
     2025  4  18  10 1 1 1
     2026  4  18  11 1 1 1
     2027  4  18  12 1 1 1
     2028  4  18  13 1 1 1
     2029  4  19  1 1 1 1
     2030  4  19  2 1 1 1
     2031  4  19  3 1 1 1
     2032  4  19  4 1 1 1
     2033  4  19  5 1 1 1
     2034  4  19  6 1 1 1
     2035  4  19  7 1 1 1
     2036  4  19  8 1 1 1
     2037  4  19  9 1 1 1
     2038  4  19  10 1 1 1
     2039  4  19  11 1 1 1
     2040  4  19  12 1 1 1
     2041  4  19  13 1 1 1
     2042  4  20  1 1 1 1
     2043  4  20  2 1 1 1
     2044  4  20  3 1 1 1
     2045  4  20  4 1 1 1
     2046  4  20  5 1 1 1
     2047  4  20  6 1 1 1
     2048  4  20  7 1 1 1
     2049  4  20  8 1 1 1
     2050  4  20  9 1 1 1
     2051  4  20  10 1 1 1
     2052  4  20  11 1 1 1
     2053  4  20  12 1 1 1
     2054  4  20  13 1 1 1
     2055  4  21  1 1 1 1
     2056  4  21  2 1 1 1
     2057  4  21  3 1 1 1
     2058  4  21  4 1 1 1
     2059  4  21  5 1 1 1
     2060  4  21  6 1 1 1
     2061  4  21  7 1 1 1
     2062  4  21  8 1 1 1
     2063  4  21  9 1 1 1
     2064  4  21  10 1 1 1
     2065  4  21  11 1 1 1
     2066  4  21  12 1 1 1
     2067  4  21  13 1 1 1
     2068  4  22  1 1 1 1
     2069  4  22  2 1 1 1
     2070  4  22  3 1 1 1
     2071  4  22  4 1 1 1
     2072  4  22  5 1 1 1
     2073  4  22  6 1 1 1
     2074  4  22  7 1 1 1
     2075  4  22  8 1 1 1
     2076  4  22  9 1 1 1
     2077  4  22  10 1 1 1
     2078  4  22  11 1 1 1
     2079  4  22  12 1 1 1
     2080  4  22  13 1 1 1
     2081  4  23  1 1 1 1
     2082  4  23  2 1 1 1
     2083  4  23  3 1 1 1
     2084  4  23  4 1 1 1
     2085  4  23  5 1 1 1
     2086  4  23  6 1 1 1
     2087  4  23  7 1 1 1
     2088  4  23  8 1 1 1
     2089  4  23  9 1 1 1
     2090  4  23  10 1 1 1
     2091  4  23  11 1 1 1
     2092  4  23  12 1 1 1
     2093  4  23  13 1 1 1
     2094  4  24  1 1 1 1
     2095  4  24  2 1 1 1
     2096  4  24  3 1 1 1
     2097  4  24  4 1 1 1
     2098  4  24  5 1 1 1
     2099  4  24  6 1 1 1
     2100  4  24  7 1 1 1
     2101  4  24  8 1 1 1
     2102  4  24  9 1 1 1
     2103  4  24  10 1 1 1
     2104  4  24  11 1 1 1
     2105  4  24  12 1 1 1
     2106  4  24  13 1 1 1
     2107  4  25  1 1 1 1
     2108  4  25  2 1 1 1
     2109  4  25  3 1 1 1
     2110  4  25  4 1 1 1
     2111  4  25  5 1 1 1
     2112  4  25  6 1 1 1
     2113  4  25  7 1 1 1
     2114  4  25  8 1 1 1
     2115  4  25  9 1 1 1
     2116  4  25  10 1 1 1
     2117  4  25  11 1 1 1
     2118  4  25  12 1 1 1
     2119  4  25  13 1 1 1
     2120  4  26  1 1 1 1
     2121  4  26  2 1 1 1
     2122  4  26  3 1 1 1
     2123  4  26  4 1 1 1
     2124  4  26  5 1 1 1
     2125  4  26  6 1 1 1
     2126  4  26  7 1 1 1
     2127  4  26  8 1 1 1
     2128  4  26  9 1 1 1
     2129  4  26  10 1 1 1
     2130  4  26  11 1 1 1
     2131  4  26  12 1 1 1
     2132  4  26  13 1 1 1
     2133  4  27  1 1 1 1
     2134  4  27  2 1 1 1
     2135  4  27  3 1 1 1
     2136  4  27  4 1 1 1
     2137  4  27  5 1 1 1
     2138  4  27  6 1 1 1
     2139  4  27  7 1 1 1
     2140  4  27  8 1 1 1
     2141  4  27  9 1 1 1
     2142  4  27  10 1 1 1
     2143  4  27  11 1 1 1
     2144  4  27  12 1 1 1
     2145  4  27  13 1 1 1
     2146  4  28  1 1 1 1
     2147  4  28  2 1 1 1
     2148  4  28  3 1 1 1
     2149  4  28  4 1 1 1
     2150  4  28  5 1 1 1
     2151  4  28  6 1 1 1
     2152  4  28  7 1 1 1
     2153  4  28  8 1 1 1
     2154  4  28  9 1 1 1
     2155  4  28  10 1 1 1
     2156  4  28  11 1 1 1
     2157  4  28  12 1 1 1
     2158  4  28  13 1 1 1
     2159  4  29  1 1 1 1
     2160  4  29  2 1 1 1
     2161  4  29  3 1 1 1
     2162  4  29  4 1 1 1
     2163  4  29  5 1 1 1
     2164  4  29  6 1 1 1
     2165  4  29  7 1 1 1
     2166  4  29  8 1 1 1
     2167  4  29  9 1 1 1
     2168  4  29  10 1 1 1
     2169  4  29  11 1 1 1
     2170  4  29  12 1 1 1
     2171  4  29  13 1 1 1
     2172  4  30  1 1 1 1
     2173  4  30  2 1 1 1
     2174  4  30  3 1 1 1
     2175  4  30  4 1 1 1
     2176  4  30  5 1 1 1
     2177  4  30  6 1 1 1
     2178  4  30  7 1 1 1
     2179  4  30  8 1 1 1
     2180  4  30  9 1 1 1
     2181  4  30  10 1 1 1
     2182  4  30  11 1 1 1
     2183  4  30  12 1 1 1
     2184  4  30  13 1 1 1
     2185  4  31  1 1 1 1
     2186  4  31  2 1 1 1
     2187  4  31  3 1 1 1
     2188  4  31  4 1 1 1
     2189  4  31  5 1 1 1
     2190  4  31  6 1 1 1
     2191  4  31  7 1 1 1
     2192  4  31  8 1 1 1
     2193  4  31  9 1 1 1
     2194  4  31  10 1 1 1
     2195  4  31  11 1 1 1
     2196  4  31  12 1 1 1
     2197  4  31  13 1 1 1
     2198  4  32  1 1 1 1
     2199  4  32  2 1 1 1
     2200  4  32  3 1 1 1
     2201  4  32  4 1 1 1
     2202  4  32  5 1 1 1
     2203  4  32  6 1 1 1
     2204  4  32  7 1 1 1
     2205  4  32  8 1 1 1
     2206  4  32  9 1 1 1
     2207  4  32  10 1 1 1
     2208  4  32  11 1 1 1
     2209  4  32  12 1 1 1
     2210  4  32  13 1 1 1
     2211  4  33  1 1 1 1
     2212  4  33  2 1 1 1
     2213  4  33  3 1 1 1
     2214  4  33  4 1 1 1
     2215  4  33  5 1 1 1
     2216  4  33  6 1 1 1
     2217  4  33  7 1 1 1
     2218  4  33  8 1 1 1
     2219  4  33  9 1 1 1
     2220  4  33  10 1 1 1
     2221  4  33  11 1 1 1
     2222  4  33  12 1 1 1
     2223  4  33  13 1 1 1
     2224  4  34  1 1 1 1
     2225  4  34  2 1 1 1
     2226  4  34  3 1 1 1
     2227  4  34  4 1 1 1
     2228  4  34  5 1 1 1
     2229  4  34  6 1 1 1
     2230  4  34  7 1 1 1
     2231  4  34  8 1 1 1
     2232  4  34  9 1 1 1
     2233  4  34  10 1 1 1
     2234  4  34  11 1 1 1
     2235  4  34  12 1 1 1
     2236  4  34  13 1 1 1
     2237  4  35  1 1 1 1
     2238  4  35  2 1 1 1
     2239  4  35  3 1 1 1
     2240  4  35  4 1 1 1
     2241  4  35  5 1 1 1
     2242  4  35  6 1 1 1
     2243  4  35  7 1 1 1
     2244  4  35  8 1 1 1
     2245  4  35  9 1 1 1
     2246  4  35  10 1 1 1
     2247  4  35  11 1 1 1
     2248  4  35  12 1 1 1
     2249  4  35  13 1 1 1
     2250  4  36  1 1 1 1
     2251  4  36  2 1 1 1
     2252  4  36  3 1 1 1
     2253  4  36  4 1 1 1
     2254  4  36  5 1 1 1
     2255  4  36  6 1 1 1
     2256  4  36  7 1 1 1
     2257  4  36  8 1 1 1
     2258  4  36  9 1 1 1
     2259  4  36  10 1 1 1
     2260  4  36  11 1 1 1
     2261  4  36  12 1 1 1
     2262  4  36  13 1 1 1
     2263  4  37  1 1 1 1
     2264  4  37  2 1 1 1
     2265  4  37  3 1 1 1
     2266  4  37  4 1 1 1
     2267  4  37  5 1 1 1
     2268  4  37  6 1 1 1
     2269  4  37  7 1 1 1
     2270  4  37  8 1 1 1
     2271  4  37  9 1 1 1
     2272  4  37  10 1 1 1
     2273  4  37  11 1 1 1
     2274  4  37  12 1 1 1
     2275  4  37  13 1 1 1
     2276  4  38  1 1 1 1
     2277  4  38  2 1 1 1
     2278  4  38  3 1 1 1
     2279  4  38  4 1 1 1
     2280  4  38  5 1 1 1
     2281  4  38  6 1 1 1
     2282  4  38  7 1 1 1
     2283  4  38  8 1 1 1
     2284  4  38  9 1 1 1
     2285  4  38  10 1 1 1
     2286  4  38  11 1 1 1
     2287  4  38  12 1 1 1
     2288  4  38  13 1 1 1
     2289  4  39  1 1 1 1
     2290  4  39  2 1 1 1
     2291  4  39  3 1 1 1
     2292  4  39  4 1 1 1
     2293  4  39  5 1 1 1
     2294  4  39  6 1 1 1
     2295  4  39  7 1 1 1
     2296  4  39  8 1 1 1
     2297  4  39  9 1 1 1
     2298  4  39  10 1 1 1
     2299  4  39  11 1 1 1
     2300  4  39  12 1 1 1
     2301  4  39  13 1 1 1
     2302  4  40  1 1 1 1
     2303  4  40  2 1 1 1
     2304  4  40  3 1 1 1
     2305  4  40  4 1 1 1
     2306  4  40  5 1 1 1
     2307  4  40  6 1 1 1
     2308  4  40  7 1 1 1
     2309  4  40  8 1 1 1
     2310  4  40  9 1 1 1
     2311  4  40  10 1 1 1
     2312  4  40  11 1 1 1
     2313  4  40  12 1 1 1
     2314  4  40  13 1 1 1
     2315  4  41  1 1 1 1
     2316  4  41  2 1 1 1
     2317  4  41  3 1 1 1
     2318  4  41  4 1 1 1
     2319  4  41  5 1 1 1
     2320  4  41  6 1 1 1
     2321  4  41  7 1 1 1
     2322  4  41  8 1 1 1
     2323  4  41  9 1 1 1
     2324  4  41  10 1 1 1
     2325  4  41  11 1 1 1
     2326  4  41  12 1 1 1
     2327  4  41  13 1 1 1
     2328  4  42  1 1 1 1
     2329  4  42  2 1 1 1
     2330  4  42  3 1 1 1
     2331  4  42  4 1 1 1
     2332  4  42  5 1 1 1
     2333  4  42  6 1 1 1
     2334  4  42  7 1 1 1
     2335  4  42  8 1 1 1
     2336  4  42  9 1 1 1
     2337  4  42  10 1 1 1
     2338  4  42  11 1 1 1
     2339  4  42  12 1 1 1
     2340  4  42  13 1 1 1
     2341  4  43  1 1 1 1
     2342  4  43  2 1 1 1
     2343  4  43  3 1 1 1
     2344  4  43  4 1 1 1
     2345  4  43  5 1 1 1
     2346  4  43  6 1 1 1
     2347  4  43  7 1 1 1
     2348  4  43  8 1 1 1
     2349  4  43  9 1 1 1
     2350  4  43  10 1 1 1
     2351  4  43  11 1 1 1
     2352  4  43  12 1 1 1
     2353  4  43  13 1 1 1
     2354  4  44  1 1 1 1
     2355  4  44  2 1 1 1
     2356  4  44  3 1 1 1
     2357  4  44  4 1 1 1
     2358  4  44  5 1 1 1
     2359  4  44  6 1 1 1
     2360  4  44  7 1 1 1
     2361  4  44  8 1 1 1
     2362  4  44  9 1 1 1
     2363  4  44  10 1 1 1
     2364  4  44  11 1 1 1
     2365  4  44  12 1 1 1
     2366  4  44  13 1 1 1
     2367  4  45  1 1 1 1
     2368  4  45  2 1 1 1
     2369  4  45  3 1 1 1
     2370  4  45  4 1 1 1
     2371  4  45  5 1 1 1
     2372  4  45  6 1 1 1
     2373  4  45  7 1 1 1
     2374  4  45  8 1 1 1
     2375  4  45  9 1 1 1
     2376  4  45  10 1 1 1
     2377  4  45  11 1 1 1
     2378  4  45  12 1 1 1
     2379  4  45  13 1 1 1
     2380  4  46  1 1 1 1
     2381  4  46  2 1 1 1
     2382  4  46  3 1 1 1
     2383  4  46  4 1 1 1
     2384  4  46  5 1 1 1
     2385  4  46  6 1 1 1
     2386  4  46  7 1 1 1
     2387  4  46  8 1 1 1
     2388  4  46  9 1 1 1
     2389  4  46  10 1 1 1
     2390  4  46  11 1 1 1
     2391  4  46  12 1 1 1
     2392  4  46  13 1 1 1