>GEOMETRY   rect_prism; AX,AY,AZ= 0.5862 0.5862 0.5862
     2552 = NAT 
  1.000000  0.000000  0.000000 = A_1 vector
  0.000000  1.000000  0.000000 = A_2 vector
  1.000000  1.000000  1.000000 = lattice spacings (d_x,d_y,d_z)/d
 -0.14155 -0.05320 -0.03510 = lattice offset x0(1-3) = (x_TF, y_TF, z_TF)/d for dipole 0 0 0
     JA  IX  IY  IZ ICOMP(x,y,z)
     1  1  1  1 1 1 1
     2  1  1  2 1 1 1
     3  1  1  3 1 1 1
     4  1  1  4 1 1 1
     5  1  1  5 1 1 1
     6  1  1  6 1 1 1
     7  1  1  7 1 1 1
     8  1  1  8 1 1 1
     9  1  2  1 1 1 1
     10  1  2  2 1 1 1
     11  1  2  3 1 1 1
     12  1  2  4 1 1 1
     13  1  2  5 1 1 1
     14  1  2  6 1 1 1
     15  1  2  7 1 1 1
     16  1  2  8 1 1 1
     17  1  3  1 1 1 1
     18  1  3  2 1 1 1
     19  1  3  3 1 1 1
     20  1  3  4 1 1 1
     21  1  3  5 1 1 1
     22  1  3  6 1 1 1
     23  1  3  7 1 1 1
     24  1  3  8 1 1 1
     25  1  4  1 1 1 1
     26  1  4  2 1 1 1
     27  1  4  3 1 1 1
     28  1  4  4 1 1 1
     29  1  4  5 1 1 1
     30  1  4  6 1 1 1
     31  1  4  7 1 1 1
     32  1  4  8 1 1 1
     33  1  5  1 1 1 1
     34  1  5  2 1 1 1
     35  1  5  3 1 1 1
     36  1  5  4 1 1 1
     37  1  5  5 1 1 1
     38  1  5  6 1 1 1
     39  1  5  7 1 1 1
     40  1  5  8 1 1 1
     41  1  6  1 1 1 1
     42  1  6  2 1 1 1
     43  1  6  3 1 1 1
     44  1  6  4 1 1 1
     45  1  6  5 1 1 1
     46  1  6  6 1 1 1
     47  1  6  7 1 1 1
     48  1  6  8 1 1 1
     49  1  7  1 1 1 1
     50  1  7  2 1 1 1
     51  1  7  3 1 1 1
     52  1  7  4 1 1 1
     53  1  7  5 1 1 1
     54  1  7  6 1 1 1
     55  1  7  7 1 1 1
     56  1  7  8 1 1 1
     57  1  8  1 1 1 1
     58  1  8  2 1 1 1
     59  1  8  3 1 1 1
     60  1  8  4 1 1 1
     61  1  8  5 1 1 1
     62  1  8  6 1 1 1
     63  1  8  7 1 1 1
     64  1  8  8 1 1 1
     65  1  9  1 1 1 1
     66  1  9  2 1 1 1
     67  1  9  3 1 1 1
     68  1  9  4 1 1 1
     69  1  9  5 1 1 1
     70  1  9  6 1 1 1
     71  1  9  7 1 1 1
     72  1  9  8 1 1 1
     73  1  10  1 1 1 1
     74  1  10  2 1 1 1
     75  1  10  3 1 1 1
     76  1  10  4 1 1 1
     77  1  10  5 1 1 1
     78  1  10  6 1 1 1
     79  1  10  7 1 1 1
     80  1  10  8 1 1 1
     81  1  11  1 1 1 1
     82  1  11  2 1 1 1
     83  1  11  3 1 1 1
     84  1  11  4 1 1 1
     85  1  11  5 1 1 1
     86  1  11  6 1 1 1
     87  1  11  7 1 1 1
     88  1  11  8 1 1 1
     89  2  1  1 1 1 1
     90  2  1  2 1 1 1
     91  2  1  3 1 1 1
     92  2  1  4 1 1 1
     93  2  1  5 1 1 1
     94  2  1  6 1 1 1
     95  2  1  7 1 1 1
     96  2  1  8 1 1 1
     97  2  2  1 1 1 1
     98  2  2  2 1 1 1
     99  2  2  3 1 1 1
     100  2  2  4 1 1 1
     101  2  2  5 1 1 1
     102  2  2  6 1 1 1
     103  2  2  7 1 1 1
     104  2  2  8 1 1 1
     105  2  3  1 1 1 1
     106  2  3  2 1 1 1
     107  2  3  3 1 1 1
     108  2  3  4 1 1 1
     109  2  3  5 1 1 1
     110  2  3  6 1 1 1
     111  2  3  7 1 1 1
     112  2  3  8 1 1 1
     113  2  4  1 1 1 1
     114  2  4  2 1 1 1
     115  2  4  3 1 1 1
     116  2  4  4 1 1 1
     117  2  4  5 1 1 1
     118  2  4  6 1 1 1
     119  2  4  7 1 1 1
     120  2  4  8 1 1 1
     121  2  5  1 1 1 1
     122  2  5  2 1 1 1
     123  2  5  3 1 1 1
     124  2  5  4 1 1 1
     125  2  5  5 1 1 1
     126  2  5  6 1 1 1
     127  2  5  7 1 1 1
     128  2  5  8 1 1 1
     129  2  6  1 1 1 1
     130  2  6  2 1 1 1
     131  2  6  3 1 1 1
     132  2  6  4 1 1 1
     133  2  6  5 1 1 1
     134  2  6  6 1 1 1
     135  2  6  7 1 1 1
     136  2  6  8 1 1 1
     137  2  7  1 1 1 1
     138  2  7  2 1 1 1
     139  2  7  3 1 1 1
     140  2  7  4 1 1 1
     141  2  7  5 1 1 1
     142  2  7  6 1 1 1
     143  2  7  7 1 1 1
     144  2  7  8 1 1 1
     145  2  8  1 1 1 1
     146  2  8  2 1 1 1
     147  2  8  3 1 1 1
     148  2  8  4 1 1 1
     149  2  8  5 1 1 1
     150  2  8  6 1 1 1
     151  2  8  7 1 1 1
     152  2  8  8 1 1 1
     153  2  9  1 1 1 1
     154  2  9  2 1 1 1
     155  2  9  3 1 1 1
     156  2  9  4 1 1 1
     157  2  9  5 1 1 1
     158  2  9  6 1 1 1
     159  2  9  7 1 1 1
     160  2  9  8 1 1 1
     161  2  10  1 1 1 1
     162  2  10  2 1 1 1
     163  2  10  3 1 1 1
     164  2  10  4 1 1 1
     165  2  10  5 1 1 1
     166  2  10  6 1 1 1
     167  2  10  7 1 1 1
     168  2  10  8 1 1 1
     169  2  11  1 1 1 1
     170  2  11  2 1 1 1
     171  2  11  3 1 1 1
     172  2  11  4 1 1 1
     173  2  11  5 1 1 1
     174  2  11  6 1 1 1
     175  2  11  7 1 1 1
     176  2  11  8 1 1 1
     177  3  1  1 1 1 1
     178  3  1  2 1 1 1
     179  3  1  3 1 1 1
     180  3  1  4 1 1 1
     181  3  1  5 1 1 1
     182  3  1  6 1 1 1
     183  3  1  7 1 1 1
     184  3  1  8 1 1 1
     185  3  2  1 1 1 1
     186  3  2  2 1 1 1
     187  3  2  3 1 1 1
     188  3  2  4 1 1 1
     189  3  2  5 1 1 1
     190  3  2  6 1 1 1
     191  3  2  7 1 1 1
     192  3  2  8 1 1 1
     193  3  3  1 1 1 1
     194  3  3  2 1 1 1
     195  3  3  3 1 1 1
     196  3  3  4 1 1 1
     197  3  3  5 1 1 1
     198  3  3  6 1 1 1
     199  3  3  7 1 1 1
     200  3  3  8 1 1 1
     201  3  4  1 1 1 1
     202  3  4  2 1 1 1
     203  3  4  3 1 1 1
     204  3  4  4 1 1 1
     205  3  4  5 1 1 1
     206  3  4  6 1 1 1
     207  3  4  7 1 1 1
     208  3  4  8 1 1 1
     209  3  5  1 1 1 1
     210  3  5  2 1 1 1
     211  3  5  3 1 1 1
     212  3  5  4 1 1 1
     213  3  5  5 1 1 1
     214  3  5  6 1 1 1
     215  3  5  7 1 1 1
     216  3  5  8 1 1 1
     217  3  6  1 1 1 1
     218  3  6  2 1 1 1
     219  3  6  3 1 1 1
     220  3  6  4 1 1 1
     221  3  6  5 1 1 1
     222  3  6  6 1 1 1
     223  3  6  7 1 1 1
     224  3  6  8 1 1 1
     225  3  7  1 1 1 1
     226  3  7  2 1 1 1
     227  3  7  3 1 1 1
     228  3  7  4 1 1 1
     229  3  7  5 1 1 1
     230  3  7  6 1 1 1
     231  3  7  7 1 1 1
     232  3  7  8 1 1 1
     233  3  8  1 1 1 1
     234  3  8  2 1 1 1
     235  3  8  3 1 1 1
     236  3  8  4 1 1 1
     237  3  8  5 1 1 1
     238  3  8  6 1 1 1
     239  3  8  7 1 1 1
     240  3  8  8 1 1 1
     241  3  9  1 1 1 1
     242  3  9  2 1 1 1
     243  3  9  3 1 1 1
     244  3  9  4 1 1 1
     245  3  9  5 1 1 1
     246  3  9  6 1 1 1
     247  3  9  7 1 1 1
     248  3  9  8 1 1 1
     249  3  10  1 1 1 1
     250  3  10  2 1 1 1
     251  3  10  3 1 1 1
     252  3  10  4 1 1 1
     253  3  10  5 1 1 1
     254  3  10  6 1 1 1
     255  3  10  7 1 1 1
     256  3  10  8 1 1 1
     257  3  11  1 1 1 1
     258  3  11  2 1 1 1
     259  3  11  3 1 1 1
     260  3  11  4 1 1 1
     261  3  11  5 1 1 1
     262  3  11  6 1 1 1
     263  3  11  7 1 1 1
     264  3  11  8 1 1 1
     265  4  1  1 1 1 1
     266  4  1  2 1 1 1
     267  4  1  3 1 1 1
     268  4  1  4 1 1 1
     269  4  1  5 1 1 1
     270  4  1  6 1 1 1
     271  4  1  7 1 1 1
     272  4  1  8 1 1 1
     273  4  2  1 1 1 1
     274  4  2  2 1 1 1
     275  4  2  3 1 1 1
     276  4  2  4 1 1 1
     277  4  2  5 1 1 1
     278  4  2  6 1 1 1
     279  4  2  7 1 1 1
     280  4  2  8 1 1 1
     281  4  3  1 1 1 1
     282  4  3  2 1 1 1
     283  4  3  3 1 1 1
     284  4  3  4 1 1 1
     285  4  3  5 1 1 1
     286  4  3  6 1 1 1
     287  4  3  7 1 1 1
     288  4  3  8 1 1 1
     289  4  4  1 1 1 1
     290  4  4  2 1 1 1
     291  4  4  3 1 1 1
     292  4  4  4 1 1 1
     293  4  4  5 1 1 1
     294  4  4  6 1 1 1
     295  4  4  7 1 1 1
     296  4  4  8 1 1 1
     297  4  5  1 1 1 1
     298  4  5  2 1 1 1
     299  4  5  3 1 1 1
     300  4  5  4 1 1 1
     301  4  5  5 1 1 1
     302  4  5  6 1 1 1
     303  4  5  7 1 1 1
     304  4  5  8 1 1 1
     305  4  6  1 1 1 1
     306  4  6  2 1 1 1
     307  4  6  3 1 1 1
     308  4  6  4 1 1 1
     309  4  6  5 1 1 1
     310  4  6  6 1 1 1
     311  4  6  7 1 1 1
     312  4  6  8 1 1 1
     313  4  7  1 1 1 1
     314  4  7  2 1 1 1
     315  4  7  3 1 1 1
     316  4  7  4 1 1 1
     317  4  7  5 1 1 1
     318  4  7  6 1 1 1
     319  4  7  7 1 1 1
     320  4  7  8 1 1 1
     321  4  8  1 1 1 1
     322  4  8  2 1 1 1
     323  4  8  3 1 1 1
     324  4  8  4 1 1 1
     325  4  8  5 1 1 1
     326  4  8  6 1 1 1
     327  4  8  7 1 1 1
     328  4  8  8 1 1 1
     329  4  9  1 1 1 1
     330  4  9  2 1 1 1
     331  4  9  3 1 1 1
     332  4  9  4 1 1 1
     333  4  9  5 1 1 1
     334  4  9  6 1 1 1
     335  4  9  7 1 1 1
     336  4  9  8 1 1 1
     337  4  10  1 1 1 1
     338  4  10  2 1 1 1
     339  4  10  3 1 1 1
     340  4  10  4 1 1 1
     341  4  10  5 1 1 1
     342  4  10  6 1 1 1
     343  4  10  7 1 1 1
     344  4  10  8 1 1 1
     345  4  11  1 1 1 1
     346  4  11  2 1 1 1
     347  4  11  3 1 1 1
     348  4  11  4 1 1 1
     349  4  11  5 1 1 1
     350  4  11  6 1 1 1
     351  4  11  7 1 1 1
     352  4  11  8 1 1 1
     353  5  1  1 1 1 1
     354  5  1  2 1 1 1
     355  5  1  3 1 1 1
     356  5  1  4 1 1 1
     357  5  1  5 1 1 1
     358  5  1  6 1 1 1
     359  5  1  7 1 1 1
     360  5  1  8 1 1 1
     361  5  2  1 1 1 1
     362  5  2  2 1 1 1
     363  5  2  3 1 1 1
     364  5  2  4 1 1 1
     365  5  2  5 1 1 1
     366  5  2  6 1 1 1
     367  5  2  7 1 1 1
     368  5  2  8 1 1 1
     369  5  3  1 1 1 1
     370  5  3  2 1 1 1
     371  5  3  3 1 1 1
     372  5  3  4 1 1 1
     373  5  3  5 1 1 1
     374  5  3  6 1 1 1
     375  5  3  7 1 1 1
     376  5  3  8 1 1 1
     377  5  4  1 1 1 1
     378  5  4  2 1 1 1
     379  5  4  3 1 1 1
     380  5  4  4 1 1 1
     381  5  4  5 1 1 1
     382  5  4  6 1 1 1
     383  5  4  7 1 1 1
     384  5  4  8 1 1 1
     385  5  5  1 1 1 1
     386  5  5  2 1 1 1
     387  5  5  3 1 1 1
     388  5  5  4 1 1 1
     389  5  5  5 1 1 1
     390  5  5  6 1 1 1
     391  5  5  7 1 1 1
     392  5  5  8 1 1 1
     393  5  6  1 1 1 1
     394  5  6  2 1 1 1
     395  5  6  3 1 1 1
     396  5  6  4 1 1 1
     397  5  6  5 1 1 1
     398  5  6  6 1 1 1
     399  5  6  7 1 1 1
     400  5  6  8 1 1 1
     401  5  7  1 1 1 1
     402  5  7  2 1 1 1
     403  5  7  3 1 1 1
     404  5  7  4 1 1 1
     405  5  7  5 1 1 1
     406  5  7  6 1 1 1
     407  5  7  7 1 1 1
     408  5  7  8 1 1 1
     409  5  8  1 1 1 1
     410  5  8  2 1 1 1
     411  5  8  3 1 1 1
     412  5  8  4 1 1 1
     413  5  8  5 1 1 1
     414  5  8  6 1 1 1
     415  5  8  7 1 1 1
     416  5  8  8 1 1 1
     417  5  9  1 1 1 1
     418  5  9  2 1 1 1
     419  5  9  3 1 1 1
     420  5  9  4 1 1 1
     421  5  9  5 1 1 1
     422  5  9  6 1 1 1
     423  5  9  7 1 1 1
     424  5  9  8 1 1 1
     425  5  10  1 1 1 1
     426  5  10  2 1 1 1
     427  5  10  3 1 1 1
     428  5  10  4 1 1 1
     429  5  10  5 1 1 1
     430  5  10  6 1 1 1
     431  5  10  7 1 1 1
     432  5  10  8 1 1 1
     433  5  11  1 1 1 1
     434  5  11  2 1 1 1
     435  5  11  3 1 1 1
     436  5  11  4 1 1 1
     437  5  11  5 1 1 1
     438  5  11  6 1 1 1
     439  5  11  7 1 1 1
     440  5  11  8 1 1 1
     441  6  1  1 1 1 1
     442  6  1  2 1 1 1
     443  6  1  3 1 1 1
     444  6  1  4 1 1 1
     445  6  1  5 1 1 1
     446  6  1  6 1 1 1
     447  6  1  7 1 1 1
     448  6  1  8 1 1 1
     449  6  2  1 1 1 1
     450  6  2  2 1 1 1
     451  6  2  3 1 1 1
     452  6  2  4 1 1 1
     453  6  2  5 1 1 1
     454  6  2  6 1 1 1
     455  6  2  7 1 1 1
     456  6  2  8 1 1 1
     457  6  3  1 1 1 1
     458  6  3  2 1 1 1
     459  6  3  3 1 1 1
     460  6  3  4 1 1 1
     461  6  3  5 1 1 1
     462  6  3  6 1 1 1
     463  6  3  7 1 1 1
     464  6  3  8 1 1 1
     465  6  4  1 1 1 1
     466  6  4  2 1 1 1
     467  6  4  3 1 1 1
     468  6  4  4 1 1 1
     469  6  4  5 1 1 1
     470  6  4  6 1 1 1
     471  6  4  7 1 1 1
     472  6  4  8 1 1 1
     473  6  5  1 1 1 1
     474  6  5  2 1 1 1
     475  6  5  3 1 1 1
     476  6  5  4 1 1 1
     477  6  5  5 1 1 1
     478  6  5  6 1 1 1
     479  6  5  7 1 1 1
     480  6  5  8 1 1 1
     481  6  6  1 1 1 1
     482  6  6  2 1 1 1
     483  6  6  3 1 1 1
     484  6  6  4 1 1 1
     485  6  6  5 1 1 1
     486  6  6  6 1 1 1
     487  6  6  7 1 1 1
     488  6  6  8 1 1 1
     489  6  7  1 1 1 1
     490  6  7  2 1 1 1
     491  6  7  3 1 1 1
     492  6  7  4 1 1 1
     493  6  7  5 1 1 1
     494  6  7  6 1 1 1
     495  6  7  7 1 1 1
     496  6  7  8 1 1 1
     497  6  8  1 1 1 1
     498  6  8  2 1 1 1
     499  6  8  3 1 1 1
     500  6  8  4 1 1 1
     501  6  8  5 1 1 1
     502  6  8  6 1 1 1
     503  6  8  7 1 1 1
     504  6  8  8 1 1 1
     505  6  9  1 1 1 1
     506  6  9  2 1 1 1
     507  6  9  3 1 1 1
     508  6  9  4 1 1 1
     509  6  9  5 1 1 1
     510  6  9  6 1 1 1
     511  6  9  7 1 1 1
     512  6  9  8 1 1 1
     513  6  10  1 1 1 1
     514  6  10  2 1 1 1
     515  6  10  3 1 1 1
     516  6  10  4 1 1 1
     517  6  10  5 1 1 1
     518  6  10  6 1 1 1
     519  6  10  7 1 1 1
     520  6  10  8 1 1 1
     521  6  11  1 1 1 1
     522  6  11  2 1 1 1
     523  6  11  3 1 1 1
     524  6  11  4 1 1 1
     525  6  11  5 1 1 1
     526  6  11  6 1 1 1
     527  6  11  7 1 1 1
     528  6  11  8 1 1 1
     529  7  1  1 1 1 1
     530  7  1  2 1 1 1
     531  7  1  3 1 1 1
     532  7  1  4 1 1 1
     533  7  1  5 1 1 1
     534  7  1  6 1 1 1
     535  7  1  7 1 1 1
     536  7  1  8 1 1 1
     537  7  2  1 1 1 1
     538  7  2  2 1 1 1
     539  7  2  3 1 1 1
     540  7  2  4 1 1 1
     541  7  2  5 1 1 1
     542  7  2  6 1 1 1
     543  7  2  7 1 1 1
     544  7  2  8 1 1 1
     545  7  3  1 1 1 1
     546  7  3  2 1 1 1
     547  7  3  3 1 1 1
     548  7  3  4 1 1 1
     549  7  3  5 1 1 1
     550  7  3  6 1 1 1
     551  7  3  7 1 1 1
     552  7  3  8 1 1 1
     553  7  4  1 1 1 1
     554  7  4  2 1 1 1
     555  7  4  3 1 1 1
     556  7  4  4 1 1 1
     557  7  4  5 1 1 1
     558  7  4  6 1 1 1
     559  7  4  7 1 1 1
     560  7  4  8 1 1 1
     561  7  5  1 1 1 1
     562  7  5  2 1 1 1
     563  7  5  3 1 1 1
     564  7  5  4 1 1 1
     565  7  5  5 1 1 1
     566  7  5  6 1 1 1
     567  7  5  7 1 1 1
     568  7  5  8 1 1 1
     569  7  6  1 1 1 1
     570  7  6  2 1 1 1
     571  7  6  3 1 1 1
     572  7  6  4 1 1 1
     573  7  6  5 1 1 1
     574  7  6  6 1 1 1
     575  7  6  7 1 1 1
     576  7  6  8 1 1 1
     577  7  7  1 1 1 1
     578  7  7  2 1 1 1
     579  7  7  3 1 1 1
     580  7  7  4 1 1 1
     581  7  7  5 1 1 1
     582  7  7  6 1 1 1
     583  7  7  7 1 1 1
     584  7  7  8 1 1 1
     585  7  8  1 1 1 1
     586  7  8  2 1 1 1
     587  7  8  3 1 1 1
     588  7  8  4 1 1 1
     589  7  8  5 1 1 1
     590  7  8  6 1 1 1
     591  7  8  7 1 1 1
     592  7  8  8 1 1 1
     593  7  9  1 1 1 1
     594  7  9  2 1 1 1
     595  7  9  3 1 1 1
     596  7  9  4 1 1 1
     597  7  9  5 1 1 1
     598  7  9  6 1 1 1
     599  7  9  7 1 1 1
     600  7  9  8 1 1 1
     601  7  10  1 1 1 1
     602  7  10  2 1 1 1
     603  7  10  3 1 1 1
     604  7  10  4 1 1 1
     605  7  10  5 1 1 1
     606  7  10  6 1 1 1
     607  7  10  7 1 1 1
     608  7  10  8 1 1 1
     609  7  11  1 1 1 1
     610  7  11  2 1 1 1
     611  7  11  3 1 1 1
     612  7  11  4 1 1 1
     613  7  11  5 1 1 1
     614  7  11  6 1 1 1
     615  7  11  7 1 1 1
     616  7  11  8 1 1 1
     617  8  1  1 1 1 1
     618  8  1  2 1 1 1
     619  8  1  3 1 1 1
     620  8  1  4 1 1 1
     621  8  1  5 1 1 1
     622  8  1  6 1 1 1
     623  8  1  7 1 1 1
     624  8  1  8 1 1 1
     625  8  2  1 1 1 1
     626  8  2  2 1 1 1
     627  8  2  3 1 1 1
     628  8  2  4 1 1 1
     629  8  2  5 1 1 1
     630  8  2  6 1 1 1
     631  8  2  7 1 1 1
     632  8  2  8 1 1 1
     633  8  3  1 1 1 1
     634  8  3  2 1 1 1
     635  8  3  3 1 1 1
     636  8  3  4 1 1 1
     637  8  3  5 1 1 1
     638  8  3  6 1 1 1
     639  8  3  7 1 1 1
     640  8  3  8 1 1 1
     641  8  4  1 1 1 1
     642  8  4  2 1 1 1
     643  8  4  3 1 1 1
     644  8  4  4 1 1 1
     645  8  4  5 1 1 1
     646  8  4  6 1 1 1
     647  8  4  7 1 1 1
     648  8  4  8 1 1 1
     649  8  5  1 1 1 1
     650  8  5  2 1 1 1
     651  8  5  3 1 1 1
     652  8  5  4 1 1 1
     653  8  5  5 1 1 1
     654  8  5  6 1 1 1
     655  8  5  7 1 1 1
     656  8  5  8 1 1 1
     657  8  6  1 1 1 1
     658  8  6  2 1 1 1
     659  8  6  3 1 1 1
     660  8  6  4 1 1 1
     661  8  6  5 1 1 1
     662  8  6  6 1 1 1
     663  8  6  7 1 1 1
     664  8  6  8 1 1 1
     665  8  7  1 1 1 1
     666  8  7  2 1 1 1
     667  8  7  3 1 1 1
     668  8  7  4 1 1 1
     669  8  7  5 1 1 1
     670  8  7  6 1 1 1
     671  8  7  7 1 1 1
     672  8  7  8 1 1 1
     673  8  8  1 1 1 1
     674  8  8  2 1 1 1
     675  8  8  3 1 1 1
     676  8  8  4 1 1 1
     677  8  8  5 1 1 1
     678  8  8  6 1 1 1
     679  8  8  7 1 1 1
     680  8  8  8 1 1 1
     681  8  9  1 1 1 1
     682  8  9  2 1 1 1
     683  8  9  3 1 1 1
     684  8  9  4 1 1 1
     685  8  9  5 1 1 1
     686  8  9  6 1 1 1
     687  8  9  7 1 1 1
     688  8  9  8 1 1 1
     689  8  10  1 1 1 1
     690  8  10  2 1 1 1
     691  8  10  3 1 1 1
     692  8  10  4 1 1 1
     693  8  10  5 1 1 1
     694  8  10  6 1 1 1
     695  8  10  7 1 1 1
     696  8  10  8 1 1 1
     697  8  11  1 1 1 1
     698  8  11  2 1 1 1
     699  8  11  3 1 1 1
     700  8  11  4 1 1 1
     701  8  11  5 1 1 1
     702  8  11  6 1 1 1
     703  8  11  7 1 1 1
     704  8  11  8 1 1 1
     705  9  1  1 1 1 1
     706  9  1  2 1 1 1
     707  9  1  3 1 1 1
     708  9  1  4 1 1 1
     709  9  1  5 1 1 1
     710  9  1  6 1 1 1
     711  9  1  7 1 1 1
     712  9  1  8 1 1 1
     713  9  2  1 1 1 1
     714  9  2  2 1 1 1
     715  9  2  3 1 1 1
     716  9  2  4 1 1 1
     717  9  2  5 1 1 1
     718  9  2  6 1 1 1
     719  9  2  7 1 1 1
     720  9  2  8 1 1 1
     721  9  3  1 1 1 1
     722  9  3  2 1 1 1
     723  9  3  3 1 1 1
     724  9  3  4 1 1 1
     725  9  3  5 1 1 1
     726  9  3  6 1 1 1
     727  9  3  7 1 1 1
     728  9  3  8 1 1 1
     729  9  4  1 1 1 1
     730  9  4  2 1 1 1
     731  9  4  3 1 1 1
     732  9  4  4 1 1 1
     733  9  4  5 1 1 1
     734  9  4  6 1 1 1
     735  9  4  7 1 1 1
     736  9  4  8 1 1 1
     737  9  5  1 1 1 1
     738  9  5  2 1 1 1
     739  9  5  3 1 1 1
     740  9  5  4 1 1 1
     741  9  5  5 1 1 1
     742  9  5  6 1 1 1
     743  9  5  7 1 1 1
     744  9  5  8 1 1 1
     745  9  6  1 1 1 1
     746  9  6  2 1 1 1
     747  9  6  3 1 1 1
     748  9  6  4 1 1 1
     749  9  6  5 1 1 1
     750  9  6  6 1 1 1
     751  9  6  7 1 1 1
     752  9  6  8 1 1 1
     753  9  7  1 1 1 1
     754  9  7  2 1 1 1
     755  9  7  3 1 1 1
     756  9  7  4 1 1 1
     757  9  7  5 1 1 1
     758  9  7  6 1 1 1
     759  9  7  7 1 1 1
     760  9  7  8 1 1 1
     761  9  8  1 1 1 1
     762  9  8  2 1 1 1
     763  9  8  3 1 1 1
     764  9  8  4 1 1 1
     765  9  8  5 1 1 1
     766  9  8  6 1 1 1
     767  9  8  7 1 1 1
     768  9  8  8 1 1 1
     769  9  9  1 1 1 1
     770  9  9  2 1 1 1
     771  9  9  3 1 1 1
     772  9  9  4 1 1 1
     773  9  9  5 1 1 1
     774  9  9  6 1 1 1
     775  9  9  7 1 1 1
     776  9  9  8 1 1 1
     777  9  10  1 1 1 1
     778  9  10  2 1 1 1
     779  9  10  3 1 1 1
     780  9  10  4 1 1 1
     781  9  10  5 1 1 1
     782  9  10  6 1 1 1
     783  9  10  7 1 1 1
     784  9  10  8 1 1 1
     785  9  11  1 1 1 1
     786  9  11  2 1 1 1
     787  9  11  3 1 1 1
     788  9  11  4 1 1 1
     789  9  11  5 1 1 1
     790  9  11  6 1 1 1
     791  9  11  7 1 1 1
     792  9  11  8 1 1 1
     793  10  1  1 1 1 1
     794  10  1  2 1 1 1
     795  10  1  3 1 1 1
     796  10  1  4 1 1 1
     797  10  1  5 1 1 1
     798  10  1  6 1 1 1
     799  10  1  7 1 1 1
     800  10  1  8 1 1 1
     801  10  2  1 1 1 1
     802  10  2  2 1 1 1
     803  10  2  3 1 1 1
     804  10  2  4 1 1 1
     805  10  2  5 1 1 1
     806  10  2  6 1 1 1
     807  10  2  7 1 1 1
     808  10  2  8 1 1 1
     809  10  3  1 1 1 1
     810  10  3  2 1 1 1
     811  10  3  3 1 1 1
     812  10  3  4 1 1 1
     813  10  3  5 1 1 1
     814  10  3  6 1 1 1
     815  10  3  7 1 1 1
     816  10  3  8 1 1 1
     817  10  4  1 1 1 1
     818  10  4  2 1 1 1
     819  10  4  3 1 1 1
     820  10  4  4 1 1 1
     821  10  4  5 1 1 1
     822  10  4  6 1 1 1
     823  10  4  7 1 1 1
     824  10  4  8 1 1 1
     825  10  5  1 1 1 1
     826  10  5  2 1 1 1
     827  10  5  3 1 1 1
     828  10  5  4 1 1 1
     829  10  5  5 1 1 1
     830  10  5  6 1 1 1
     831  10  5  7 1 1 1
     832  10  5  8 1 1 1
     833  10  6  1 1 1 1
     834  10  6  2 1 1 1
     835  10  6  3 1 1 1
     836  10  6  4 1 1 1
     837  10  6  5 1 1 1
     838  10  6  6 1 1 1
     839  10  6  7 1 1 1
     840  10  6  8 1 1 1
     841  10  7  1 1 1 1
     842  10  7  2 1 1 1
     843  10  7  3 1 1 1
     844  10  7  4 1 1 1
     845  10  7  5 1 1 1
     846  10  7  6 1 1 1
     847  10  7  7 1 1 1
     848  10  7  8 1 1 1
     849  10  8  1 1 1 1
     850  10  8  2 1 1 1
     851  10  8  3 1 1 1
     852  10  8  4 1 1 1
     853  10  8  5 1 1 1
     854  10  8  6 1 1 1
     855  10  8  7 1 1 1
     856  10  8  8 1 1 1
     857  10  9  1 1 1 1
     858  10  9  2 1 1 1
     859  10  9  3 1 1 1
     860  10  9  4 1 1 1
     861  10  9  5 1 1 1
     862  10  9  6 1 1 1
     863  10  9  7 1 1 1
     864  10  9  8 1 1 1
     865  10  10  1 1 1 1
     866  10  10  2 1 1 1
     867  10  10  3 1 1 1
     868  10  10  4 1 1 1
     869  10  10  5 1 1 1
     870  10  10  6 1 1 1
     871  10  10  7 1 1 1
     872  10  10  8 1 1 1
     873  10  11  1 1 1 1
     874  10  11  2 1 1 1
     875  10  11  3 1 1 1
     876  10  11  4 1 1 1
     877  10  11  5 1 1 1
     878  10  11  6 1 1 1
     879  10  11  7 1 1 1
     880  10  11  8 1 1 1
     881  11  1  1 1 1 1
     882  11  1  2 1 1 1
     883  11  1  3 1 1 1
     884  11  1  4 1 1 1
     885  11  1  5 1 1 1
     886  11  1  6 1 1 1
     887  11  1  7 1 1 1
     888  11  1  8 1 1 1
     889  11  2  1 1 1 1
     890  11  2  2 1 1 1
     891  11  2  3 1 1 1
     892  11  2  4 1 1 1
     893  11  2  5 1 1 1
     894  11  2  6 1 1 1
     895  11  2  7 1 1 1
     896  11  2  8 1 1 1
     897  11  3  1 1 1 1
     898  11  3  2 1 1 1
     899  11  3  3 1 1 1
     900  11  3  4 1 1 1
     901  11  3  5 1 1 1
     902  11  3  6 1 1 1
     903  11  3  7 1 1 1
     904  11  3  8 1 1 1
     905  11  4  1 1 1 1
     906  11  4  2 1 1 1
     907  11  4  3 1 1 1
     908  11  4  4 1 1 1
     909  11  4  5 1 1 1
     910  11  4  6 1 1 1
     911  11  4  7 1 1 1
     912  11  4  8 1 1 1
     913  11  5  1 1 1 1
     914  11  5  2 1 1 1
     915  11  5  3 1 1 1
     916  11  5  4 1 1 1
     917  11  5  5 1 1 1
     918  11  5  6 1 1 1
     919  11  5  7 1 1 1
     920  11  5  8 1 1 1
     921  11  6  1 1 1 1
     922  11  6  2 1 1 1
     923  11  6  3 1 1 1
     924  11  6  4 1 1 1
     925  11  6  5 1 1 1
     926  11  6  6 1 1 1
     927  11  6  7 1 1 1
     928  11  6  8 1 1 1
     929  11  7  1 1 1 1
     930  11  7  2 1 1 1
     931  11  7  3 1 1 1
     932  11  7  4 1 1 1
     933  11  7  5 1 1 1
     934  11  7  6 1 1 1
     935  11  7  7 1 1 1
     936  11  7  8 1 1 1
     937  11  8  1 1 1 1
     938  11  8  2 1 1 1
     939  11  8  3 1 1 1
     940  11  8  4 1 1 1
     941  11  8  5 1 1 1
     942  11  8  6 1 1 1
     943  11  8  7 1 1 1
     944  11  8  8 1 1 1
     945  11  9  1 1 1 1
     946  11  9  2 1 1 1
     947  11  9  3 1 1 1
     948  11  9  4 1 1 1
     949  11  9  5 1 1 1
     950  11  9  6 1 1 1
     951  11  9  7 1 1 1
     952  11  9  8 1 1 1
     953  11  10  1 1 1 1
     954  11  10  2 1 1 1
     955  11  10  3 1 1 1
     956  11  10  4 1 1 1
     957  11  10  5 1 1 1
     958  11  10  6 1 1 1
     959  11  10  7 1 1 1
     960  11  10  8 1 1 1
     961  11  11  1 1 1 1
     962  11  11  2 1 1 1
     963  11  11  3 1 1 1
     964  11  11  4 1 1 1
     965  11  11  5 1 1 1
     966  11  11  6 1 1 1
     967  11  11  7 1 1 1
     968  11  11  8 1 1 1
     969  12  1  1 1 1 1
     970  12  1  2 1 1 1
     971  12  1  3 1 1 1
     972  12  1  4 1 1 1
     973  12  1  5 1 1 1
     974  12  1  6 1 1 1
     975  12  1  7 1 1 1
     976  12  1  8 1 1 1
     977  12  2  1 1 1 1
     978  12  2  2 1 1 1
     979  12  2  3 1 1 1
     980  12  2  4 1 1 1
     981  12  2  5 1 1 1
     982  12  2  6 1 1 1
     983  12  2  7 1 1 1
     984  12  2  8 1 1 1
     985  12  3  1 1 1 1
     986  12  3  2 1 1 1
     987  12  3  3 1 1 1
     988  12  3  4 1 1 1
     989  12  3  5 1 1 1
     990  12  3  6 1 1 1
     991  12  3  7 1 1 1
     992  12  3  8 1 1 1
     993  12  4  1 1 1 1
     994  12  4  2 1 1 1
     995  12  4  3 1 1 1
     996  12  4  4 1 1 1
     997  12  4  5 1 1 1
     998  12  4  6 1 1 1
     999  12  4  7 1 1 1
     1000  12  4  8 1 1 1
     1001  12  5  1 1 1 1
     1002  12  5  2 1 1 1
     1003  12  5  3 1 1 1
     1004  12  5  4 1 1 1
     1005  12  5  5 1 1 1
     1006  12  5  6 1 1 1
     1007  12  5  7 1 1 1
     1008  12  5  8 1 1 1
     1009  12  6  1 1 1 1
     1010  12  6  2 1 1 1
     1011  12  6  3 1 1 1
     1012  12  6  4 1 1 1
     1013  12  6  5 1 1 1
     1014  12  6  6 1 1 1
     1015  12  6  7 1 1 1
     1016  12  6  8 1 1 1
     1017  12  7  1 1 1 1
     1018  12  7  2 1 1 1
     1019  12  7  3 1 1 1
     1020  12  7  4 1 1 1
     1021  12  7  5 1 1 1
     1022  12  7  6 1 1 1
     1023  12  7  7 1 1 1
     1024  12  7  8 1 1 1
     1025  12  8  1 1 1 1
     1026  12  8  2 1 1 1
     1027  12  8  3 1 1 1
     1028  12  8  4 1 1 1
     1029  12  8  5 1 1 1
     1030  12  8  6 1 1 1
     1031  12  8  7 1 1 1
     1032  12  8  8 1 1 1
     1033  12  9  1 1 1 1
     1034  12  9  2 1 1 1
     1035  12  9  3 1 1 1
     1036  12  9  4 1 1 1
     1037  12  9  5 1 1 1
     1038  12  9  6 1 1 1
     1039  12  9  7 1 1 1
     1040  12  9  8 1 1 1
     1041  12  10  1 1 1 1
     1042  12  10  2 1 1 1
     1043  12  10  3 1 1 1
     1044  12  10  4 1 1 1
     1045  12  10  5 1 1 1
     1046  12  10  6 1 1 1
     1047  12  10  7 1 1 1
     1048  12  10  8 1 1 1
     1049  12  11  1 1 1 1
     1050  12  11  2 1 1 1
     1051  12  11  3 1 1 1
     1052  12  11  4 1 1 1
     1053  12  11  5 1 1 1
     1054  12  11  6 1 1 1
     1055  12  11  7 1 1 1
     1056  12  11  8 1 1 1
     1057  13  1  1 1 1 1
     1058  13  1  2 1 1 1
     1059  13  1  3 1 1 1
     1060  13  1  4 1 1 1
     1061  13  1  5 1 1 1
     1062  13  1  6 1 1 1
     1063  13  1  7 1 1 1
     1064  13  1  8 1 1 1
     1065  13  2  1 1 1 1
     1066  13  2  2 1 1 1
     1067  13  2  3 1 1 1
     1068  13  2  4 1 1 1
     1069  13  2  5 1 1 1
     1070  13  2  6 1 1 1
     1071  13  2  7 1 1 1
     1072  13  2  8 1 1 1
     1073  13  3  1 1 1 1
     1074  13  3  2 1 1 1
     1075  13  3  3 1 1 1
     1076  13  3  4 1 1 1
     1077  13  3  5 1 1 1
     1078  13  3  6 1 1 1
     1079  13  3  7 1 1 1
     1080  13  3  8 1 1 1
     1081  13  4  1 1 1 1
     1082  13  4  2 1 1 1
     1083  13  4  3 1 1 1
     1084  13  4  4 1 1 1
     1085  13  4  5 1 1 1
     1086  13  4  6 1 1 1
     1087  13  4  7 1 1 1
     1088  13  4  8 1 1 1
     1089  13  5  1 1 1 1
     1090  13  5  2 1 1 1
     1091  13  5  3 1 1 1
     1092  13  5  4 1 1 1
     1093  13  5  5 1 1 1
     1094  13  5  6 1 1 1
     1095  13  5  7 1 1 1
     1096  13  5  8 1 1 1
     1097  13  6  1 1 1 1
     1098  13  6  2 1 1 1
     1099  13  6  3 1 1 1
     1100  13  6  4 1 1 1
     1101  13  6  5 1 1 1
     1102  13  6  6 1 1 1
     1103  13  6  7 1 1 1
     1104  13  6  8 1 1 1
     1105  13  7  1 1 1 1
     1106  13  7  2 1 1 1
     1107  13  7  3 1 1 1
     1108  13  7  4 1 1 1
     1109  13  7  5 1 1 1
     1110  13  7  6 1 1 1
     1111  13  7  7 1 1 1
     1112  13  7  8 1 1 1
     1113  13  8  1 1 1 1
     1114  13  8  2 1 1 1
     1115  13  8  3 1 1 1
     1116  13  8  4 1 1 1
     1117  13  8  5 1 1 1
     1118  13  8  6 1 1 1
     1119  13  8  7 1 1 1
     1120  13  8  8 1 1 1
     1121  13  9  1 1 1 1
     1122  13  9  2 1 1 1
     1123  13  9  3 1 1 1
     1124  13  9  4 1 1 1
     1125  13  9  5 1 1 1
     1126  13  9  6 1 1 1
     1127  13  9  7 1 1 1
     1128  13  9  8 1 1 1
     1129  13  10  1 1 1 1
     1130  13  10  2 1 1 1
     1131  13  10  3 1 1 1
     1132  13  10  4 1 1 1
     1133  13  10  5 1 1 1
     1134  13  10  6 1 1 1
     1135  13  10  7 1 1 1
     1136  13  10  8 1 1 1
     1137  13  11  1 1 1 1
     1138  13  11  2 1 1 1
     1139  13  11  3 1 1 1
     1140  13  11  4 1 1 1
     1141  13  11  5 1 1 1
     1142  13  11  6 1 1 1
     1143  13  11  7 1 1 1
     1144  13  11  8 1 1 1
     1145  14  1  1 1 1 1
     1146  14  1  2 1 1 1
     1147  14  1  3 1 1 1
     1148  14  1  4 1 1 1
     1149  14  1  5 1 1 1
     1150  14  1  6 1 1 1
     1151  14  1  7 1 1 1
     1152  14  1  8 1 1 1
     1153  14  2  1 1 1 1
     1154  14  2  2 1 1 1
     1155  14  2  3 1 1 1
     1156  14  2  4 1 1 1
     1157  14  2  5 1 1 1
     1158  14  2  6 1 1 1
     1159  14  2  7 1 1 1
     1160  14  2  8 1 1 1
     1161  14  3  1 1 1 1
     1162  14  3  2 1 1 1
     1163  14  3  3 1 1 1
     1164  14  3  4 1 1 1
     1165  14  3  5 1 1 1
     1166  14  3  6 1 1 1
     1167  14  3  7 1 1 1
     1168  14  3  8 1 1 1
     1169  14  4  1 1 1 1
     1170  14  4  2 1 1 1
     1171  14  4  3 1 1 1
     1172  14  4  4 1 1 1
     1173  14  4  5 1 1 1
     1174  14  4  6 1 1 1
     1175  14  4  7 1 1 1
     1176  14  4  8 1 1 1
     1177  14  5  1 1 1 1
     1178  14  5  2 1 1 1
     1179  14  5  3 1 1 1
     1180  14  5  4 1 1 1
     1181  14  5  5 1 1 1
     1182  14  5  6 1 1 1
     1183  14  5  7 1 1 1
     1184  14  5  8 1 1 1
     1185  14  6  1 1 1 1
     1186  14  6  2 1 1 1
     1187  14  6  3 1 1 1
     1188  14  6  4 1 1 1
     1189  14  6  5 1 1 1
     1190  14  6  6 1 1 1
     1191  14  6  7 1 1 1
     1192  14  6  8 1 1 1
     1193  14  7  1 1 1 1
     1194  14  7  2 1 1 1
     1195  14  7  3 1 1 1
     1196  14  7  4 1 1 1
     1197  14  7  5 1 1 1
     1198  14  7  6 1 1 1
     1199  14  7  7 1 1 1
     1200  14  7  8 1 1 1
     1201  14  8  1 1 1 1
     1202  14  8  2 1 1 1
     1203  14  8  3 1 1 1
     1204  14  8  4 1 1 1
     1205  14  8  5 1 1 1
     1206  14  8  6 1 1 1
     1207  14  8  7 1 1 1
     1208  14  8  8 1 1 1
     1209  14  9  1 1 1 1
     1210  14  9  2 1 1 1
     1211  14  9  3 1 1 1
     1212  14  9  4 1 1 1
     1213  14  9  5 1 1 1
     1214  14  9  6 1 1 1
     1215  14  9  7 1 1 1
     1216  14  9  8 1 1 1
     1217  14  10  1 1 1 1
     1218  14  10  2 1 1 1
     1219  14  10  3 1 1 1
     1220  14  10  4 1 1 1
     1221  14  10  5 1 1 1
     1222  14  10  6 1 1 1
     1223  14  10  7 1 1 1
     1224  14  10  8 1 1 1
     1225  14  11  1 1 1 1
     1226  14  11  2 1 1 1
     1227  14  11  3 1 1 1
     1228  14  11  4 1 1 1
     1229  14  11  5 1 1 1
     1230  14  11  6 1 1 1
     1231  14  11  7 1 1 1
     1232  14  11  8 1 1 1
     1233  15  1  1 1 1 1
     1234  15  1  2 1 1 1
     1235  15  1  3 1 1 1
     1236  15  1  4 1 1 1
     1237  15  1  5 1 1 1
     1238  15  1  6 1 1 1
     1239  15  1  7 1 1 1
     1240  15  1  8 1 1 1
     1241  15  2  1 1 1 1
     1242  15  2  2 1 1 1
     1243  15  2  3 1 1 1
     1244  15  2  4 1 1 1
     1245  15  2  5 1 1 1
     1246  15  2  6 1 1 1
     1247  15  2  7 1 1 1
     1248  15  2  8 1 1 1
     1249  15  3  1 1 1 1
     1250  15  3  2 1 1 1
     1251  15  3  3 1 1 1
     1252  15  3  4 1 1 1
     1253  15  3  5 1 1 1
     1254  15  3  6 1 1 1
     1255  15  3  7 1 1 1
     1256  15  3  8 1 1 1
     1257  15  4  1 1 1 1
     1258  15  4  2 1 1 1
     1259  15  4  3 1 1 1
     1260  15  4  4 1 1 1
     1261  15  4  5 1 1 1
     1262  15  4  6 1 1 1
     1263  15  4  7 1 1 1
     1264  15  4  8 1 1 1
     1265  15  5  1 1 1 1
     1266  15  5  2 1 1 1
     1267  15  5  3 1 1 1
     1268  15  5  4 1 1 1
     1269  15  5  5 1 1 1
     1270  15  5  6 1 1 1
     1271  15  5  7 1 1 1
     1272  15  5  8 1 1 1
     1273  15  6  1 1 1 1
     1274  15  6  2 1 1 1
     1275  15  6  3 1 1 1
     1276  15  6  4 1 1 1
     1277  15  6  5 1 1 1
     1278  15  6  6 1 1 1
     1279  15  6  7 1 1 1
     1280  15  6  8 1 1 1
     1281  15  7  1 1 1 1
     1282  15  7  2 1 1 1
     1283  15  7  3 1 1 1
     1284  15  7  4 1 1 1
     1285  15  7  5 1 1 1
     1286  15  7  6 1 1 1
     1287  15  7  7 1 1 1
     1288  15  7  8 1 1 1
     1289  15  8  1 1 1 1
     1290  15  8  2 1 1 1
     1291  15  8  3 1 1 1
     1292  15  8  4 1 1 1
     1293  15  8  5 1 1 1
     1294  15  8  6 1 1 1
     1295  15  8  7 1 1 1
     1296  15  8  8 1 1 1
     1297  15  9  1 1 1 1
     1298  15  9  2 1 1 1
     1299  15  9  3 1 1 1
     1300  15  9  4 1 1 1
     1301  15  9  5 1 1 1
     1302  15  9  6 1 1 1
     1303  15  9  7 1 1 1
     1304  15  9  8 1 1 1
     1305  15  10  1 1 1 1
     1306  15  10  2 1 1 1
     1307  15  10  3 1 1 1
     1308  15  10  4 1 1 1
     1309  15  10  5 1 1 1
     1310  15  10  6 1 1 1
     1311  15  10  7 1 1 1
     1312  15  10  8 1 1 1
     1313  15  11  1 1 1 1
     1314  15  11  2 1 1 1
     1315  15  11  3 1 1 1
     1316  15  11  4 1 1 1
     1317  15  11  5 1 1 1
     1318  15  11  6 1 1 1
     1319  15  11  7 1 1 1
     1320  15  11  8 1 1 1
     1321  16  1  1 1 1 1
     1322  16  1  2 1 1 1
     1323  16  1  3 1 1 1
     1324  16  1  4 1 1 1
     1325  16  1  5 1 1 1
     1326  16  1  6 1 1 1
     1327  16  1  7 1 1 1
     1328  16  1  8 1 1 1
     1329  16  2  1 1 1 1
     1330  16  2  2 1 1 1
     1331  16  2  3 1 1 1
     1332  16  2  4 1 1 1
     1333  16  2  5 1 1 1
     1334  16  2  6 1 1 1
     1335  16  2  7 1 1 1
     1336  16  2  8 1 1 1
     1337  16  3  1 1 1 1
     1338  16  3  2 1 1 1
     1339  16  3  3 1 1 1
     1340  16  3  4 1 1 1
     1341  16  3  5 1 1 1
     1342  16  3  6 1 1 1
     1343  16  3  7 1 1 1
     1344  16  3  8 1 1 1
     1345  16  4  1 1 1 1
     1346  16  4  2 1 1 1
     1347  16  4  3 1 1 1
     1348  16  4  4 1 1 1
     1349  16  4  5 1 1 1
     1350  16  4  6 1 1 1
     1351  16  4  7 1 1 1
     1352  16  4  8 1 1 1
     1353  16  5  1 1 1 1
     1354  16  5  2 1 1 1
     1355  16  5  3 1 1 1
     1356  16  5  4 1 1 1
     1357  16  5  5 1 1 1
     1358  16  5  6 1 1 1
     1359  16  5  7 1 1 1
     1360  16  5  8 1 1 1
     1361  16  6  1 1 1 1
     1362  16  6  2 1 1 1
     1363  16  6  3 1 1 1
     1364  16  6  4 1 1 1
     1365  16  6  5 1 1 1
     1366  16  6  6 1 1 1
     1367  16  6  7 1 1 1
     1368  16  6  8 1 1 1
     1369  16  7  1 1 1 1
     1370  16  7  2 1 1 1
     1371  16  7  3 1 1 1
     1372  16  7  4 1 1 1
     1373  16  7  5 1 1 1
     1374  16  7  6 1 1 1
     1375  16  7  7 1 1 1
     1376  16  7  8 1 1 1
     1377  16  8  1 1 1 1
     1378  16  8  2 1 1 1
     1379  16  8  3 1 1 1
     1380  16  8  4 1 1 1
     1381  16  8  5 1 1 1
     1382  16  8  6 1 1 1
     1383  16  8  7 1 1 1
     1384  16  8  8 1 1 1
     1385  16  9  1 1 1 1
     1386  16  9  2 1 1 1
     1387  16  9  3 1 1 1
     1388  16  9  4 1 1 1
     1389  16  9  5 1 1 1
     1390  16  9  6 1 1 1
     1391  16  9  7 1 1 1
     1392  16  9  8 1 1 1
     1393  16  10  1 1 1 1
     1394  16  10  2 1 1 1
     1395  16  10  3 1 1 1
     1396  16  10  4 1 1 1
     1397  16  10  5 1 1 1
     1398  16  10  6 1 1 1
     1399  16  10  7 1 1 1
     1400  16  10  8 1 1 1
     1401  16  11  1 1 1 1
     1402  16  11  2 1 1 1
     1403  16  11  3 1 1 1
     1404  16  11  4 1 1 1
     1405  16  11  5 1 1 1
     1406  16  11  6 1 1 1
     1407  16  11  7 1 1 1
     1408  16  11  8 1 1 1
     1409  17  1  1 1 1 1
     1410  17  1  2 1 1 1
     1411  17  1  3 1 1 1
     1412  17  1  4 1 1 1
     1413  17  1  5 1 1 1
     1414  17  1  6 1 1 1
     1415  17  1  7 1 1 1
     1416  17  1  8 1 1 1
     1417  17  2  1 1 1 1
     1418  17  2  2 1 1 1
     1419  17  2  3 1 1 1
     1420  17  2  4 1 1 1
     1421  17  2  5 1 1 1
     1422  17  2  6 1 1 1
     1423  17  2  7 1 1 1
     1424  17  2  8 1 1 1
     1425  17  3  1 1 1 1
     1426  17  3  2 1 1 1
     1427  17  3  3 1 1 1
     1428  17  3  4 1 1 1
     1429  17  3  5 1 1 1
     1430  17  3  6 1 1 1
     1431  17  3  7 1 1 1
     1432  17  3  8 1 1 1
     1433  17  4  1 1 1 1
     1434  17  4  2 1 1 1
     1435  17  4  3 1 1 1
     1436  17  4  4 1 1 1
     1437  17  4  5 1 1 1
     1438  17  4  6 1 1 1
     1439  17  4  7 1 1 1
     1440  17  4  8 1 1 1
     1441  17  5  1 1 1 1
     1442  17  5  2 1 1 1
     1443  17  5  3 1 1 1
     1444  17  5  4 1 1 1
     1445  17  5  5 1 1 1
     1446  17  5  6 1 1 1
     1447  17  5  7 1 1 1
     1448  17  5  8 1 1 1
     1449  17  6  1 1 1 1
     1450  17  6  2 1 1 1
     1451  17  6  3 1 1 1
     1452  17  6  4 1 1 1
     1453  17  6  5 1 1 1
     1454  17  6  6 1 1 1
     1455  17  6  7 1 1 1
     1456  17  6  8 1 1 1
     1457  17  7  1 1 1 1
     1458  17  7  2 1 1 1
     1459  17  7  3 1 1 1
     1460  17  7  4 1 1 1
     1461  17  7  5 1 1 1
     1462  17  7  6 1 1 1
     1463  17  7  7 1 1 1
     1464  17  7  8 1 1 1
     1465  17  8  1 1 1 1
     1466  17  8  2 1 1 1
     1467  17  8  3 1 1 1
     1468  17  8  4 1 1 1
     1469  17  8  5 1 1 1
     1470  17  8  6 1 1 1
     1471  17  8  7 1 1 1
     1472  17  8  8 1 1 1
     1473  17  9  1 1 1 1
     1474  17  9  2 1 1 1
     1475  17  9  3 1 1 1
     1476  17  9  4 1 1 1
     1477  17  9  5 1 1 1
     1478  17  9  6 1 1 1
     1479  17  9  7 1 1 1
     1480  17  9  8 1 1 1
     1481  17  10  1 1 1 1
     1482  17  10  2 1 1 1
     1483  17  10  3 1 1 1
     1484  17  10  4 1 1 1
     1485  17  10  5 1 1 1
     1486  17  10  6 1 1 1
     1487  17  10  7 1 1 1
     1488  17  10  8 1 1 1
     1489  17  11  1 1 1 1
     1490  17  11  2 1 1 1
     1491  17  11  3 1 1 1
     1492  17  11  4 1 1 1
     1493  17  11  5 1 1 1
     1494  17  11  6 1 1 1
     1495  17  11  7 1 1 1
     1496  17  11  8 1 1 1
     1497  18  1  1 1 1 1
     1498  18  1  2 1 1 1
     1499  18  1  3 1 1 1
     1500  18  1  4 1 1 1
     1501  18  1  5 1 1 1
     1502  18  1  6 1 1 1
     1503  18  1  7 1 1 1
     1504  18  1  8 1 1 1
     1505  18  2  1 1 1 1
     1506  18  2  2 1 1 1
     1507  18  2  3 1 1 1
     1508  18  2  4 1 1 1
     1509  18  2  5 1 1 1
     1510  18  2  6 1 1 1
     1511  18  2  7 1 1 1
     1512  18  2  8 1 1 1
     1513  18  3  1 1 1 1
     1514  18  3  2 1 1 1
     1515  18  3  3 1 1 1
     1516  18  3  4 1 1 1
     1517  18  3  5 1 1 1
     1518  18  3  6 1 1 1
     1519  18  3  7 1 1 1
     1520  18  3  8 1 1 1
     1521  18  4  1 1 1 1
     1522  18  4  2 1 1 1
     1523  18  4  3 1 1 1
     1524  18  4  4 1 1 1
     1525  18  4  5 1 1 1
     1526  18  4  6 1 1 1
     1527  18  4  7 1 1 1
     1528  18  4  8 1 1 1
     1529  18  5  1 1 1 1
     1530  18  5  2 1 1 1
     1531  18  5  3 1 1 1
     1532  18  5  4 1 1 1
     1533  18  5  5 1 1 1
     1534  18  5  6 1 1 1
     1535  18  5  7 1 1 1
     1536  18  5  8 1 1 1
     1537  18  6  1 1 1 1
     1538  18  6  2 1 1 1
     1539  18  6  3 1 1 1
     1540  18  6  4 1 1 1
     1541  18  6  5 1 1 1
     1542  18  6  6 1 1 1
     1543  18  6  7 1 1 1
     1544  18  6  8 1 1 1
     1545  18  7  1 1 1 1
     1546  18  7  2 1 1 1
     1547  18  7  3 1 1 1
     1548  18  7  4 1 1 1
     1549  18  7  5 1 1 1
     1550  18  7  6 1 1 1
     1551  18  7  7 1 1 1
     1552  18  7  8 1 1 1
     1553  18  8  1 1 1 1
     1554  18  8  2 1 1 1
     1555  18  8  3 1 1 1
     1556  18  8  4 1 1 1
     1557  18  8  5 1 1 1
     1558  18  8  6 1 1 1
     1559  18  8  7 1 1 1
     1560  18  8  8 1 1 1
     1561  18  9  1 1 1 1
     1562  18  9  2 1 1 1
     1563  18  9  3 1 1 1
     1564  18  9  4 1 1 1
     1565  18  9  5 1 1 1
     1566  18  9  6 1 1 1
     1567  18  9  7 1 1 1
     1568  18  9  8 1 1 1
     1569  18  10  1 1 1 1
     1570  18  10  2 1 1 1
     1571  18  10  3 1 1 1
     1572  18  10  4 1 1 1
     1573  18  10  5 1 1 1
     1574  18  10  6 1 1 1
     1575  18  10  7 1 1 1
     1576  18  10  8 1 1 1
     1577  18  11  1 1 1 1
     1578  18  11  2 1 1 1
     1579  18  11  3 1 1 1
     1580  18  11  4 1 1 1
     1581  18  11  5 1 1 1
     1582  18  11  6 1 1 1
     1583  18  11  7 1 1 1
     1584  18  11  8 1 1 1
     1585  19  1  1 1 1 1
     1586  19  1  2 1 1 1
     1587  19  1  3 1 1 1
     1588  19  1  4 1 1 1
     1589  19  1  5 1 1 1
     1590  19  1  6 1 1 1
     1591  19  1  7 1 1 1
     1592  19  1  8 1 1 1
     1593  19  2  1 1 1 1
     1594  19  2  2 1 1 1
     1595  19  2  3 1 1 1
     1596  19  2  4 1 1 1
     1597  19  2  5 1 1 1
     1598  19  2  6 1 1 1
     1599  19  2  7 1 1 1
     1600  19  2  8 1 1 1
     1601  19  3  1 1 1 1
     1602  19  3  2 1 1 1
     1603  19  3  3 1 1 1
     1604  19  3  4 1 1 1
     1605  19  3  5 1 1 1
     1606  19  3  6 1 1 1
     1607  19  3  7 1 1 1
     1608  19  3  8 1 1 1
     1609  19  4  1 1 1 1
     1610  19  4  2 1 1 1
     1611  19  4  3 1 1 1
     1612  19  4  4 1 1 1
     1613  19  4  5 1 1 1
     1614  19  4  6 1 1 1
     1615  19  4  7 1 1 1
     1616  19  4  8 1 1 1
     1617  19  5  1 1 1 1
     1618  19  5  2 1 1 1
     1619  19  5  3 1 1 1
     1620  19  5  4 1 1 1
     1621  19  5  5 1 1 1
     1622  19  5  6 1 1 1
     1623  19  5  7 1 1 1
     1624  19  5  8 1 1 1
     1625  19  6  1 1 1 1
     1626  19  6  2 1 1 1
     1627  19  6  3 1 1 1
     1628  19  6  4 1 1 1
     1629  19  6  5 1 1 1
     1630  19  6  6 1 1 1
     1631  19  6  7 1 1 1
     1632  19  6  8 1 1 1
     1633  19  7  1 1 1 1
     1634  19  7  2 1 1 1
     1635  19  7  3 1 1 1
     1636  19  7  4 1 1 1
     1637  19  7  5 1 1 1
     1638  19  7  6 1 1 1
     1639  19  7  7 1 1 1
     1640  19  7  8 1 1 1
     1641  19  8  1 1 1 1
     1642  19  8  2 1 1 1
     1643  19  8  3 1 1 1
     1644  19  8  4 1 1 1
     1645  19  8  5 1 1 1
     1646  19  8  6 1 1 1
     1647  19  8  7 1 1 1
     1648  19  8  8 1 1 1
     1649  19  9  1 1 1 1
     1650  19  9  2 1 1 1
     1651  19  9  3 1 1 1
     1652  19  9  4 1 1 1
     1653  19  9  5 1 1 1
     1654  19  9  6 1 1 1
     1655  19  9  7 1 1 1
     1656  19  9  8 1 1 1
     1657  19  10  1 1 1 1
     1658  19  10  2 1 1 1
     1659  19  10  3 1 1 1
     1660  19  10  4 1 1 1
     1661  19  10  5 1 1 1
     1662  19  10  6 1 1 1
     1663  19  10  7 1 1 1
     1664  19  10  8 1 1 1
     1665  19  11  1 1 1 1
     1666  19  11  2 1 1 1
     1667  19  11  3 1 1 1
     1668  19  11  4 1 1 1
     1669  19  11  5 1 1 1
     1670  19  11  6 1 1 1
     1671  19  11  7 1 1 1
     1672  19  11  8 1 1 1
     1673  20  1  1 1 1 1
     1674  20  1  2 1 1 1
     1675  20  1  3 1 1 1
     1676  20  1  4 1 1 1
     1677  20  1  5 1 1 1
     1678  20  1  6 1 1 1
     1679  20  1  7 1 1 1
     1680  20  1  8 1 1 1
     1681  20  2  1 1 1 1
     1682  20  2  2 1 1 1
     1683  20  2  3 1 1 1
     1684  20  2  4 1 1 1
     1685  20  2  5 1 1 1
     1686  20  2  6 1 1 1
     1687  20  2  7 1 1 1
     1688  20  2  8 1 1 1
     1689  20  3  1 1 1 1
     1690  20  3  2 1 1 1
     1691  20  3  3 1 1 1
     1692  20  3  4 1 1 1
     1693  20  3  5 1 1 1
     1694  20  3  6 1 1 1
     1695  20  3  7 1 1 1
     1696  20  3  8 1 1 1
     1697  20  4  1 1 1 1
     1698  20  4  2 1 1 1
     1699  20  4  3 1 1 1
     1700  20  4  4 1 1 1
     1701  20  4  5 1 1 1
     1702  20  4  6 1 1 1
     1703  20  4  7 1 1 1
     1704  20  4  8 1 1 1
     1705  20  5  1 1 1 1
     1706  20  5  2 1 1 1
     1707  20  5  3 1 1 1
     1708  20  5  4 1 1 1
     1709  20  5  5 1 1 1
     1710  20  5  6 1 1 1
     1711  20  5  7 1 1 1
     1712  20  5  8 1 1 1
     1713  20  6  1 1 1 1
     1714  20  6  2 1 1 1
     1715  20  6  3 1 1 1
     1716  20  6  4 1 1 1
     1717  20  6  5 1 1 1
     1718  20  6  6 1 1 1
     1719  20  6  7 1 1 1
     1720  20  6  8 1 1 1
     1721  20  7  1 1 1 1
     1722  20  7  2 1 1 1
     1723  20  7  3 1 1 1
     1724  20  7  4 1 1 1
     1725  20  7  5 1 1 1
     1726  20  7  6 1 1 1
     1727  20  7  7 1 1 1
     1728  20  7  8 1 1 1
     1729  20  8  1 1 1 1
     1730  20  8  2 1 1 1
     1731  20  8  3 1 1 1
     1732  20  8  4 1 1 1
     1733  20  8  5 1 1 1
     1734  20  8  6 1 1 1
     1735  20  8  7 1 1 1
     1736  20  8  8 1 1 1
     1737  20  9  1 1 1 1
     1738  20  9  2 1 1 1
     1739  20  9  3 1 1 1
     1740  20  9  4 1 1 1
     1741  20  9  5 1 1 1
     1742  20  9  6 1 1 1
     1743  20  9  7 1 1 1
     1744  20  9  8 1 1 1
     1745  20  10  1 1 1 1
     1746  20  10  2 1 1 1
     1747  20  10  3 1 1 1
     1748  20  10  4 1 1 1
     1749  20  10  5 1 1 1
     1750  20  10  6 1 1 1
     1751  20  10  7 1 1 1
     1752  20  10  8 1 1 1
     1753  20  11  1 1 1 1
     1754  20  11  2 1 1 1
     1755  20  11  3 1 1 1
     1756  20  11  4 1 1 1
     1757  20  11  5 1 1 1
     1758  20  11  6 1 1 1
     1759  20  11  7 1 1 1
     1760  20  11  8 1 1 1
     1761  21  1  1 1 1 1
     1762  21  1  2 1 1 1
     1763  21  1  3 1 1 1
     1764  21  1  4 1 1 1
     1765  21  1  5 1 1 1
     1766  21  1  6 1 1 1
     1767  21  1  7 1 1 1
     1768  21  1  8 1 1 1
     1769  21  2  1 1 1 1
     1770  21  2  2 1 1 1
     1771  21  2  3 1 1 1
     1772  21  2  4 1 1 1
     1773  21  2  5 1 1 1
     1774  21  2  6 1 1 1
     1775  21  2  7 1 1 1
     1776  21  2  8 1 1 1
     1777  21  3  1 1 1 1
     1778  21  3  2 1 1 1
     1779  21  3  3 1 1 1
     1780  21  3  4 1 1 1
     1781  21  3  5 1 1 1
     1782  21  3  6 1 1 1
     1783  21  3  7 1 1 1
     1784  21  3  8 1 1 1
     1785  21  4  1 1 1 1
     1786  21  4  2 1 1 1
     1787  21  4  3 1 1 1
     1788  21  4  4 1 1 1
     1789  21  4  5 1 1 1
     1790  21  4  6 1 1 1
     1791  21  4  7 1 1 1
     1792  21  4  8 1 1 1
     1793  21  5  1 1 1 1
     1794  21  5  2 1 1 1
     1795  21  5  3 1 1 1
     1796  21  5  4 1 1 1
     1797  21  5  5 1 1 1
     1798  21  5  6 1 1 1
     1799  21  5  7 1 1 1
     1800  21  5  8 1 1 1
     1801  21  6  1 1 1 1
     1802  21  6  2 1 1 1
     1803  21  6  3 1 1 1
     1804  21  6  4 1 1 1
     1805  21  6  5 1 1 1
     1806  21  6  6 1 1 1
     1807  21  6  7 1 1 1
     1808  21  6  8 1 1 1
     1809  21  7  1 1 1 1
     1810  21  7  2 1 1 1
     1811  21  7  3 1 1 1
     1812  21  7  4 1 1 1
     1813  21  7  5 1 1 1
     1814  21  7  6 1 1 1
     1815  21  7  7 1 1 1
     1816  21  7  8 1 1 1
     1817  21  8  1 1 1 1
     1818  21  8  2 1 1 1
     1819  21  8  3 1 1 1
     1820  21  8  4 1 1 1
     1821  21  8  5 1 1 1
     1822  21  8  6 1 1 1
     1823  21  8  7 1 1 1
     1824  21  8  8 1 1 1
     1825  21  9  1 1 1 1
     1826  21  9  2 1 1 1
     1827  21  9  3 1 1 1
     1828  21  9  4 1 1 1
     1829  21  9  5 1 1 1
     1830  21  9  6 1 1 1
     1831  21  9  7 1 1 1
     1832  21  9  8 1 1 1
     1833  21  10  1 1 1 1
     1834  21  10  2 1 1 1
     1835  21  10  3 1 1 1
     1836  21  10  4 1 1 1
     1837  21  10  5 1 1 1
     1838  21  10  6 1 1 1
     1839  21  10  7 1 1 1
     1840  21  10  8 1 1 1
     1841  21  11  1 1 1 1
     1842  21  11  2 1 1 1
     1843  21  11  3 1 1 1
     1844  21  11  4 1 1 1
     1845  21  11  5 1 1 1
     1846  21  11  6 1 1 1
     1847  21  11  7 1 1 1
     1848  21  11  8 1 1 1
     1849  22  1  1 1 1 1
     1850  22  1  2 1 1 1
     1851  22  1  3 1 1 1
     1852  22  1  4 1 1 1
     1853  22  1  5 1 1 1
     1854  22  1  6 1 1 1
     1855  22  1  7 1 1 1
     1856  22  1  8 1 1 1
     1857  22  2  1 1 1 1
     1858  22  2  2 1 1 1
     1859  22  2  3 1 1 1
     1860  22  2  4 1 1 1
     1861  22  2  5 1 1 1
     1862  22  2  6 1 1 1
     1863  22  2  7 1 1 1
     1864  22  2  8 1 1 1
     1865  22  3  1 1 1 1
     1866  22  3  2 1 1 1
     1867  22  3  3 1 1 1
     1868  22  3  4 1 1 1
     1869  22  3  5 1 1 1
     1870  22  3  6 1 1 1
     1871  22  3  7 1 1 1
     1872  22  3  8 1 1 1
     1873  22  4  1 1 1 1
     1874  22  4  2 1 1 1
     1875  22  4  3 1 1 1
     1876  22  4  4 1 1 1
     1877  22  4  5 1 1 1
     1878  22  4  6 1 1 1
     1879  22  4  7 1 1 1
     1880  22  4  8 1 1 1
     1881  22  5  1 1 1 1
     1882  22  5  2 1 1 1
     1883  22  5  3 1 1 1
     1884  22  5  4 1 1 1
     1885  22  5  5 1 1 1
     1886  22  5  6 1 1 1
     1887  22  5  7 1 1 1
     1888  22  5  8 1 1 1
     1889  22  6  1 1 1 1
     1890  22  6  2 1 1 1
     1891  22  6  3 1 1 1
     1892  22  6  4 1 1 1
     1893  22  6  5 1 1 1
     1894  22  6  6 1 1 1
     1895  22  6  7 1 1 1
     1896  22  6  8 1 1 1
     1897  22  7  1 1 1 1
     1898  22  7  2 1 1 1
     1899  22  7  3 1 1 1
     1900  22  7  4 1 1 1
     1901  22  7  5 1 1 1
     1902  22  7  6 1 1 1
     1903  22  7  7 1 1 1
     1904  22  7  8 1 1 1
     1905  22  8  1 1 1 1
     1906  22  8  2 1 1 1
     1907  22  8  3 1 1 1
     1908  22  8  4 1 1 1
     1909  22  8  5 1 1 1
     1910  22  8  6 1 1 1
     1911  22  8  7 1 1 1
     1912  22  8  8 1 1 1
     1913  22  9  1 1 1 1
     1914  22  9  2 1 1 1
     1915  22  9  3 1 1 1
     1916  22  9  4 1 1 1
     1917  22  9  5 1 1 1
     1918  22  9  6 1 1 1
     1919  22  9  7 1 1 1
     1920  22  9  8 1 1 1
     1921  22  10  1 1 1 1
     1922  22  10  2 1 1 1
     1923  22  10  3 1 1 1
     1924  22  10  4 1 1 1
     1925  22  10  5 1 1 1
     1926  22  10  6 1 1 1
     1927  22  10  7 1 1 1
     1928  22  10  8 1 1 1
     1929  22  11  1 1 1 1
     1930  22  11  2 1 1 1
     1931  22  11  3 1 1 1
     1932  22  11  4 1 1 1
     1933  22  11  5 1 1 1
     1934  22  11  6 1 1 1
     1935  22  11  7 1 1 1
     1936  22  11  8 1 1 1
     1937  23  1  1 1 1 1
     1938  23  1  2 1 1 1
     1939  23  1  3 1 1 1
     1940  23  1  4 1 1 1
     1941  23  1  5 1 1 1
     1942  23  1  6 1 1 1
     1943  23  1  7 1 1 1
     1944  23  1  8 1 1 1
     1945  23  2  1 1 1 1
     1946  23  2  2 1 1 1
     1947  23  2  3 1 1 1
     1948  23  2  4 1 1 1
     1949  23  2  5 1 1 1
     1950  23  2  6 1 1 1
     1951  23  2  7 1 1 1
     1952  23  2  8 1 1 1
     1953  23  3  1 1 1 1
     1954  23  3  2 1 1 1
     1955  23  3  3 1 1 1
     1956  23  3  4 1 1 1
     1957  23  3  5 1 1 1
     1958  23  3  6 1 1 1
     1959  23  3  7 1 1 1
     1960  23  3  8 1 1 1
     1961  23  4  1 1 1 1
     1962  23  4  2 1 1 1
     1963  23  4  3 1 1 1
     1964  23  4  4 1 1 1
     1965  23  4  5 1 1 1
     1966  23  4  6 1 1 1
     1967  23  4  7 1 1 1
     1968  23  4  8 1 1 1
     1969  23  5  1 1 1 1
     1970  23  5  2 1 1 1
     1971  23  5  3 1 1 1
     1972  23  5  4 1 1 1
     1973  23  5  5 1 1 1
     1974  23  5  6 1 1 1
     1975  23  5  7 1 1 1
     1976  23  5  8 1 1 1
     1977  23  6  1 1 1 1
     1978  23  6  2 1 1 1
     1979  23  6  3 1 1 1
     1980  23  6  4 1 1 1
     1981  23  6  5 1 1 1
     1982  23  6  6 1 1 1
     1983  23  6  7 1 1 1
     1984  23  6  8 1 1 1
     1985  23  7  1 1 1 1
     1986  23  7  2 1 1 1
     1987  23  7  3 1 1 1
     1988  23  7  4 1 1 1
     1989  23  7  5 1 1 1
     1990  23  7  6 1 1 1
     1991  23  7  7 1 1 1
     1992  23  7  8 1 1 1
     1993  23  8  1 1 1 1
     1994  23  8  2 1 1 1
     1995  23  8  3 1 1 1
     1996  23  8  4 1 1 1
     1997  23  8  5 1 1 1
     1998  23  8  6 1 1 1
     1999  23  8  7 1 1 1
     2000  23  8  8 1 1 1
     2001  23  9  1 1 1 1
     2002  23  9  2 1 1 1
     2003  23  9  3 1 1 1
     2004  23  9  4 1 1 1
     2005  23  9  5 1 1 1
     2006  23  9  6 1 1 1
     2007  23  9  7 1 1 1
     2008  23  9  8 1 1 1
     2009  23  10  1 1 1 1
     2010  23  10  2 1 1 1
     2011  23  10  3 1 1 1
     2012  23  10  4 1 1 1
     2013  23  10  5 1 1 1
     2014  23  10  6 1 1 1
     2015  23  10  7 1 1 1
     2016  23  10  8 1 1 1
     2017  23  11  1 1 1 1
     2018  23  11  2 1 1 1
     2019  23  11  3 1 1 1
     2020  23  11  4 1 1 1
     2021  23  11  5 1 1 1
     2022  23  11  6 1 1 1
     2023  23  11  7 1 1 1
     2024  23  11  8 1 1 1
     2025  24  1  1 1 1 1
     2026  24  1  2 1 1 1
     2027  24  1  3 1 1 1
     2028  24  1  4 1 1 1
     2029  24  1  5 1 1 1
     2030  24  1  6 1 1 1
     2031  24  1  7 1 1 1
     2032  24  1  8 1 1 1
     2033  24  2  1 1 1 1
     2034  24  2  2 1 1 1
     2035  24  2  3 1 1 1
     2036  24  2  4 1 1 1
     2037  24  2  5 1 1 1
     2038  24  2  6 1 1 1
     2039  24  2  7 1 1 1
     2040  24  2  8 1 1 1
     2041  24  3  1 1 1 1
     2042  24  3  2 1 1 1
     2043  24  3  3 1 1 1
     2044  24  3  4 1 1 1
     2045  24  3  5 1 1 1
     2046  24  3  6 1 1 1
     2047  24  3  7 1 1 1
     2048  24  3  8 1 1 1
     2049  24  4  1 1 1 1
     2050  24  4  2 1 1 1
     2051  24  4  3 1 1 1
     2052  24  4  4 1 1 1
     2053  24  4  5 1 1 1
     2054  24  4  6 1 1 1
     2055  24  4  7 1 1 1
     2056  24  4  8 1 1 1
     2057  24  5  1 1 1 1
     2058  24  5  2 1 1 1
     2059  24  5  3 1 1 1
     2060  24  5  4 1 1 1
     2061  24  5  5 1 1 1
     2062  24  5  6 1 1 1
     2063  24  5  7 1 1 1
     2064  24  5  8 1 1 1
     2065  24  6  1 1 1 1
     2066  24  6  2 1 1 1
     2067  24  6  3 1 1 1
     2068  24  6  4 1 1 1
     2069  24  6  5 1 1 1
     2070  24  6  6 1 1 1
     2071  24  6  7 1 1 1
     2072  24  6  8 1 1 1
     2073  24  7  1 1 1 1
     2074  24  7  2 1 1 1
     2075  24  7  3 1 1 1
     2076  24  7  4 1 1 1
     2077  24  7  5 1 1 1
     2078  24  7  6 1 1 1
     2079  24  7  7 1 1 1
     2080  24  7  8 1 1 1
     2081  24  8  1 1 1 1
     2082  24  8  2 1 1 1
     2083  24  8  3 1 1 1
     2084  24  8  4 1 1 1
     2085  24  8  5 1 1 1
     2086  24  8  6 1 1 1
     2087  24  8  7 1 1 1
     2088  24  8  8 1 1 1
     2089  24  9  1 1 1 1
     2090  24  9  2 1 1 1
     2091  24  9  3 1 1 1
     2092  24  9  4 1 1 1
     2093  24  9  5 1 1 1
     2094  24  9  6 1 1 1
     2095  24  9  7 1 1 1
     2096  24  9  8 1 1 1
     2097  24  10  1 1 1 1
     2098  24  10  2 1 1 1
     2099  24  10  3 1 1 1
     2100  24  10  4 1 1 1
     2101  24  10  5 1 1 1
     2102  24  10  6 1 1 1
     2103  24  10  7 1 1 1
     2104  24  10  8 1 1 1
     2105  24  11  1 1 1 1
     2106  24  11  2 1 1 1
     2107  24  11  3 1 1 1
     2108  24  11  4 1 1 1
     2109  24  11  5 1 1 1
     2110  24  11  6 1 1 1
     2111  24  11  7 1 1 1
     2112  24  11  8 1 1 1
     2113  25  1  1 1 1 1
     2114  25  1  2 1 1 1
     2115  25  1  3 1 1 1
     2116  25  1  4 1 1 1
     2117  25  1  5 1 1 1
     2118  25  1  6 1 1 1
     2119  25  1  7 1 1 1
     2120  25  1  8 1 1 1
     2121  25  2  1 1 1 1
     2122  25  2  2 1 1 1
     2123  25  2  3 1 1 1
     2124  25  2  4 1 1 1
     2125  25  2  5 1 1 1
     2126  25  2  6 1 1 1
     2127  25  2  7 1 1 1
     2128  25  2  8 1 1 1
     2129  25  3  1 1 1 1
     2130  25  3  2 1 1 1
     2131  25  3  3 1 1 1
     2132  25  3  4 1 1 1
     2133  25  3  5 1 1 1
     2134  25  3  6 1 1 1
     2135  25  3  7 1 1 1
     2136  25  3  8 1 1 1
     2137  25  4  1 1 1 1
     2138  25  4  2 1 1 1
     2139  25  4  3 1 1 1
     2140  25  4  4 1 1 1
     2141  25  4  5 1 1 1
     2142  25  4  6 1 1 1
     2143  25  4  7 1 1 1
     2144  25  4  8 1 1 1
     2145  25  5  1 1 1 1
     2146  25  5  2 1 1 1
     2147  25  5  3 1 1 1
     2148  25  5  4 1 1 1
     2149  25  5  5 1 1 1
     2150  25  5  6 1 1 1
     2151  25  5  7 1 1 1
     2152  25  5  8 1 1 1
     2153  25  6  1 1 1 1
     2154  25  6  2 1 1 1
     2155  25  6  3 1 1 1
     2156  25  6  4 1 1 1
     2157  25  6  5 1 1 1
     2158  25  6  6 1 1 1
     2159  25  6  7 1 1 1
     2160  25  6  8 1 1 1
     2161  25  7  1 1 1 1
     2162  25  7  2 1 1 1
     2163  25  7  3 1 1 1
     2164  25  7  4 1 1 1
     2165  25  7  5 1 1 1
     2166  25  7  6 1 1 1
     2167  25  7  7 1 1 1
     2168  25  7  8 1 1 1
     2169  25  8  1 1 1 1
     2170  25  8  2 1 1 1
     2171  25  8  3 1 1 1
     2172  25  8  4 1 1 1
     2173  25  8  5 1 1 1
     2174  25  8  6 1 1 1
     2175  25  8  7 1 1 1
     2176  25  8  8 1 1 1
     2177  25  9  1 1 1 1
     2178  25  9  2 1 1 1
     2179  25  9  3 1 1 1
     2180  25  9  4 1 1 1
     2181  25  9  5 1 1 1
     2182  25  9  6 1 1 1
     2183  25  9  7 1 1 1
     2184  25  9  8 1 1 1
     2185  25  10  1 1 1 1
     2186  25  10  2 1 1 1
     2187  25  10  3 1 1 1
     2188  25  10  4 1 1 1
     2189  25  10  5 1 1 1
     2190  25  10  6 1 1 1
     2191  25  10  7 1 1 1
     2192  25  10  8 1 1 1
     2193  25  11  1 1 1 1
     2194  25  11  2 1 1 1
     2195  25  11  3 1 1 1
     2196  25  11  4 1 1 1
     2197  25  11  5 1 1 1
     2198  25  11  6 1 1 1
     2199  25  11  7 1 1 1
     2200  25  11  8 1 1 1
     2201  26  1  1 1 1 1
     2202  26  1  2 1 1 1
     2203  26  1  3 1 1 1
     2204  26  1  4 1 1 1
     2205  26  1  5 1 1 1
     2206  26  1  6 1 1 1
     2207  26  1  7 1 1 1
     2208  26  1  8 1 1 1
     2209  26  2  1 1 1 1
     2210  26  2  2 1 1 1
     2211  26  2  3 1 1 1
     2212  26  2  4 1 1 1
     2213  26  2  5 1 1 1
     2214  26  2  6 1 1 1
     2215  26  2  7 1 1 1
     2216  26  2  8 1 1 1
     2217  26  3  1 1 1 1
     2218  26  3  2 1 1 1
     2219  26  3  3 1 1 1
     2220  26  3  4 1 1 1
     2221  26  3  5 1 1 1
     2222  26  3  6 1 1 1
     2223  26  3  7 1 1 1
     2224  26  3  8 1 1 1
     2225  26  4  1 1 1 1
     2226  26  4  2 1 1 1
     2227  26  4  3 1 1 1
     2228  26  4  4 1 1 1
     2229  26  4  5 1 1 1
     2230  26  4  6 1 1 1
     2231  26  4  7 1 1 1
     2232  26  4  8 1 1 1
     2233  26  5  1 1 1 1
     2234  26  5  2 1 1 1
     2235  26  5  3 1 1 1
     2236  26  5  4 1 1 1
     2237  26  5  5 1 1 1
     2238  26  5  6 1 1 1
     2239  26  5  7 1 1 1
     2240  26  5  8 1 1 1
     2241  26  6  1 1 1 1
     2242  26  6  2 1 1 1
     2243  26  6  3 1 1 1
     2244  26  6  4 1 1 1
     2245  26  6  5 1 1 1
     2246  26  6  6 1 1 1
     2247  26  6  7 1 1 1
     2248  26  6  8 1 1 1
     2249  26  7  1 1 1 1
     2250  26  7  2 1 1 1
     2251  26  7  3 1 1 1
     2252  26  7  4 1 1 1
     2253  26  7  5 1 1 1
     2254  26  7  6 1 1 1
     2255  26  7  7 1 1 1
     2256  26  7  8 1 1 1
     2257  26  8  1 1 1 1
     2258  26  8  2 1 1 1
     2259  26  8  3 1 1 1
     2260  26  8  4 1 1 1
     2261  26  8  5 1 1 1
     2262  26  8  6 1 1 1
     2263  26  8  7 1 1 1
     2264  26  8  8 1 1 1
     2265  26  9  1 1 1 1
     2266  26  9  2 1 1 1
     2267  26  9  3 1 1 1
     2268  26  9  4 1 1 1
     2269  26  9  5 1 1 1
     2270  26  9  6 1 1 1
     2271  26  9  7 1 1 1
     2272  26  9  8 1 1 1
     2273  26  10  1 1 1 1
     2274  26  10  2 1 1 1
     2275  26  10  3 1 1 1
     2276  26  10  4 1 1 1
     2277  26  10  5 1 1 1
     2278  26  10  6 1 1 1
     2279  26  10  7 1 1 1
     2280  26  10  8 1 1 1
     2281  26  11  1 1 1 1
     2282  26  11  2 1 1 1
     2283  26  11  3 1 1 1
     2284  26  11  4 1 1 1
     2285  26  11  5 1 1 1
     2286  26  11  6 1 1 1
     2287  26  11  7 1 1 1
     2288  26  11  8 1 1 1
     2289  27  1  1 1 1 1
     2290  27  1  2 1 1 1
     2291  27  1  3 1 1 1
     2292  27  1  4 1 1 1
     2293  27  1  5 1 1 1
     2294  27  1  6 1 1 1
     2295  27  1  7 1 1 1
     2296  27  1  8 1 1 1
     2297  27  2  1 1 1 1
     2298  27  2  2 1 1 1
     2299  27  2  3 1 1 1
     2300  27  2  4 1 1 1
     2301  27  2  5 1 1 1
     2302  27  2  6 1 1 1
     2303  27  2  7 1 1 1
     2304  27  2  8 1 1 1
     2305  27  3  1 1 1 1
     2306  27  3  2 1 1 1
     2307  27  3  3 1 1 1
     2308  27  3  4 1 1 1
     2309  27  3  5 1 1 1
     2310  27  3  6 1 1 1
     2311  27  3  7 1 1 1
     2312  27  3  8 1 1 1
     2313  27  4  1 1 1 1
     2314  27  4  2 1 1 1
     2315  27  4  3 1 1 1
     2316  27  4  4 1 1 1
     2317  27  4  5 1 1 1
     2318  27  4  6 1 1 1
     2319  27  4  7 1 1 1
     2320  27  4  8 1 1 1
     2321  27  5  1 1 1 1
     2322  27  5  2 1 1 1
     2323  27  5  3 1 1 1
     2324  27  5  4 1 1 1
     2325  27  5  5 1 1 1
     2326  27  5  6 1 1 1
     2327  27  5  7 1 1 1
     2328  27  5  8 1 1 1
     2329  27  6  1 1 1 1
     2330  27  6  2 1 1 1
     2331  27  6  3 1 1 1
     2332  27  6  4 1 1 1
     2333  27  6  5 1 1 1
     2334  27  6  6 1 1 1
     2335  27  6  7 1 1 1
     2336  27  6  8 1 1 1
     2337  27  7  1 1 1 1
     2338  27  7  2 1 1 1
     2339  27  7  3 1 1 1
     2340  27  7  4 1 1 1
     2341  27  7  5 1 1 1
     2342  27  7  6 1 1 1
     2343  27  7  7 1 1 1
     2344  27  7  8 1 1 1
     2345  27  8  1 1 1 1
     2346  27  8  2 1 1 1
     2347  27  8  3 1 1 1
     2348  27  8  4 1 1 1
     2349  27  8  5 1 1 1
     2350  27  8  6 1 1 1
     2351  27  8  7 1 1 1
     2352  27  8  8 1 1 1
     2353  27  9  1 1 1 1
     2354  27  9  2 1 1 1
     2355  27  9  3 1 1 1
     2356  27  9  4 1 1 1
     2357  27  9  5 1 1 1
     2358  27  9  6 1 1 1
     2359  27  9  7 1 1 1
     2360  27  9  8 1 1 1
     2361  27  10  1 1 1 1
     2362  27  10  2 1 1 1
     2363  27  10  3 1 1 1
     2364  27  10  4 1 1 1
     2365  27  10  5 1 1 1
     2366  27  10  6 1 1 1
     2367  27  10  7 1 1 1
     2368  27  10  8 1 1 1
     2369  27  11  1 1 1 1
     2370  27  11  2 1 1 1
     2371  27  11  3 1 1 1
     2372  27  11  4 1 1 1
     2373  27  11  5 1 1 1
     2374  27  11  6 1 1 1
     2375  27  11  7 1 1 1
     2376  27  11  8 1 1 1
     2377  28  1  1 1 1 1
     2378  28  1  2 1 1 1
     2379  28  1  3 1 1 1
     2380  28  1  4 1 1 1
     2381  28  1  5 1 1 1
     2382  28  1  6 1 1 1
     2383  28  1  7 1 1 1
     2384  28  1  8 1 1 1
     2385  28  2  1 1 1 1
     2386  28  2  2 1 1 1
     2387  28  2  3 1 1 1
     2388  28  2  4 1 1 1
     2389  28  2  5 1 1 1
     2390  28  2  6 1 1 1
     2391  28  2  7 1 1 1
     2392  28  2  8 1 1 1
     2393  28  3  1 1 1 1
     2394  28  3  2 1 1 1
     2395  28  3  3 1 1 1
     2396  28  3  4 1 1 1
     2397  28  3  5 1 1 1
     2398  28  3  6 1 1 1
     2399  28  3  7 1 1 1
     2400  28  3  8 1 1 1
     2401  28  4  1 1 1 1
     2402  28  4  2 1 1 1
     2403  28  4  3 1 1 1
     2404  28  4  4 1 1 1
     2405  28  4  5 1 1 1
     2406  28  4  6 1 1 1
     2407  28  4  7 1 1 1
     2408  28  4  8 1 1 1
     2409  28  5  1 1 1 1
     2410  28  5  2 1 1 1
     2411  28  5  3 1 1 1
     2412  28  5  4 1 1 1
     2413  28  5  5 1 1 1
     2414  28  5  6 1 1 1
     2415  28  5  7 1 1 1
     2416  28  5  8 1 1 1
     2417  28  6  1 1 1 1
     2418  28  6  2 1 1 1
     2419  28  6  3 1 1 1
     2420  28  6  4 1 1 1
     2421  28  6  5 1 1 1
     2422  28  6  6 1 1 1
     2423  28  6  7 1 1 1
     2424  28  6  8 1 1 1
     2425  28  7  1 1 1 1
     2426  28  7  2 1 1 1
     2427  28  7  3 1 1 1
     2428  28  7  4 1 1 1
     2429  28  7  5 1 1 1
     2430  28  7  6 1 1 1
     2431  28  7  7 1 1 1
     2432  28  7  8 1 1 1
     2433  28  8  1 1 1 1
     2434  28  8  2 1 1 1
     2435  28  8  3 1 1 1
     2436  28  8  4 1 1 1
     2437  28  8  5 1 1 1
     2438  28  8  6 1 1 1
     2439  28  8  7 1 1 1
     2440  28  8  8 1 1 1
     2441  28  9  1 1 1 1
     2442  28  9  2 1 1 1
     2443  28  9  3 1 1 1
     2444  28  9  4 1 1 1
     2445  28  9  5 1 1 1
     2446  28  9  6 1 1 1
     2447  28  9  7 1 1 1
     2448  28  9  8 1 1 1
     2449  28  10  1 1 1 1
     2450  28  10  2 1 1 1
     2451  28  10  3 1 1 1
     2452  28  10  4 1 1 1
     2453  28  10  5 1 1 1
     2454  28  10  6 1 1 1
     2455  28  10  7 1 1 1
     2456  28  10  8 1 1 1
     2457  28  11  1 1 1 1
     2458  28  11  2 1 1 1
     2459  28  11  3 1 1 1
     2460  28  11  4 1 1 1
     2461  28  11  5 1 1 1
     2462  28  11  6 1 1 1
     2463  28  11  7 1 1 1
     2464  28  11  8 1 1 1
     2465  29  1  1 1 1 1
     2466  29  1  2 1 1 1
     2467  29  1  3 1 1 1
     2468  29  1  4 1 1 1
     2469  29  1  5 1 1 1
     2470  29  1  6 1 1 1
     2471  29  1  7 1 1 1
     2472  29  1  8 1 1 1
     2473  29  2  1 1 1 1
     2474  29  2  2 1 1 1
     2475  29  2  3 1 1 1
     2476  29  2  4 1 1 1
     2477  29  2  5 1 1 1
     2478  29  2  6 1 1 1
     2479  29  2  7 1 1 1
     2480  29  2  8 1 1 1
     2481  29  3  1 1 1 1
     2482  29  3  2 1 1 1
     2483  29  3  3 1 1 1
     2484  29  3  4 1 1 1
     2485  29  3  5 1 1 1
     2486  29  3  6 1 1 1
     2487  29  3  7 1 1 1
     2488  29  3  8 1 1 1
     2489  29  4  1 1 1 1
     2490  29  4  2 1 1 1
     2491  29  4  3 1 1 1
     2492  29  4  4 1 1 1
     2493  29  4  5 1 1 1
     2494  29  4  6 1 1 1
     2495  29  4  7 1 1 1
     2496  29  4  8 1 1 1
     2497  29  5  1 1 1 1
     2498  29  5  2 1 1 1
     2499  29  5  3 1 1 1
     2500  29  5  4 1 1 1
     2501  29  5  5 1 1 1
     2502  29  5  6 1 1 1
     2503  29  5  7 1 1 1
     2504  29  5  8 1 1 1
     2505  29  6  1 1 1 1
     2506  29  6  2 1 1 1
     2507  29  6  3 1 1 1
     2508  29  6  4 1 1 1
     2509  29  6  5 1 1 1
     2510  29  6  6 1 1 1
     2511  29  6  7 1 1 1
     2512  29  6  8 1 1 1
     2513  29  7  1 1 1 1
     2514  29  7  2 1 1 1
     2515  29  7  3 1 1 1
     2516  29  7  4 1 1 1
     2517  29  7  5 1 1 1
     2518  29  7  6 1 1 1
     2519  29  7  7 1 1 1
     2520  29  7  8 1 1 1
     2521  29  8  1 1 1 1
     2522  29  8  2 1 1 1
     2523  29  8  3 1 1 1
     2524  29  8  4 1 1 1
     2525  29  8  5 1 1 1
     2526  29  8  6 1 1 1
     2527  29  8  7 1 1 1
     2528  29  8  8 1 1 1
     2529  29  9  1 1 1 1
     2530  29  9  2 1 1 1
     2531  29  9  3 1 1 1
     2532  29  9  4 1 1 1
     2533  29  9  5 1 1 1
     2534  29  9  6 1 1 1
     2535  29  9  7 1 1 1
     2536  29  9  8 1 1 1
     2537  29  10  1 1 1 1
     2538  29  10  2 1 1 1
     2539  29  10  3 1 1 1
     2540  29  10  4 1 1 1
     2541  29  10  5 1 1 1
     2542  29  10  6 1 1 1
     2543  29  10  7 1 1 1
     2544  29  10  8 1 1 1
     2545  29  11  1 1 1 1
     2546  29  11  2 1 1 1
     2547  29  11  3 1 1 1
     2548  29  11  4 1 1 1
     2549  29  11  5 1 1 1
     2550  29  11  6 1 1 1
     2551  29  11  7 1 1 1
     2552  29  11  8 1 1 1