>GEOMETRY   rect_prism; AX,AY,AZ= 0.4800 0.4800 0.4800
     3024 = NAT 
  1.000000  0.000000  0.000000 = A_1 vector
  0.000000  1.000000  0.000000 = A_2 vector
  1.000000  1.000000  1.000000 = lattice spacings (d_x,d_y,d_z)/d
 -0.04020 -0.11500 -0.06580 = lattice offset x0(1-3) = (x_TF, y_TF, z_TF)/d for dipole 0 0 0
     JA  IX  IY  IZ ICOMP(x,y,z)
     1  1  1  1 1 1 1
     2  1  1  2 1 1 1
     3  1  1  3 1 1 1
     4  1  1  4 1 1 1
     5  1  1  5 1 1 1
     6  1  1  6 1 1 1
     7  1  1  7 1 1 1
     8  1  1  8 1 1 1
     9  1  1  9 1 1 1
     10  1  1  10 1 1 1
     11  1  1  11 1 1 1
     12  1  1  12 1 1 1
     13  1  1  13 1 1 1
     14  1  1  14 1 1 1
     29  1  2  1 1 1 1
     30  1  2  2 1 1 1
     31  1  2  3 1 1 1
     32  1  2  4 1 1 1
     33  1  2  5 1 1 1
     34  1  2  6 1 1 1
     35  1  2  7 1 1 1
     36  1  2  8 1 1 1
     37  1  2  9 1 1 1
     38  1  2  10 1 1 1
     39  1  2  11 1 1 1
     40  1  2  12 1 1 1
     41  1  2  13 1 1 1
     42  1  2  14 1 1 1
     43  1  3  1 1 1 1
     44  1  3  2 1 1 1
     45  1  3  3 1 1 1
     46  1  3  4 1 1 1
     47  1  3  5 1 1 1
     48  1  3  6 1 1 1
     49  1  3  7 1 1 1
     50  1  3  8 1 1 1
     51  1  3  9 1 1 1
     52  1  3  10 1 1 1
     53  1  3  11 1 1 1
     54  1  3  12 1 1 1
     55  1  3  13 1 1 1
     56  1  3  14 1 1 1
     57  1  4  1 1 1 1
     58  1  4  2 1 1 1
     59  1  4  3 1 1 1
     60  1  4  4 1 1 1
     61  1  4  5 1 1 1
     62  1  4  6 1 1 1
     63  1  4  7 1 1 1
     64  1  4  8 1 1 1
     65  1  4  9 1 1 1
     66  1  4  10 1 1 1
     67  1  4  11 1 1 1
     68  1  4  12 1 1 1
     69  1  4  13 1 1 1
     70  1  4  14 1 1 1
     71  1  5  1 1 1 1
     72  1  5  2 1 1 1
     73  1  5  3 1 1 1
     74  1  5  4 1 1 1
     75  1  5  5 1 1 1
     76  1  5  6 1 1 1
     77  1  5  7 1 1 1
     78  1  5  8 1 1 1
     79  1  5  9 1 1 1
     80  1  5  10 1 1 1
     81  1  5  11 1 1 1
     82  1  5  12 1 1 1
     83  1  5  13 1 1 1
     84  1  5  14 1 1 1
     85  1  6  1 1 1 1
     86  1  6  2 1 1 1
     87  1  6  3 1 1 1
     88  1  6  4 1 1 1
     89  1  6  5 1 1 1
     90  1  6  6 1 1 1
     91  1  6  7 1 1 1
     92  1  6  8 1 1 1
     93  1  6  9 1 1 1
     94  1  6  10 1 1 1
     95  1  6  11 1 1 1
     96  1  6  12 1 1 1
     97  1  6  13 1 1 1
     98  1  6  14 1 1 1
     99  1  7  1 1 1 1
     100  1  7  2 1 1 1
     101  1  7  3 1 1 1
     102  1  7  4 1 1 1
     103  1  7  5 1 1 1
     104  1  7  6 1 1 1
     105  1  7  7 1 1 1
     106  1  7  8 1 1 1
     107  1  7  9 1 1 1
     108  1  7  10 1 1 1
     109  1  7  11 1 1 1
     110  1  7  12 1 1 1
     111  1  7  13 1 1 1
     112  1  7  14 1 1 1
     113  1  8  1 1 1 1
     114  1  8  2 1 1 1
     115  1  8  3 1 1 1
     116  1  8  4 1 1 1
     117  1  8  5 1 1 1
     118  1  8  6 1 1 1
     119  1  8  7 1 1 1
     120  1  8  8 1 1 1
     121  1  8  9 1 1 1
     122  1  8  10 1 1 1
     123  1  8  11 1 1 1
     124  1  8  12 1 1 1
     125  1  8  13 1 1 1
     126  1  8  14 1 1 1
     127  1  9  1 1 1 1
     128  1  9  2 1 1 1
     129  1  9  3 1 1 1
     130  1  9  4 1 1 1
     131  1  9  5 1 1 1
     132  1  9  6 1 1 1
     133  1  9  7 1 1 1
     134  1  9  8 1 1 1
     135  1  9  9 1 1 1
     136  1  9  10 1 1 1
     137  1  9  11 1 1 1
     138  1  9  12 1 1 1
     139  1  9  13 1 1 1
     140  1  9  14 1 1 1
     141  1  10  1 1 1 1
     142  1  10  2 1 1 1
     143  1  10  3 1 1 1
     144  1  10  4 1 1 1
     145  1  10  5 1 1 1
     146  1  10  6 1 1 1
     147  1  10  7 1 1 1
     148  1  10  8 1 1 1
     149  1  10  9 1 1 1
     150  1  10  10 1 1 1
     151  1  10  11 1 1 1
     152  1  10  12 1 1 1
     153  1  10  13 1 1 1
     154  1  10  14 1 1 1
     155  1  11  1 1 1 1
     156  1  11  2 1 1 1
     157  1  11  3 1 1 1
     158  1  11  4 1 1 1
     159  1  11  5 1 1 1
     160  1  11  6 1 1 1
     161  1  11  7 1 1 1
     162  1  11  8 1 1 1
     163  1  11  9 1 1 1
     164  1  11  10 1 1 1
     165  1  11  11 1 1 1
     166  1  11  12 1 1 1
     167  1  11  13 1 1 1
     168  1  11  14 1 1 1
     169  1  12  1 1 1 1
     170  1  12  2 1 1 1
     171  1  12  3 1 1 1
     172  1  12  4 1 1 1
     173  1  12  5 1 1 1
     174  1  12  6 1 1 1
     175  1  12  7 1 1 1
     176  1  12  8 1 1 1
     177  1  12  9 1 1 1
     178  1  12  10 1 1 1
     179  1  12  11 1 1 1
     180  1  12  12 1 1 1
     181  1  12  13 1 1 1
     182  1  12  14 1 1 1
     183  1  13  1 1 1 1
     184  1  13  2 1 1 1
     185  1  13  3 1 1 1
     186  1  13  4 1 1 1
     187  1  13  5 1 1 1
     188  1  13  6 1 1 1
     189  1  13  7 1 1 1
     190  1  13  8 1 1 1
     191  1  13  9 1 1 1
     192  1  13  10 1 1 1
     193  1  13  11 1 1 1
     194  1  13  12 1 1 1
     195  1  13  13 1 1 1
     196  1  13  14 1 1 1
     197  1  14  1 1 1 1
     198  1  14  2 1 1 1
     199  1  14  3 1 1 1
     200  1  14  4 1 1 1
     201  1  14  5 1 1 1
     202  1  14  6 1 1 1
     203  1  14  7 1 1 1
     204  1  14  8 1 1 1
     205  1  14  9 1 1 1
     206  1  14  10 1 1 1
     207  1  14  11 1 1 1
     208  1  14  12 1 1 1
     209  1  14  13 1 1 1
     210  1  14  14 1 1 1
     211  1  15  1 1 1 1
     212  1  15  2 1 1 1
     213  1  15  3 1 1 1
     214  1  15  4 1 1 1
     215  1  15  5 1 1 1
     216  1  15  6 1 1 1
     217  1  15  7 1 1 1
     218  1  15  8 1 1 1
     219  1  15  9 1 1 1
     220  1  15  10 1 1 1
     221  1  15  11 1 1 1
     222  1  15  12 1 1 1
     223  1  15  13 1 1 1
     224  1  15  14 1 1 1
     225  1  16  1 1 1 1
     226  1  16  2 1 1 1
     227  1  16  3 1 1 1
     228  1  16  4 1 1 1
     229  1  16  5 1 1 1
     230  1  16  6 1 1 1
     231  1  16  7 1 1 1
     232  1  16  8 1 1 1
     233  1  16  9 1 1 1
     234  1  16  10 1 1 1
     235  1  16  11 1 1 1
     236  1  16  12 1 1 1
     237  1  16  13 1 1 1
     238  1  16  14 1 1 1
     239  1  17  1 1 1 1
     240  1  17  2 1 1 1
     241  1  17  3 1 1 1
     242  1  17  4 1 1 1
     243  1  17  5 1 1 1
     244  1  17  6 1 1 1
     245  1  17  7 1 1 1
     246  1  17  8 1 1 1
     247  1  17  9 1 1 1
     248  1  17  10 1 1 1
     249  1  17  11 1 1 1
     250  1  17  12 1 1 1
     251  1  17  13 1 1 1
     252  1  17  14 1 1 1
     253  1  18  1 1 1 1
     254  1  18  2 1 1 1
     255  1  18  3 1 1 1
     256  1  18  4 1 1 1
     257  1  18  5 1 1 1
     258  1  18  6 1 1 1
     259  1  18  7 1 1 1
     260  1  18  8 1 1 1
     261  1  18  9 1 1 1
     262  1  18  10 1 1 1
     263  1  18  11 1 1 1
     264  1  18  12 1 1 1
     265  1  18  13 1 1 1
     266  1  18  14 1 1 1
     267  1  19  1 1 1 1
     268  1  19  2 1 1 1
     269  1  19  3 1 1 1
     270  1  19  4 1 1 1
     271  1  19  5 1 1 1
     272  1  19  6 1 1 1
     273  1  19  7 1 1 1
     274  1  19  8 1 1 1
     275  1  19  9 1 1 1
     276  1  19  10 1 1 1
     277  1  19  11 1 1 1
     278  1  19  12 1 1 1
     279  1  19  13 1 1 1
     280  1  19  14 1 1 1
     281  1  20  1 1 1 1
     282  1  20  2 1 1 1
     283  1  20  3 1 1 1
     284  1  20  4 1 1 1
     285  1  20  5 1 1 1
     286  1  20  6 1 1 1
     287  1  20  7 1 1 1
     288  1  20  8 1 1 1
     289  1  20  9 1 1 1
     290  1  20  10 1 1 1
     291  1  20  11 1 1 1
     292  1  20  12 1 1 1
     293  1  20  13 1 1 1
     294  1  20  14 1 1 1
     295  1  21  1 1 1 1
     296  1  21  2 1 1 1
     297  1  21  3 1 1 1
     298  1  21  4 1 1 1
     299  1  21  5 1 1 1
     300  1  21  6 1 1 1
     301  1  21  7 1 1 1
     302  1  21  8 1 1 1
     303  1  21  9 1 1 1
     304  1  21  10 1 1 1
     305  1  21  11 1 1 1
     306  1  21  12 1 1 1
     307  1  21  13 1 1 1
     308  1  21  14 1 1 1
     309  1  22  1 1 1 1
     310  1  22  2 1 1 1
     311  1  22  3 1 1 1
     312  1  22  4 1 1 1
     313  1  22  5 1 1 1
     314  1  22  6 1 1 1
     315  1  22  7 1 1 1
     316  1  22  8 1 1 1
     317  1  22  9 1 1 1
     318  1  22  10 1 1 1
     319  1  22  11 1 1 1
     320  1  22  12 1 1 1
     321  1  22  13 1 1 1
     322  1  22  14 1 1 1
     323  1  23  1 1 1 1
     324  1  23  2 1 1 1
     325  1  23  3 1 1 1
     326  1  23  4 1 1 1
     327  1  23  5 1 1 1
     328  1  23  6 1 1 1
     329  1  23  7 1 1 1
     330  1  23  8 1 1 1
     331  1  23  9 1 1 1
     332  1  23  10 1 1 1
     333  1  23  11 1 1 1
     334  1  23  12 1 1 1
     335  1  23  13 1 1 1
     336  1  23  14 1 1 1
     337  2  1  1 1 1 1
     338  2  1  2 1 1 1
     339  2  1  3 1 1 1
     340  2  1  4 1 1 1
     341  2  1  5 1 1 1
     342  2  1  6 1 1 1
     343  2  1  7 1 1 1
     344  2  1  8 1 1 1
     345  2  1  9 1 1 1
     346  2  1  10 1 1 1
     347  2  1  11 1 1 1
     348  2  1  12 1 1 1
     349  2  1  13 1 1 1
     350  2  1  14 1 1 1
     365  2  2  1 1 1 1
     366  2  2  2 1 1 1
     367  2  2  3 1 1 1
     368  2  2  4 1 1 1
     369  2  2  5 1 1 1
     370  2  2  6 1 1 1
     371  2  2  7 1 1 1
     372  2  2  8 1 1 1
     373  2  2  9 1 1 1
     374  2  2  10 1 1 1
     375  2  2  11 1 1 1
     376  2  2  12 1 1 1
     377  2  2  13 1 1 1
     378  2  2  14 1 1 1
     379  2  3  1 1 1 1
     380  2  3  2 1 1 1
     381  2  3  3 1 1 1
     382  2  3  4 1 1 1
     383  2  3  5 1 1 1
     384  2  3  6 1 1 1
     385  2  3  7 1 1 1
     386  2  3  8 1 1 1
     387  2  3  9 1 1 1
     388  2  3  10 1 1 1
     389  2  3  11 1 1 1
     390  2  3  12 1 1 1
     391  2  3  13 1 1 1
     392  2  3  14 1 1 1
     393  2  4  1 1 1 1
     394  2  4  2 1 1 1
     395  2  4  3 1 1 1
     396  2  4  4 1 1 1
     397  2  4  5 1 1 1
     398  2  4  6 1 1 1
     399  2  4  7 1 1 1
     400  2  4  8 1 1 1
     401  2  4  9 1 1 1
     402  2  4  10 1 1 1
     403  2  4  11 1 1 1
     404  2  4  12 1 1 1
     405  2  4  13 1 1 1
     406  2  4  14 1 1 1
     407  2  5  1 1 1 1
     408  2  5  2 1 1 1
     409  2  5  3 1 1 1
     410  2  5  4 1 1 1
     411  2  5  5 1 1 1
     412  2  5  6 1 1 1
     413  2  5  7 1 1 1
     414  2  5  8 1 1 1
     415  2  5  9 1 1 1
     416  2  5  10 1 1 1
     417  2  5  11 1 1 1
     418  2  5  12 1 1 1
     419  2  5  13 1 1 1
     420  2  5  14 1 1 1
     421  2  6  1 1 1 1
     422  2  6  2 1 1 1
     423  2  6  3 1 1 1
     424  2  6  4 1 1 1
     425  2  6  5 1 1 1
     426  2  6  6 1 1 1
     427  2  6  7 1 1 1
     428  2  6  8 1 1 1
     429  2  6  9 1 1 1
     430  2  6  10 1 1 1
     431  2  6  11 1 1 1
     432  2  6  12 1 1 1
     433  2  6  13 1 1 1
     434  2  6  14 1 1 1
     435  2  7  1 1 1 1
     436  2  7  2 1 1 1
     437  2  7  3 1 1 1
     438  2  7  4 1 1 1
     439  2  7  5 1 1 1
     440  2  7  6 1 1 1
     441  2  7  7 1 1 1
     442  2  7  8 1 1 1
     443  2  7  9 1 1 1
     444  2  7  10 1 1 1
     445  2  7  11 1 1 1
     446  2  7  12 1 1 1
     447  2  7  13 1 1 1
     448  2  7  14 1 1 1
     449  2  8  1 1 1 1
     450  2  8  2 1 1 1
     451  2  8  3 1 1 1
     452  2  8  4 1 1 1
     453  2  8  5 1 1 1
     454  2  8  6 1 1 1
     455  2  8  7 1 1 1
     456  2  8  8 1 1 1
     457  2  8  9 1 1 1
     458  2  8  10 1 1 1
     459  2  8  11 1 1 1
     460  2  8  12 1 1 1
     461  2  8  13 1 1 1
     462  2  8  14 1 1 1
     463  2  9  1 1 1 1
     464  2  9  2 1 1 1
     465  2  9  3 1 1 1
     466  2  9  4 1 1 1
     467  2  9  5 1 1 1
     468  2  9  6 1 1 1
     469  2  9  7 1 1 1
     470  2  9  8 1 1 1
     471  2  9  9 1 1 1
     472  2  9  10 1 1 1
     473  2  9  11 1 1 1
     474  2  9  12 1 1 1
     475  2  9  13 1 1 1
     476  2  9  14 1 1 1
     477  2  10  1 1 1 1
     478  2  10  2 1 1 1
     479  2  10  3 1 1 1
     480  2  10  4 1 1 1
     481  2  10  5 1 1 1
     482  2  10  6 1 1 1
     483  2  10  7 1 1 1
     484  2  10  8 1 1 1
     485  2  10  9 1 1 1
     486  2  10  10 1 1 1
     487  2  10  11 1 1 1
     488  2  10  12 1 1 1
     489  2  10  13 1 1 1
     490  2  10  14 1 1 1
     491  2  11  1 1 1 1
     492  2  11  2 1 1 1
     493  2  11  3 1 1 1
     494  2  11  4 1 1 1
     495  2  11  5 1 1 1
     496  2  11  6 1 1 1
     497  2  11  7 1 1 1
     498  2  11  8 1 1 1
     499  2  11  9 1 1 1
     500  2  11  10 1 1 1
     501  2  11  11 1 1 1
     502  2  11  12 1 1 1
     503  2  11  13 1 1 1
     504  2  11  14 1 1 1
     505  2  12  1 1 1 1
     506  2  12  2 1 1 1
     507  2  12  3 1 1 1
     508  2  12  4 1 1 1
     509  2  12  5 1 1 1
     510  2  12  6 1 1 1
     511  2  12  7 1 1 1
     512  2  12  8 1 1 1
     513  2  12  9 1 1 1
     514  2  12  10 1 1 1
     515  2  12  11 1 1 1
     516  2  12  12 1 1 1
     517  2  12  13 1 1 1
     518  2  12  14 1 1 1
     519  2  13  1 1 1 1
     520  2  13  2 1 1 1
     521  2  13  3 1 1 1
     522  2  13  4 1 1 1
     523  2  13  5 1 1 1
     524  2  13  6 1 1 1
     525  2  13  7 1 1 1
     526  2  13  8 1 1 1
     527  2  13  9 1 1 1
     528  2  13  10 1 1 1
     529  2  13  11 1 1 1
     530  2  13  12 1 1 1
     531  2  13  13 1 1 1
     532  2  13  14 1 1 1
     533  2  14  1 1 1 1
     534  2  14  2 1 1 1
     535  2  14  3 1 1 1
     536  2  14  4 1 1 1
     537  2  14  5 1 1 1
     538  2  14  6 1 1 1
     539  2  14  7 1 1 1
     540  2  14  8 1 1 1
     541  2  14  9 1 1 1
     542  2  14  10 1 1 1
     543  2  14  11 1 1 1
     544  2  14  12 1 1 1
     545  2  14  13 1 1 1
     546  2  14  14 1 1 1
     547  2  15  1 1 1 1
     548  2  15  2 1 1 1
     549  2  15  3 1 1 1
     550  2  15  4 1 1 1
     551  2  15  5 1 1 1
     552  2  15  6 1 1 1
     553  2  15  7 1 1 1
     554  2  15  8 1 1 1
     555  2  15  9 1 1 1
     556  2  15  10 1 1 1
     557  2  15  11 1 1 1
     558  2  15  12 1 1 1
     559  2  15  13 1 1 1
     560  2  15  14 1 1 1
     561  2  16  1 1 1 1
     562  2  16  2 1 1 1
     563  2  16  3 1 1 1
     564  2  16  4 1 1 1
     565  2  16  5 1 1 1
     566  2  16  6 1 1 1
     567  2  16  7 1 1 1
     568  2  16  8 1 1 1
     569  2  16  9 1 1 1
     570  2  16  10 1 1 1
     571  2  16  11 1 1 1
     572  2  16  12 1 1 1
     573  2  16  13 1 1 1
     574  2  16  14 1 1 1
     575  2  17  1 1 1 1
     576  2  17  2 1 1 1
     577  2  17  3 1 1 1
     578  2  17  4 1 1 1
     579  2  17  5 1 1 1
     580  2  17  6 1 1 1
     581  2  17  7 1 1 1
     582  2  17  8 1 1 1
     583  2  17  9 1 1 1
     584  2  17  10 1 1 1
     585  2  17  11 1 1 1
     586  2  17  12 1 1 1
     587  2  17  13 1 1 1
     588  2  17  14 1 1 1
     589  2  18  1 1 1 1
     590  2  18  2 1 1 1
     591  2  18  3 1 1 1
     592  2  18  4 1 1 1
     593  2  18  5 1 1 1
     594  2  18  6 1 1 1
     595  2  18  7 1 1 1
     596  2  18  8 1 1 1
     597  2  18  9 1 1 1
     598  2  18  10 1 1 1
     599  2  18  11 1 1 1
     600  2  18  12 1 1 1
     601  2  18  13 1 1 1
     602  2  18  14 1 1 1
     603  2  19  1 1 1 1
     604  2  19  2 1 1 1
     605  2  19  3 1 1 1
     606  2  19  4 1 1 1
     607  2  19  5 1 1 1
     608  2  19  6 1 1 1
     609  2  19  7 1 1 1
     610  2  19  8 1 1 1
     611  2  19  9 1 1 1
     612  2  19  10 1 1 1
     613  2  19  11 1 1 1
     614  2  19  12 1 1 1
     615  2  19  13 1 1 1
     616  2  19  14 1 1 1
     617  2  20  1 1 1 1
     618  2  20  2 1 1 1
     619  2  20  3 1 1 1
     620  2  20  4 1 1 1
     621  2  20  5 1 1 1
     622  2  20  6 1 1 1
     623  2  20  7 1 1 1
     624  2  20  8 1 1 1
     625  2  20  9 1 1 1
     626  2  20  10 1 1 1
     627  2  20  11 1 1 1
     628  2  20  12 1 1 1
     629  2  20  13 1 1 1
     630  2  20  14 1 1 1
     631  2  21  1 1 1 1
     632  2  21  2 1 1 1
     633  2  21  3 1 1 1
     634  2  21  4 1 1 1
     635  2  21  5 1 1 1
     636  2  21  6 1 1 1
     637  2  21  7 1 1 1
     638  2  21  8 1 1 1
     639  2  21  9 1 1 1
     640  2  21  10 1 1 1
     641  2  21  11 1 1 1
     642  2  21  12 1 1 1
     643  2  21  13 1 1 1
     644  2  21  14 1 1 1
     645  2  22  1 1 1 1
     646  2  22  2 1 1 1
     647  2  22  3 1 1 1
     648  2  22  4 1 1 1
     649  2  22  5 1 1 1
     650  2  22  6 1 1 1
     651  2  22  7 1 1 1
     652  2  22  8 1 1 1
     653  2  22  9 1 1 1
     654  2  22  10 1 1 1
     655  2  22  11 1 1 1
     656  2  22  12 1 1 1
     657  2  22  13 1 1 1
     658  2  22  14 1 1 1
     659  2  23  1 1 1 1
     660  2  23  2 1 1 1
     661  2  23  3 1 1 1
     662  2  23  4 1 1 1
     663  2  23  5 1 1 1
     664  2  23  6 1 1 1
     665  2  23  7 1 1 1
     666  2  23  8 1 1 1
     667  2  23  9 1 1 1
     668  2  23  10 1 1 1
     669  2  23  11 1 1 1
     670  2  23  12 1 1 1
     671  2  23  13 1 1 1
     672  2  23  14 1 1 1
     673  3  1  1 1 1 1
     674  3  1  2 1 1 1
     675  3  1  3 1 1 1
     676  3  1  4 1 1 1
     677  3  1  5 1 1 1
     678  3  1  6 1 1 1
     679  3  1  7 1 1 1
     680  3  1  8 1 1 1
     681  3  1  9 1 1 1
     682  3  1  10 1 1 1
     683  3  1  11 1 1 1
     684  3  1  12 1 1 1
     685  3  1  13 1 1 1
     686  3  1  14 1 1 1
     701  3  2  1 1 1 1
     702  3  2  2 1 1 1
     703  3  2  3 1 1 1
     704  3  2  4 1 1 1
     705  3  2  5 1 1 1
     706  3  2  6 1 1 1
     707  3  2  7 1 1 1
     708  3  2  8 1 1 1
     709  3  2  9 1 1 1
     710  3  2  10 1 1 1
     711  3  2  11 1 1 1
     712  3  2  12 1 1 1
     713  3  2  13 1 1 1
     714  3  2  14 1 1 1
     715  3  3  1 1 1 1
     716  3  3  2 1 1 1
     717  3  3  3 1 1 1
     718  3  3  4 1 1 1
     719  3  3  5 1 1 1
     720  3  3  6 1 1 1
     721  3  3  7 1 1 1
     722  3  3  8 1 1 1
     723  3  3  9 1 1 1
     724  3  3  10 1 1 1
     725  3  3  11 1 1 1
     726  3  3  12 1 1 1
     727  3  3  13 1 1 1
     728  3  3  14 1 1 1
     729  3  4  1 1 1 1
     730  3  4  2 1 1 1
     731  3  4  3 1 1 1
     732  3  4  4 1 1 1
     733  3  4  5 1 1 1
     734  3  4  6 1 1 1
     735  3  4  7 1 1 1
     736  3  4  8 1 1 1
     737  3  4  9 1 1 1
     738  3  4  10 1 1 1
     739  3  4  11 1 1 1
     740  3  4  12 1 1 1
     741  3  4  13 1 1 1
     742  3  4  14 1 1 1
     743  3  5  1 1 1 1
     744  3  5  2 1 1 1
     745  3  5  3 1 1 1
     746  3  5  4 1 1 1
     747  3  5  5 1 1 1
     748  3  5  6 1 1 1
     749  3  5  7 1 1 1
     750  3  5  8 1 1 1
     751  3  5  9 1 1 1
     752  3  5  10 1 1 1
     753  3  5  11 1 1 1
     754  3  5  12 1 1 1
     755  3  5  13 1 1 1
     756  3  5  14 1 1 1
     757  3  6  1 1 1 1
     758  3  6  2 1 1 1
     759  3  6  3 1 1 1
     760  3  6  4 1 1 1
     761  3  6  5 1 1 1
     762  3  6  6 1 1 1
     763  3  6  7 1 1 1
     764  3  6  8 1 1 1
     765  3  6  9 1 1 1
     766  3  6  10 1 1 1
     767  3  6  11 1 1 1
     768  3  6  12 1 1 1
     769  3  6  13 1 1 1
     770  3  6  14 1 1 1
     771  3  7  1 1 1 1
     772  3  7  2 1 1 1
     773  3  7  3 1 1 1
     774  3  7  4 1 1 1
     775  3  7  5 1 1 1
     776  3  7  6 1 1 1
     777  3  7  7 1 1 1
     778  3  7  8 1 1 1
     779  3  7  9 1 1 1
     780  3  7  10 1 1 1
     781  3  7  11 1 1 1
     782  3  7  12 1 1 1
     783  3  7  13 1 1 1
     784  3  7  14 1 1 1
     785  3  8  1 1 1 1
     786  3  8  2 1 1 1
     787  3  8  3 1 1 1
     788  3  8  4 1 1 1
     789  3  8  5 1 1 1
     790  3  8  6 1 1 1
     791  3  8  7 1 1 1
     792  3  8  8 1 1 1
     793  3  8  9 1 1 1
     794  3  8  10 1 1 1
     795  3  8  11 1 1 1
     796  3  8  12 1 1 1
     797  3  8  13 1 1 1
     798  3  8  14 1 1 1
     799  3  9  1 1 1 1
     800  3  9  2 1 1 1
     801  3  9  3 1 1 1
     802  3  9  4 1 1 1
     803  3  9  5 1 1 1
     804  3  9  6 1 1 1
     805  3  9  7 1 1 1
     806  3  9  8 1 1 1
     807  3  9  9 1 1 1
     808  3  9  10 1 1 1
     809  3  9  11 1 1 1
     810  3  9  12 1 1 1
     811  3  9  13 1 1 1
     812  3  9  14 1 1 1
     813  3  10  1 1 1 1
     814  3  10  2 1 1 1
     815  3  10  3 1 1 1
     816  3  10  4 1 1 1
     817  3  10  5 1 1 1
     818  3  10  6 1 1 1
     819  3  10  7 1 1 1
     820  3  10  8 1 1 1
     821  3  10  9 1 1 1
     822  3  10  10 1 1 1
     823  3  10  11 1 1 1
     824  3  10  12 1 1 1
     825  3  10  13 1 1 1
     826  3  10  14 1 1 1
     827  3  11  1 1 1 1
     828  3  11  2 1 1 1
     829  3  11  3 1 1 1
     830  3  11  4 1 1 1
     831  3  11  5 1 1 1
     832  3  11  6 1 1 1
     833  3  11  7 1 1 1
     834  3  11  8 1 1 1
     835  3  11  9 1 1 1
     836  3  11  10 1 1 1
     837  3  11  11 1 1 1
     838  3  11  12 1 1 1
     839  3  11  13 1 1 1
     840  3  11  14 1 1 1
     841  3  12  1 1 1 1
     842  3  12  2 1 1 1
     843  3  12  3 1 1 1
     844  3  12  4 1 1 1
     845  3  12  5 1 1 1
     846  3  12  6 1 1 1
     847  3  12  7 1 1 1
     848  3  12  8 1 1 1
     849  3  12  9 1 1 1
     850  3  12  10 1 1 1
     851  3  12  11 1 1 1
     852  3  12  12 1 1 1
     853  3  12  13 1 1 1
     854  3  12  14 1 1 1
     855  3  13  1 1 1 1
     856  3  13  2 1 1 1
     857  3  13  3 1 1 1
     858  3  13  4 1 1 1
     859  3  13  5 1 1 1
     860  3  13  6 1 1 1
     861  3  13  7 1 1 1
     862  3  13  8 1 1 1
     863  3  13  9 1 1 1
     864  3  13  10 1 1 1
     865  3  13  11 1 1 1
     866  3  13  12 1 1 1
     867  3  13  13 1 1 1
     868  3  13  14 1 1 1
     869  3  14  1 1 1 1
     870  3  14  2 1 1 1
     871  3  14  3 1 1 1
     872  3  14  4 1 1 1
     873  3  14  5 1 1 1
     874  3  14  6 1 1 1
     875  3  14  7 1 1 1
     876  3  14  8 1 1 1
     877  3  14  9 1 1 1
     878  3  14  10 1 1 1
     879  3  14  11 1 1 1
     880  3  14  12 1 1 1
     881  3  14  13 1 1 1
     882  3  14  14 1 1 1
     883  3  15  1 1 1 1
     884  3  15  2 1 1 1
     885  3  15  3 1 1 1
     886  3  15  4 1 1 1
     887  3  15  5 1 1 1
     888  3  15  6 1 1 1
     889  3  15  7 1 1 1
     890  3  15  8 1 1 1
     891  3  15  9 1 1 1
     892  3  15  10 1 1 1
     893  3  15  11 1 1 1
     894  3  15  12 1 1 1
     895  3  15  13 1 1 1
     896  3  15  14 1 1 1
     897  3  16  1 1 1 1
     898  3  16  2 1 1 1
     899  3  16  3 1 1 1
     900  3  16  4 1 1 1
     901  3  16  5 1 1 1
     902  3  16  6 1 1 1
     903  3  16  7 1 1 1
     904  3  16  8 1 1 1
     905  3  16  9 1 1 1
     906  3  16  10 1 1 1
     907  3  16  11 1 1 1
     908  3  16  12 1 1 1
     909  3  16  13 1 1 1
     910  3  16  14 1 1 1
     911  3  17  1 1 1 1
     912  3  17  2 1 1 1
     913  3  17  3 1 1 1
     914  3  17  4 1 1 1
     915  3  17  5 1 1 1
     916  3  17  6 1 1 1
     917  3  17  7 1 1 1
     918  3  17  8 1 1 1
     919  3  17  9 1 1 1
     920  3  17  10 1 1 1
     921  3  17  11 1 1 1
     922  3  17  12 1 1 1
     923  3  17  13 1 1 1
     924  3  17  14 1 1 1
     925  3  18  1 1 1 1
     926  3  18  2 1 1 1
     927  3  18  3 1 1 1
     928  3  18  4 1 1 1
     929  3  18  5 1 1 1
     930  3  18  6 1 1 1
     931  3  18  7 1 1 1
     932  3  18  8 1 1 1
     933  3  18  9 1 1 1
     934  3  18  10 1 1 1
     935  3  18  11 1 1 1
     936  3  18  12 1 1 1
     937  3  18  13 1 1 1
     938  3  18  14 1 1 1
     939  3  19  1 1 1 1
     940  3  19  2 1 1 1
     941  3  19  3 1 1 1
     942  3  19  4 1 1 1
     943  3  19  5 1 1 1
     944  3  19  6 1 1 1
     945  3  19  7 1 1 1
     946  3  19  8 1 1 1
     947  3  19  9 1 1 1
     948  3  19  10 1 1 1
     949  3  19  11 1 1 1
     950  3  19  12 1 1 1
     951  3  19  13 1 1 1
     952  3  19  14 1 1 1
     953  3  20  1 1 1 1
     954  3  20  2 1 1 1
     955  3  20  3 1 1 1
     956  3  20  4 1 1 1
     957  3  20  5 1 1 1
     958  3  20  6 1 1 1
     959  3  20  7 1 1 1
     960  3  20  8 1 1 1
     961  3  20  9 1 1 1
     962  3  20  10 1 1 1
     963  3  20  11 1 1 1
     964  3  20  12 1 1 1
     965  3  20  13 1 1 1
     966  3  20  14 1 1 1
     967  3  21  1 1 1 1
     968  3  21  2 1 1 1
     969  3  21  3 1 1 1
     970  3  21  4 1 1 1
     971  3  21  5 1 1 1
     972  3  21  6 1 1 1
     973  3  21  7 1 1 1
     974  3  21  8 1 1 1
     975  3  21  9 1 1 1
     976  3  21  10 1 1 1
     977  3  21  11 1 1 1
     978  3  21  12 1 1 1
     979  3  21  13 1 1 1
     980  3  21  14 1 1 1
     981  3  22  1 1 1 1
     982  3  22  2 1 1 1
     983  3  22  3 1 1 1
     984  3  22  4 1 1 1
     985  3  22  5 1 1 1
     986  3  22  6 1 1 1
     987  3  22  7 1 1 1
     988  3  22  8 1 1 1
     989  3  22  9 1 1 1
     990  3  22  10 1 1 1
     991  3  22  11 1 1 1
     992  3  22  12 1 1 1
     993  3  22  13 1 1 1
     994  3  22  14 1 1 1
     995  3  23  1 1 1 1
     996  3  23  2 1 1 1
     997  3  23  3 1 1 1
     998  3  23  4 1 1 1
     999  3  23  5 1 1 1
     1000  3  23  6 1 1 1
     1001  3  23  7 1 1 1
     1002  3  23  8 1 1 1
     1003  3  23  9 1 1 1
     1004  3  23  10 1 1 1
     1005  3  23  11 1 1 1
     1006  3  23  12 1 1 1
     1007  3  23  13 1 1 1
     1008  3  23  14 1 1 1
     1009  4  1  1 1 1 1
     1010  4  1  2 1 1 1
     1011  4  1  3 1 1 1
     1012  4  1  4 1 1 1
     1013  4  1  5 1 1 1
     1014  4  1  6 1 1 1
     1015  4  1  7 1 1 1
     1016  4  1  8 1 1 1
     1017  4  1  9 1 1 1
     1018  4  1  10 1 1 1
     1019  4  1  11 1 1 1
     1020  4  1  12 1 1 1
     1021  4  1  13 1 1 1
     1022  4  1  14 1 1 1
     1037  4  2  1 1 1 1
     1038  4  2  2 1 1 1
     1039  4  2  3 1 1 1
     1040  4  2  4 1 1 1
     1041  4  2  5 1 1 1
     1042  4  2  6 1 1 1
     1043  4  2  7 1 1 1
     1044  4  2  8 1 1 1
     1045  4  2  9 1 1 1
     1046  4  2  10 1 1 1
     1047  4  2  11 1 1 1
     1048  4  2  12 1 1 1
     1049  4  2  13 1 1 1
     1050  4  2  14 1 1 1
     1051  4  3  1 1 1 1
     1052  4  3  2 1 1 1
     1053  4  3  3 1 1 1
     1054  4  3  4 1 1 1
     1055  4  3  5 1 1 1
     1056  4  3  6 1 1 1
     1057  4  3  7 1 1 1
     1058  4  3  8 1 1 1
     1059  4  3  9 1 1 1
     1060  4  3  10 1 1 1
     1061  4  3  11 1 1 1
     1062  4  3  12 1 1 1
     1063  4  3  13 1 1 1
     1064  4  3  14 1 1 1
     1065  4  4  1 1 1 1
     1066  4  4  2 1 1 1
     1067  4  4  3 1 1 1
     1068  4  4  4 1 1 1
     1069  4  4  5 1 1 1
     1070  4  4  6 1 1 1
     1071  4  4  7 1 1 1
     1072  4  4  8 1 1 1
     1073  4  4  9 1 1 1
     1074  4  4  10 1 1 1
     1075  4  4  11 1 1 1
     1076  4  4  12 1 1 1
     1077  4  4  13 1 1 1
     1078  4  4  14 1 1 1
     1079  4  5  1 1 1 1
     1080  4  5  2 1 1 1
     1081  4  5  3 1 1 1
     1082  4  5  4 1 1 1
     1083  4  5  5 1 1 1
     1084  4  5  6 1 1 1
     1085  4  5  7 1 1 1
     1086  4  5  8 1 1 1
     1087  4  5  9 1 1 1
     1088  4  5  10 1 1 1
     1089  4  5  11 1 1 1
     1090  4  5  12 1 1 1
     1091  4  5  13 1 1 1
     1092  4  5  14 1 1 1
     1093  4  6  1 1 1 1
     1094  4  6  2 1 1 1
     1095  4  6  3 1 1 1
     1096  4  6  4 1 1 1
     1097  4  6  5 1 1 1
     1098  4  6  6 1 1 1
     1099  4  6  7 1 1 1
     1100  4  6  8 1 1 1
     1101  4  6  9 1 1 1
     1102  4  6  10 1 1 1
     1103  4  6  11 1 1 1
     1104  4  6  12 1 1 1
     1105  4  6  13 1 1 1
     1106  4  6  14 1 1 1
     1107  4  7  1 1 1 1
     1108  4  7  2 1 1 1
     1109  4  7  3 1 1 1
     1110  4  7  4 1 1 1
     1111  4  7  5 1 1 1
     1112  4  7  6 1 1 1
     1113  4  7  7 1 1 1
     1114  4  7  8 1 1 1
     1115  4  7  9 1 1 1
     1116  4  7  10 1 1 1
     1117  4  7  11 1 1 1
     1118  4  7  12 1 1 1
     1119  4  7  13 1 1 1
     1120  4  7  14 1 1 1
     1121  4  8  1 1 1 1
     1122  4  8  2 1 1 1
     1123  4  8  3 1 1 1
     1124  4  8  4 1 1 1
     1125  4  8  5 1 1 1
     1126  4  8  6 1 1 1
     1127  4  8  7 1 1 1
     1128  4  8  8 1 1 1
     1129  4  8  9 1 1 1
     1130  4  8  10 1 1 1
     1131  4  8  11 1 1 1
     1132  4  8  12 1 1 1
     1133  4  8  13 1 1 1
     1134  4  8  14 1 1 1
     1135  4  9  1 1 1 1
     1136  4  9  2 1 1 1
     1137  4  9  3 1 1 1
     1138  4  9  4 1 1 1
     1139  4  9  5 1 1 1
     1140  4  9  6 1 1 1
     1141  4  9  7 1 1 1
     1142  4  9  8 1 1 1
     1143  4  9  9 1 1 1
     1144  4  9  10 1 1 1
     1145  4  9  11 1 1 1
     1146  4  9  12 1 1 1
     1147  4  9  13 1 1 1
     1148  4  9  14 1 1 1
     1149  4  10  1 1 1 1
     1150  4  10  2 1 1 1
     1151  4  10  3 1 1 1
     1152  4  10  4 1 1 1
     1153  4  10  5 1 1 1
     1154  4  10  6 1 1 1
     1155  4  10  7 1 1 1
     1156  4  10  8 1 1 1
     1157  4  10  9 1 1 1
     1158  4  10  10 1 1 1
     1159  4  10  11 1 1 1
     1160  4  10  12 1 1 1
     1161  4  10  13 1 1 1
     1162  4  10  14 1 1 1
     1163  4  11  1 1 1 1
     1164  4  11  2 1 1 1
     1165  4  11  3 1 1 1
     1166  4  11  4 1 1 1
     1167  4  11  5 1 1 1
     1168  4  11  6 1 1 1
     1169  4  11  7 1 1 1
     1170  4  11  8 1 1 1
     1171  4  11  9 1 1 1
     1172  4  11  10 1 1 1
     1173  4  11  11 1 1 1
     1174  4  11  12 1 1 1
     1175  4  11  13 1 1 1
     1176  4  11  14 1 1 1
     1177  4  12  1 1 1 1
     1178  4  12  2 1 1 1
     1179  4  12  3 1 1 1
     1180  4  12  4 1 1 1
     1181  4  12  5 1 1 1
     1182  4  12  6 1 1 1
     1183  4  12  7 1 1 1
     1184  4  12  8 1 1 1
     1185  4  12  9 1 1 1
     1186  4  12  10 1 1 1
     1187  4  12  11 1 1 1
     1188  4  12  12 1 1 1
     1189  4  12  13 1 1 1
     1190  4  12  14 1 1 1
     1191  4  13  1 1 1 1
     1192  4  13  2 1 1 1
     1193  4  13  3 1 1 1
     1194  4  13  4 1 1 1
     1195  4  13  5 1 1 1
     1196  4  13  6 1 1 1
     1197  4  13  7 1 1 1
     1198  4  13  8 1 1 1
     1199  4  13  9 1 1 1
     1200  4  13  10 1 1 1
     1201  4  13  11 1 1 1
     1202  4  13  12 1 1 1
     1203  4  13  13 1 1 1
     1204  4  13  14 1 1 1
     1205  4  14  1 1 1 1
     1206  4  14  2 1 1 1
     1207  4  14  3 1 1 1
     1208  4  14  4 1 1 1
     1209  4  14  5 1 1 1
     1210  4  14  6 1 1 1
     1211  4  14  7 1 1 1
     1212  4  14  8 1 1 1
     1213  4  14  9 1 1 1
     1214  4  14  10 1 1 1
     1215  4  14  11 1 1 1
     1216  4  14  12 1 1 1
     1217  4  14  13 1 1 1
     1218  4  14  14 1 1 1
     1219  4  15  1 1 1 1
     1220  4  15  2 1 1 1
     1221  4  15  3 1 1 1
     1222  4  15  4 1 1 1
     1223  4  15  5 1 1 1
     1224  4  15  6 1 1 1
     1225  4  15  7 1 1 1
     1226  4  15  8 1 1 1
     1227  4  15  9 1 1 1
     1228  4  15  10 1 1 1
     1229  4  15  11 1 1 1
     1230  4  15  12 1 1 1
     1231  4  15  13 1 1 1
     1232  4  15  14 1 1 1
     1233  4  16  1 1 1 1
     1234  4  16  2 1 1 1
     1235  4  16  3 1 1 1
     1236  4  16  4 1 1 1
     1237  4  16  5 1 1 1
     1238  4  16  6 1 1 1
     1239  4  16  7 1 1 1
     1240  4  16  8 1 1 1
     1241  4  16  9 1 1 1
     1242  4  16  10 1 1 1
     1243  4  16  11 1 1 1
     1244  4  16  12 1 1 1
     1245  4  16  13 1 1 1
     1246  4  16  14 1 1 1
     1247  4  17  1 1 1 1
     1248  4  17  2 1 1 1
     1249  4  17  3 1 1 1
     1250  4  17  4 1 1 1
     1251  4  17  5 1 1 1
     1252  4  17  6 1 1 1
     1253  4  17  7 1 1 1
     1254  4  17  8 1 1 1
     1255  4  17  9 1 1 1
     1256  4  17  10 1 1 1
     1257  4  17  11 1 1 1
     1258  4  17  12 1 1 1
     1259  4  17  13 1 1 1
     1260  4  17  14 1 1 1
     1261  4  18  1 1 1 1
     1262  4  18  2 1 1 1
     1263  4  18  3 1 1 1
     1264  4  18  4 1 1 1
     1265  4  18  5 1 1 1
     1266  4  18  6 1 1 1
     1267  4  18  7 1 1 1
     1268  4  18  8 1 1 1
     1269  4  18  9 1 1 1
     1270  4  18  10 1 1 1
     1271  4  18  11 1 1 1
     1272  4  18  12 1 1 1
     1273  4  18  13 1 1 1
     1274  4  18  14 1 1 1
     1275  4  19  1 1 1 1
     1276  4  19  2 1 1 1
     1277  4  19  3 1 1 1
     1278  4  19  4 1 1 1
     1279  4  19  5 1 1 1
     1280  4  19  6 1 1 1
     1281  4  19  7 1 1 1
     1282  4  19  8 1 1 1
     1283  4  19  9 1 1 1
     1284  4  19  10 1 1 1
     1285  4  19  11 1 1 1
     1286  4  19  12 1 1 1
     1287  4  19  13 1 1 1
     1288  4  19  14 1 1 1
     1289  4  20  1 1 1 1
     1290  4  20  2 1 1 1
     1291  4  20  3 1 1 1
     1292  4  20  4 1 1 1
     1293  4  20  5 1 1 1
     1294  4  20  6 1 1 1
     1295  4  20  7 1 1 1
     1296  4  20  8 1 1 1
     1297  4  20  9 1 1 1
     1298  4  20  10 1 1 1
     1299  4  20  11 1 1 1
     1300  4  20  12 1 1 1
     1301  4  20  13 1 1 1
     1302  4  20  14 1 1 1
     1303  4  21  1 1 1 1
     1304  4  21  2 1 1 1
     1305  4  21  3 1 1 1
     1306  4  21  4 1 1 1
     1307  4  21  5 1 1 1
     1308  4  21  6 1 1 1
     1309  4  21  7 1 1 1
     1310  4  21  8 1 1 1
     1311  4  21  9 1 1 1
     1312  4  21  10 1 1 1
     1313  4  21  11 1 1 1
     1314  4  21  12 1 1 1
     1315  4  21  13 1 1 1
     1316  4  21  14 1 1 1
     1317  4  22  1 1 1 1
     1318  4  22  2 1 1 1
     1319  4  22  3 1 1 1
     1320  4  22  4 1 1 1
     1321  4  22  5 1 1 1
     1322  4  22  6 1 1 1
     1323  4  22  7 1 1 1
     1324  4  22  8 1 1 1
     1325  4  22  9 1 1 1
     1326  4  22  10 1 1 1
     1327  4  22  11 1 1 1
     1328  4  22  12 1 1 1
     1329  4  22  13 1 1 1
     1330  4  22  14 1 1 1
     1331  4  23  1 1 1 1
     1332  4  23  2 1 1 1
     1333  4  23  3 1 1 1
     1334  4  23  4 1 1 1
     1335  4  23  5 1 1 1
     1336  4  23  6 1 1 1
     1337  4  23  7 1 1 1
     1338  4  23  8 1 1 1
     1339  4  23  9 1 1 1
     1340  4  23  10 1 1 1
     1341  4  23  11 1 1 1
     1342  4  23  12 1 1 1
     1343  4  23  13 1 1 1
     1344  4  23  14 1 1 1
     1345  5  1  1 1 1 1
     1346  5  1  2 1 1 1
     1347  5  1  3 1 1 1
     1348  5  1  4 1 1 1
     1349  5  1  5 1 1 1
     1350  5  1  6 1 1 1
     1351  5  1  7 1 1 1
     1352  5  1  8 1 1 1
     1353  5  1  9 1 1 1
     1354  5  1  10 1 1 1
     1355  5  1  11 1 1 1
     1356  5  1  12 1 1 1
     1357  5  1  13 1 1 1
     1358  5  1  14 1 1 1
     1373  5  2  1 1 1 1
     1374  5  2  2 1 1 1
     1375  5  2  3 1 1 1
     1376  5  2  4 1 1 1
     1377  5  2  5 1 1 1
     1378  5  2  6 1 1 1
     1379  5  2  7 1 1 1
     1380  5  2  8 1 1 1
     1381  5  2  9 1 1 1
     1382  5  2  10 1 1 1
     1383  5  2  11 1 1 1
     1384  5  2  12 1 1 1
     1385  5  2  13 1 1 1
     1386  5  2  14 1 1 1
     1387  5  3  1 1 1 1
     1388  5  3  2 1 1 1
     1389  5  3  3 1 1 1
     1390  5  3  4 1 1 1
     1391  5  3  5 1 1 1
     1392  5  3  6 1 1 1
     1393  5  3  7 1 1 1
     1394  5  3  8 1 1 1
     1395  5  3  9 1 1 1
     1396  5  3  10 1 1 1
     1397  5  3  11 1 1 1
     1398  5  3  12 1 1 1
     1399  5  3  13 1 1 1
     1400  5  3  14 1 1 1
     1401  5  4  1 1 1 1
     1402  5  4  2 1 1 1
     1403  5  4  3 1 1 1
     1404  5  4  4 1 1 1
     1405  5  4  5 1 1 1
     1406  5  4  6 1 1 1
     1407  5  4  7 1 1 1
     1408  5  4  8 1 1 1
     1409  5  4  9 1 1 1
     1410  5  4  10 1 1 1
     1411  5  4  11 1 1 1
     1412  5  4  12 1 1 1
     1413  5  4  13 1 1 1
     1414  5  4  14 1 1 1
     1415  5  5  1 1 1 1
     1416  5  5  2 1 1 1
     1417  5  5  3 1 1 1
     1418  5  5  4 1 1 1
     1419  5  5  5 1 1 1
     1420  5  5  6 1 1 1
     1421  5  5  7 1 1 1
     1422  5  5  8 1 1 1
     1423  5  5  9 1 1 1
     1424  5  5  10 1 1 1
     1425  5  5  11 1 1 1
     1426  5  5  12 1 1 1
     1427  5  5  13 1 1 1
     1428  5  5  14 1 1 1
     1429  5  6  1 1 1 1
     1430  5  6  2 1 1 1
     1431  5  6  3 1 1 1
     1432  5  6  4 1 1 1
     1433  5  6  5 1 1 1
     1434  5  6  6 1 1 1
     1435  5  6  7 1 1 1
     1436  5  6  8 1 1 1
     1437  5  6  9 1 1 1
     1438  5  6  10 1 1 1
     1439  5  6  11 1 1 1
     1440  5  6  12 1 1 1
     1441  5  6  13 1 1 1
     1442  5  6  14 1 1 1
     1443  5  7  1 1 1 1
     1444  5  7  2 1 1 1
     1445  5  7  3 1 1 1
     1446  5  7  4 1 1 1
     1447  5  7  5 1 1 1
     1448  5  7  6 1 1 1
     1449  5  7  7 1 1 1
     1450  5  7  8 1 1 1
     1451  5  7  9 1 1 1
     1452  5  7  10 1 1 1
     1453  5  7  11 1 1 1
     1454  5  7  12 1 1 1
     1455  5  7  13 1 1 1
     1456  5  7  14 1 1 1
     1457  5  8  1 1 1 1
     1458  5  8  2 1 1 1
     1459  5  8  3 1 1 1
     1460  5  8  4 1 1 1
     1461  5  8  5 1 1 1
     1462  5  8  6 1 1 1
     1463  5  8  7 1 1 1
     1464  5  8  8 1 1 1
     1465  5  8  9 1 1 1
     1466  5  8  10 1 1 1
     1467  5  8  11 1 1 1
     1468  5  8  12 1 1 1
     1469  5  8  13 1 1 1
     1470  5  8  14 1 1 1
     1471  5  9  1 1 1 1
     1472  5  9  2 1 1 1
     1473  5  9  3 1 1 1
     1474  5  9  4 1 1 1
     1475  5  9  5 1 1 1
     1476  5  9  6 1 1 1
     1477  5  9  7 1 1 1
     1478  5  9  8 1 1 1
     1479  5  9  9 1 1 1
     1480  5  9  10 1 1 1
     1481  5  9  11 1 1 1
     1482  5  9  12 1 1 1
     1483  5  9  13 1 1 1
     1484  5  9  14 1 1 1
     1485  5  10  1 1 1 1
     1486  5  10  2 1 1 1
     1487  5  10  3 1 1 1
     1488  5  10  4 1 1 1
     1489  5  10  5 1 1 1
     1490  5  10  6 1 1 1
     1491  5  10  7 1 1 1
     1492  5  10  8 1 1 1
     1493  5  10  9 1 1 1
     1494  5  10  10 1 1 1
     1495  5  10  11 1 1 1
     1496  5  10  12 1 1 1
     1497  5  10  13 1 1 1
     1498  5  10  14 1 1 1
     1499  5  11  1 1 1 1
     1500  5  11  2 1 1 1
     1501  5  11  3 1 1 1
     1502  5  11  4 1 1 1
     1503  5  11  5 1 1 1
     1504  5  11  6 1 1 1
     1505  5  11  7 1 1 1
     1506  5  11  8 1 1 1
     1507  5  11  9 1 1 1
     1508  5  11  10 1 1 1
     1509  5  11  11 1 1 1
     1510  5  11  12 1 1 1
     1511  5  11  13 1 1 1
     1512  5  11  14 1 1 1
     1513  5  12  1 1 1 1
     1514  5  12  2 1 1 1
     1515  5  12  3 1 1 1
     1516  5  12  4 1 1 1
     1517  5  12  5 1 1 1
     1518  5  12  6 1 1 1
     1519  5  12  7 1 1 1
     1520  5  12  8 1 1 1
     1521  5  12  9 1 1 1
     1522  5  12  10 1 1 1
     1523  5  12  11 1 1 1
     1524  5  12  12 1 1 1
     1525  5  12  13 1 1 1
     1526  5  12  14 1 1 1
     1527  5  13  1 1 1 1
     1528  5  13  2 1 1 1
     1529  5  13  3 1 1 1
     1530  5  13  4 1 1 1
     1531  5  13  5 1 1 1
     1532  5  13  6 1 1 1
     1533  5  13  7 1 1 1
     1534  5  13  8 1 1 1
     1535  5  13  9 1 1 1
     1536  5  13  10 1 1 1
     1537  5  13  11 1 1 1
     1538  5  13  12 1 1 1
     1539  5  13  13 1 1 1
     1540  5  13  14 1 1 1
     1541  5  14  1 1 1 1
     1542  5  14  2 1 1 1
     1543  5  14  3 1 1 1
     1544  5  14  4 1 1 1
     1545  5  14  5 1 1 1
     1546  5  14  6 1 1 1
     1547  5  14  7 1 1 1
     1548  5  14  8 1 1 1
     1549  5  14  9 1 1 1
     1550  5  14  10 1 1 1
     1551  5  14  11 1 1 1
     1552  5  14  12 1 1 1
     1553  5  14  13 1 1 1
     1554  5  14  14 1 1 1
     1555  5  15  1 1 1 1
     1556  5  15  2 1 1 1
     1557  5  15  3 1 1 1
     1558  5  15  4 1 1 1
     1559  5  15  5 1 1 1
     1560  5  15  6 1 1 1
     1561  5  15  7 1 1 1
     1562  5  15  8 1 1 1
     1563  5  15  9 1 1 1
     1564  5  15  10 1 1 1
     1565  5  15  11 1 1 1
     1566  5  15  12 1 1 1
     1567  5  15  13 1 1 1
     1568  5  15  14 1 1 1
     1569  5  16  1 1 1 1
     1570  5  16  2 1 1 1
     1571  5  16  3 1 1 1
     1572  5  16  4 1 1 1
     1573  5  16  5 1 1 1
     1574  5  16  6 1 1 1
     1575  5  16  7 1 1 1
     1576  5  16  8 1 1 1
     1577  5  16  9 1 1 1
     1578  5  16  10 1 1 1
     1579  5  16  11 1 1 1
     1580  5  16  12 1 1 1
     1581  5  16  13 1 1 1
     1582  5  16  14 1 1 1
     1583  5  17  1 1 1 1
     1584  5  17  2 1 1 1
     1585  5  17  3 1 1 1
     1586  5  17  4 1 1 1
     1587  5  17  5 1 1 1
     1588  5  17  6 1 1 1
     1589  5  17  7 1 1 1
     1590  5  17  8 1 1 1
     1591  5  17  9 1 1 1
     1592  5  17  10 1 1 1
     1593  5  17  11 1 1 1
     1594  5  17  12 1 1 1
     1595  5  17  13 1 1 1
     1596  5  17  14 1 1 1
     1597  5  18  1 1 1 1
     1598  5  18  2 1 1 1
     1599  5  18  3 1 1 1
     1600  5  18  4 1 1 1
     1601  5  18  5 1 1 1
     1602  5  18  6 1 1 1
     1603  5  18  7 1 1 1
     1604  5  18  8 1 1 1
     1605  5  18  9 1 1 1
     1606  5  18  10 1 1 1
     1607  5  18  11 1 1 1
     1608  5  18  12 1 1 1
     1609  5  18  13 1 1 1
     1610  5  18  14 1 1 1
     1611  5  19  1 1 1 1
     1612  5  19  2 1 1 1
     1613  5  19  3 1 1 1
     1614  5  19  4 1 1 1
     1615  5  19  5 1 1 1
     1616  5  19  6 1 1 1
     1617  5  19  7 1 1 1
     1618  5  19  8 1 1 1
     1619  5  19  9 1 1 1
     1620  5  19  10 1 1 1
     1621  5  19  11 1 1 1
     1622  5  19  12 1 1 1
     1623  5  19  13 1 1 1
     1624  5  19  14 1 1 1
     1625  5  20  1 1 1 1
     1626  5  20  2 1 1 1
     1627  5  20  3 1 1 1
     1628  5  20  4 1 1 1
     1629  5  20  5 1 1 1
     1630  5  20  6 1 1 1
     1631  5  20  7 1 1 1
     1632  5  20  8 1 1 1
     1633  5  20  9 1 1 1
     1634  5  20  10 1 1 1
     1635  5  20  11 1 1 1
     1636  5  20  12 1 1 1
     1637  5  20  13 1 1 1
     1638  5  20  14 1 1 1
     1639  5  21  1 1 1 1
     1640  5  21  2 1 1 1
     1641  5  21  3 1 1 1
     1642  5  21  4 1 1 1
     1643  5  21  5 1 1 1
     1644  5  21  6 1 1 1
     1645  5  21  7 1 1 1
     1646  5  21  8 1 1 1
     1647  5  21  9 1 1 1
     1648  5  21  10 1 1 1
     1649  5  21  11 1 1 1
     1650  5  21  12 1 1 1
     1651  5  21  13 1 1 1
     1652  5  21  14 1 1 1
     1653  5  22  1 1 1 1
     1654  5  22  2 1 1 1
     1655  5  22  3 1 1 1
     1656  5  22  4 1 1 1
     1657  5  22  5 1 1 1
     1658  5  22  6 1 1 1
     1659  5  22  7 1 1 1
     1660  5  22  8 1 1 1
     1661  5  22  9 1 1 1
     1662  5  22  10 1 1 1
     1663  5  22  11 1 1 1
     1664  5  22  12 1 1 1
     1665  5  22  13 1 1 1
     1666  5  22  14 1 1 1
     1667  5  23  1 1 1 1
     1668  5  23  2 1 1 1
     1669  5  23  3 1 1 1
     1670  5  23  4 1 1 1
     1671  5  23  5 1 1 1
     1672  5  23  6 1 1 1
     1673  5  23  7 1 1 1
     1674  5  23  8 1 1 1
     1675  5  23  9 1 1 1
     1676  5  23  10 1 1 1
     1677  5  23  11 1 1 1
     1678  5  23  12 1 1 1
     1679  5  23  13 1 1 1
     1680  5  23  14 1 1 1
     1681  6  1  1 1 1 1
     1682  6  1  2 1 1 1
     1683  6  1  3 1 1 1
     1684  6  1  4 1 1 1
     1685  6  1  5 1 1 1
     1686  6  1  6 1 1 1
     1687  6  1  7 1 1 1
     1688  6  1  8 1 1 1
     1689  6  1  9 1 1 1
     1690  6  1  10 1 1 1
     1691  6  1  11 1 1 1
     1692  6  1  12 1 1 1
     1693  6  1  13 1 1 1
     1694  6  1  14 1 1 1
     1709  6  2  1 1 1 1
     1710  6  2  2 1 1 1
     1711  6  2  3 1 1 1
     1712  6  2  4 1 1 1
     1713  6  2  5 1 1 1
     1714  6  2  6 1 1 1
     1715  6  2  7 1 1 1
     1716  6  2  8 1 1 1
     1717  6  2  9 1 1 1
     1718  6  2  10 1 1 1
     1719  6  2  11 1 1 1
     1720  6  2  12 1 1 1
     1721  6  2  13 1 1 1
     1722  6  2  14 1 1 1
     1723  6  3  1 1 1 1
     1724  6  3  2 1 1 1
     1725  6  3  3 1 1 1
     1726  6  3  4 1 1 1
     1727  6  3  5 1 1 1
     1728  6  3  6 1 1 1
     1729  6  3  7 1 1 1
     1730  6  3  8 1 1 1
     1731  6  3  9 1 1 1
     1732  6  3  10 1 1 1
     1733  6  3  11 1 1 1
     1734  6  3  12 1 1 1
     1735  6  3  13 1 1 1
     1736  6  3  14 1 1 1
     1737  6  4  1 1 1 1
     1738  6  4  2 1 1 1
     1739  6  4  3 1 1 1
     1740  6  4  4 1 1 1
     1741  6  4  5 1 1 1
     1742  6  4  6 1 1 1
     1743  6  4  7 1 1 1
     1744  6  4  8 1 1 1
     1745  6  4  9 1 1 1
     1746  6  4  10 1 1 1
     1747  6  4  11 1 1 1
     1748  6  4  12 1 1 1
     1749  6  4  13 1 1 1
     1750  6  4  14 1 1 1
     1751  6  5  1 1 1 1
     1752  6  5  2 1 1 1
     1753  6  5  3 1 1 1
     1754  6  5  4 1 1 1
     1755  6  5  5 1 1 1
     1756  6  5  6 1 1 1
     1757  6  5  7 1 1 1
     1758  6  5  8 1 1 1
     1759  6  5  9 1 1 1
     1760  6  5  10 1 1 1
     1761  6  5  11 1 1 1
     1762  6  5  12 1 1 1
     1763  6  5  13 1 1 1
     1764  6  5  14 1 1 1
     1765  6  6  1 1 1 1
     1766  6  6  2 1 1 1
     1767  6  6  3 1 1 1
     1768  6  6  4 1 1 1
     1769  6  6  5 1 1 1
     1770  6  6  6 1 1 1
     1771  6  6  7 1 1 1
     1772  6  6  8 1 1 1
     1773  6  6  9 1 1 1
     1774  6  6  10 1 1 1
     1775  6  6  11 1 1 1
     1776  6  6  12 1 1 1
     1777  6  6  13 1 1 1
     1778  6  6  14 1 1 1
     1779  6  7  1 1 1 1
     1780  6  7  2 1 1 1
     1781  6  7  3 1 1 1
     1782  6  7  4 1 1 1
     1783  6  7  5 1 1 1
     1784  6  7  6 1 1 1
     1785  6  7  7 1 1 1
     1786  6  7  8 1 1 1
     1787  6  7  9 1 1 1
     1788  6  7  10 1 1 1
     1789  6  7  11 1 1 1
     1790  6  7  12 1 1 1
     1791  6  7  13 1 1 1
     1792  6  7  14 1 1 1
     1793  6  8  1 1 1 1
     1794  6  8  2 1 1 1
     1795  6  8  3 1 1 1
     1796  6  8  4 1 1 1
     1797  6  8  5 1 1 1
     1798  6  8  6 1 1 1
     1799  6  8  7 1 1 1
     1800  6  8  8 1 1 1
     1801  6  8  9 1 1 1
     1802  6  8  10 1 1 1
     1803  6  8  11 1 1 1
     1804  6  8  12 1 1 1
     1805  6  8  13 1 1 1
     1806  6  8  14 1 1 1
     1807  6  9  1 1 1 1
     1808  6  9  2 1 1 1
     1809  6  9  3 1 1 1
     1810  6  9  4 1 1 1
     1811  6  9  5 1 1 1
     1812  6  9  6 1 1 1
     1813  6  9  7 1 1 1
     1814  6  9  8 1 1 1
     1815  6  9  9 1 1 1
     1816  6  9  10 1 1 1
     1817  6  9  11 1 1 1
     1818  6  9  12 1 1 1
     1819  6  9  13 1 1 1
     1820  6  9  14 1 1 1
     1821  6  10  1 1 1 1
     1822  6  10  2 1 1 1
     1823  6  10  3 1 1 1
     1824  6  10  4 1 1 1
     1825  6  10  5 1 1 1
     1826  6  10  6 1 1 1
     1827  6  10  7 1 1 1
     1828  6  10  8 1 1 1
     1829  6  10  9 1 1 1
     1830  6  10  10 1 1 1
     1831  6  10  11 1 1 1
     1832  6  10  12 1 1 1
     1833  6  10  13 1 1 1
     1834  6  10  14 1 1 1
     1835  6  11  1 1 1 1
     1836  6  11  2 1 1 1
     1837  6  11  3 1 1 1
     1838  6  11  4 1 1 1
     1839  6  11  5 1 1 1
     1840  6  11  6 1 1 1
     1841  6  11  7 1 1 1
     1842  6  11  8 1 1 1
     1843  6  11  9 1 1 1
     1844  6  11  10 1 1 1
     1845  6  11  11 1 1 1
     1846  6  11  12 1 1 1
     1847  6  11  13 1 1 1
     1848  6  11  14 1 1 1
     1849  6  12  1 1 1 1
     1850  6  12  2 1 1 1
     1851  6  12  3 1 1 1
     1852  6  12  4 1 1 1
     1853  6  12  5 1 1 1
     1854  6  12  6 1 1 1
     1855  6  12  7 1 1 1
     1856  6  12  8 1 1 1
     1857  6  12  9 1 1 1
     1858  6  12  10 1 1 1
     1859  6  12  11 1 1 1
     1860  6  12  12 1 1 1
     1861  6  12  13 1 1 1
     1862  6  12  14 1 1 1
     1863  6  13  1 1 1 1
     1864  6  13  2 1 1 1
     1865  6  13  3 1 1 1
     1866  6  13  4 1 1 1
     1867  6  13  5 1 1 1
     1868  6  13  6 1 1 1
     1869  6  13  7 1 1 1
     1870  6  13  8 1 1 1
     1871  6  13  9 1 1 1
     1872  6  13  10 1 1 1
     1873  6  13  11 1 1 1
     1874  6  13  12 1 1 1
     1875  6  13  13 1 1 1
     1876  6  13  14 1 1 1
     1877  6  14  1 1 1 1
     1878  6  14  2 1 1 1
     1879  6  14  3 1 1 1
     1880  6  14  4 1 1 1
     1881  6  14  5 1 1 1
     1882  6  14  6 1 1 1
     1883  6  14  7 1 1 1
     1884  6  14  8 1 1 1
     1885  6  14  9 1 1 1
     1886  6  14  10 1 1 1
     1887  6  14  11 1 1 1
     1888  6  14  12 1 1 1
     1889  6  14  13 1 1 1
     1890  6  14  14 1 1 1
     1891  6  15  1 1 1 1
     1892  6  15  2 1 1 1
     1893  6  15  3 1 1 1
     1894  6  15  4 1 1 1
     1895  6  15  5 1 1 1
     1896  6  15  6 1 1 1
     1897  6  15  7 1 1 1
     1898  6  15  8 1 1 1
     1899  6  15  9 1 1 1
     1900  6  15  10 1 1 1
     1901  6  15  11 1 1 1
     1902  6  15  12 1 1 1
     1903  6  15  13 1 1 1
     1904  6  15  14 1 1 1
     1905  6  16  1 1 1 1
     1906  6  16  2 1 1 1
     1907  6  16  3 1 1 1
     1908  6  16  4 1 1 1
     1909  6  16  5 1 1 1
     1910  6  16  6 1 1 1
     1911  6  16  7 1 1 1
     1912  6  16  8 1 1 1
     1913  6  16  9 1 1 1
     1914  6  16  10 1 1 1
     1915  6  16  11 1 1 1
     1916  6  16  12 1 1 1
     1917  6  16  13 1 1 1
     1918  6  16  14 1 1 1
     1919  6  17  1 1 1 1
     1920  6  17  2 1 1 1
     1921  6  17  3 1 1 1
     1922  6  17  4 1 1 1
     1923  6  17  5 1 1 1
     1924  6  17  6 1 1 1
     1925  6  17  7 1 1 1
     1926  6  17  8 1 1 1
     1927  6  17  9 1 1 1
     1928  6  17  10 1 1 1
     1929  6  17  11 1 1 1
     1930  6  17  12 1 1 1
     1931  6  17  13 1 1 1
     1932  6  17  14 1 1 1
     1933  6  18  1 1 1 1
     1934  6  18  2 1 1 1
     1935  6  18  3 1 1 1
     1936  6  18  4 1 1 1
     1937  6  18  5 1 1 1
     1938  6  18  6 1 1 1
     1939  6  18  7 1 1 1
     1940  6  18  8 1 1 1
     1941  6  18  9 1 1 1
     1942  6  18  10 1 1 1
     1943  6  18  11 1 1 1
     1944  6  18  12 1 1 1
     1945  6  18  13 1 1 1
     1946  6  18  14 1 1 1
     1947  6  19  1 1 1 1
     1948  6  19  2 1 1 1
     1949  6  19  3 1 1 1
     1950  6  19  4 1 1 1
     1951  6  19  5 1 1 1
     1952  6  19  6 1 1 1
     1953  6  19  7 1 1 1
     1954  6  19  8 1 1 1
     1955  6  19  9 1 1 1
     1956  6  19  10 1 1 1
     1957  6  19  11 1 1 1
     1958  6  19  12 1 1 1
     1959  6  19  13 1 1 1
     1960  6  19  14 1 1 1
     1961  6  20  1 1 1 1
     1962  6  20  2 1 1 1
     1963  6  20  3 1 1 1
     1964  6  20  4 1 1 1
     1965  6  20  5 1 1 1
     1966  6  20  6 1 1 1
     1967  6  20  7 1 1 1
     1968  6  20  8 1 1 1
     1969  6  20  9 1 1 1
     1970  6  20  10 1 1 1
     1971  6  20  11 1 1 1
     1972  6  20  12 1 1 1
     1973  6  20  13 1 1 1
     1974  6  20  14 1 1 1
     1975  6  21  1 1 1 1
     1976  6  21  2 1 1 1
     1977  6  21  3 1 1 1
     1978  6  21  4 1 1 1
     1979  6  21  5 1 1 1
     1980  6  21  6 1 1 1
     1981  6  21  7 1 1 1
     1982  6  21  8 1 1 1
     1983  6  21  9 1 1 1
     1984  6  21  10 1 1 1
     1985  6  21  11 1 1 1
     1986  6  21  12 1 1 1
     1987  6  21  13 1 1 1
     1988  6  21  14 1 1 1
     1989  6  22  1 1 1 1
     1990  6  22  2 1 1 1
     1991  6  22  3 1 1 1
     1992  6  22  4 1 1 1
     1993  6  22  5 1 1 1
     1994  6  22  6 1 1 1
     1995  6  22  7 1 1 1
     1996  6  22  8 1 1 1
     1997  6  22  9 1 1 1
     1998  6  22  10 1 1 1
     1999  6  22  11 1 1 1
     2000  6  22  12 1 1 1
     2001  6  22  13 1 1 1
     2002  6  22  14 1 1 1
     2003  6  23  1 1 1 1
     2004  6  23  2 1 1 1
     2005  6  23  3 1 1 1
     2006  6  23  4 1 1 1
     2007  6  23  5 1 1 1
     2008  6  23  6 1 1 1
     2009  6  23  7 1 1 1
     2010  6  23  8 1 1 1
     2011  6  23  9 1 1 1
     2012  6  23  10 1 1 1
     2013  6  23  11 1 1 1
     2014  6  23  12 1 1 1
     2015  6  23  13 1 1 1
     2016  6  23  14 1 1 1
     2017  7  1  1 1 1 1
     2018  7  1  2 1 1 1
     2019  7  1  3 1 1 1
     2020  7  1  4 1 1 1
     2021  7  1  5 1 1 1
     2022  7  1  6 1 1 1
     2023  7  1  7 1 1 1
     2024  7  1  8 1 1 1
     2025  7  1  9 1 1 1
     2026  7  1  10 1 1 1
     2027  7  1  11 1 1 1
     2028  7  1  12 1 1 1
     2029  7  1  13 1 1 1
     2030  7  1  14 1 1 1
     2045  7  2  1 1 1 1
     2046  7  2  2 1 1 1
     2047  7  2  3 1 1 1
     2048  7  2  4 1 1 1
     2049  7  2  5 1 1 1
     2050  7  2  6 1 1 1
     2051  7  2  7 1 1 1
     2052  7  2  8 1 1 1
     2053  7  2  9 1 1 1
     2054  7  2  10 1 1 1
     2055  7  2  11 1 1 1
     2056  7  2  12 1 1 1
     2057  7  2  13 1 1 1
     2058  7  2  14 1 1 1
     2059  7  3  1 1 1 1
     2060  7  3  2 1 1 1
     2061  7  3  3 1 1 1
     2062  7  3  4 1 1 1
     2063  7  3  5 1 1 1
     2064  7  3  6 1 1 1
     2065  7  3  7 1 1 1
     2066  7  3  8 1 1 1
     2067  7  3  9 1 1 1
     2068  7  3  10 1 1 1
     2069  7  3  11 1 1 1
     2070  7  3  12 1 1 1
     2071  7  3  13 1 1 1
     2072  7  3  14 1 1 1
     2073  7  4  1 1 1 1
     2074  7  4  2 1 1 1
     2075  7  4  3 1 1 1
     2076  7  4  4 1 1 1
     2077  7  4  5 1 1 1
     2078  7  4  6 1 1 1
     2079  7  4  7 1 1 1
     2080  7  4  8 1 1 1
     2081  7  4  9 1 1 1
     2082  7  4  10 1 1 1
     2083  7  4  11 1 1 1
     2084  7  4  12 1 1 1
     2085  7  4  13 1 1 1
     2086  7  4  14 1 1 1
     2087  7  5  1 1 1 1
     2088  7  5  2 1 1 1
     2089  7  5  3 1 1 1
     2090  7  5  4 1 1 1
     2091  7  5  5 1 1 1
     2092  7  5  6 1 1 1
     2093  7  5  7 1 1 1
     2094  7  5  8 1 1 1
     2095  7  5  9 1 1 1
     2096  7  5  10 1 1 1
     2097  7  5  11 1 1 1
     2098  7  5  12 1 1 1
     2099  7  5  13 1 1 1
     2100  7  5  14 1 1 1
     2101  7  6  1 1 1 1
     2102  7  6  2 1 1 1
     2103  7  6  3 1 1 1
     2104  7  6  4 1 1 1
     2105  7  6  5 1 1 1
     2106  7  6  6 1 1 1
     2107  7  6  7 1 1 1
     2108  7  6  8 1 1 1
     2109  7  6  9 1 1 1
     2110  7  6  10 1 1 1
     2111  7  6  11 1 1 1
     2112  7  6  12 1 1 1
     2113  7  6  13 1 1 1
     2114  7  6  14 1 1 1
     2115  7  7  1 1 1 1
     2116  7  7  2 1 1 1
     2117  7  7  3 1 1 1
     2118  7  7  4 1 1 1
     2119  7  7  5 1 1 1
     2120  7  7  6 1 1 1
     2121  7  7  7 1 1 1
     2122  7  7  8 1 1 1
     2123  7  7  9 1 1 1
     2124  7  7  10 1 1 1
     2125  7  7  11 1 1 1
     2126  7  7  12 1 1 1
     2127  7  7  13 1 1 1
     2128  7  7  14 1 1 1
     2129  7  8  1 1 1 1
     2130  7  8  2 1 1 1
     2131  7  8  3 1 1 1
     2132  7  8  4 1 1 1
     2133  7  8  5 1 1 1
     2134  7  8  6 1 1 1
     2135  7  8  7 1 1 1
     2136  7  8  8 1 1 1
     2137  7  8  9 1 1 1
     2138  7  8  10 1 1 1
     2139  7  8  11 1 1 1
     2140  7  8  12 1 1 1
     2141  7  8  13 1 1 1
     2142  7  8  14 1 1 1
     2143  7  9  1 1 1 1
     2144  7  9  2 1 1 1
     2145  7  9  3 1 1 1
     2146  7  9  4 1 1 1
     2147  7  9  5 1 1 1
     2148  7  9  6 1 1 1
     2149  7  9  7 1 1 1
     2150  7  9  8 1 1 1
     2151  7  9  9 1 1 1
     2152  7  9  10 1 1 1
     2153  7  9  11 1 1 1
     2154  7  9  12 1 1 1
     2155  7  9  13 1 1 1
     2156  7  9  14 1 1 1
     2157  7  10  1 1 1 1
     2158  7  10  2 1 1 1
     2159  7  10  3 1 1 1
     2160  7  10  4 1 1 1
     2161  7  10  5 1 1 1
     2162  7  10  6 1 1 1
     2163  7  10  7 1 1 1
     2164  7  10  8 1 1 1
     2165  7  10  9 1 1 1
     2166  7  10  10 1 1 1
     2167  7  10  11 1 1 1
     2168  7  10  12 1 1 1
     2169  7  10  13 1 1 1
     2170  7  10  14 1 1 1
     2171  7  11  1 1 1 1
     2172  7  11  2 1 1 1
     2173  7  11  3 1 1 1
     2174  7  11  4 1 1 1
     2175  7  11  5 1 1 1
     2176  7  11  6 1 1 1
     2177  7  11  7 1 1 1
     2178  7  11  8 1 1 1
     2179  7  11  9 1 1 1
     2180  7  11  10 1 1 1
     2181  7  11  11 1 1 1
     2182  7  11  12 1 1 1
     2183  7  11  13 1 1 1
     2184  7  11  14 1 1 1
     2185  7  12  1 1 1 1
     2186  7  12  2 1 1 1
     2187  7  12  3 1 1 1
     2188  7  12  4 1 1 1
     2189  7  12  5 1 1 1
     2190  7  12  6 1 1 1
     2191  7  12  7 1 1 1
     2192  7  12  8 1 1 1
     2193  7  12  9 1 1 1
     2194  7  12  10 1 1 1
     2195  7  12  11 1 1 1
     2196  7  12  12 1 1 1
     2197  7  12  13 1 1 1
     2198  7  12  14 1 1 1
     2199  7  13  1 1 1 1
     2200  7  13  2 1 1 1
     2201  7  13  3 1 1 1
     2202  7  13  4 1 1 1
     2203  7  13  5 1 1 1
     2204  7  13  6 1 1 1
     2205  7  13  7 1 1 1
     2206  7  13  8 1 1 1
     2207  7  13  9 1 1 1
     2208  7  13  10 1 1 1
     2209  7  13  11 1 1 1
     2210  7  13  12 1 1 1
     2211  7  13  13 1 1 1
     2212  7  13  14 1 1 1
     2213  7  14  1 1 1 1
     2214  7  14  2 1 1 1
     2215  7  14  3 1 1 1
     2216  7  14  4 1 1 1
     2217  7  14  5 1 1 1
     2218  7  14  6 1 1 1
     2219  7  14  7 1 1 1
     2220  7  14  8 1 1 1
     2221  7  14  9 1 1 1
     2222  7  14  10 1 1 1
     2223  7  14  11 1 1 1
     2224  7  14  12 1 1 1
     2225  7  14  13 1 1 1
     2226  7  14  14 1 1 1
     2227  7  15  1 1 1 1
     2228  7  15  2 1 1 1
     2229  7  15  3 1 1 1
     2230  7  15  4 1 1 1
     2231  7  15  5 1 1 1
     2232  7  15  6 1 1 1
     2233  7  15  7 1 1 1
     2234  7  15  8 1 1 1
     2235  7  15  9 1 1 1
     2236  7  15  10 1 1 1
     2237  7  15  11 1 1 1
     2238  7  15  12 1 1 1
     2239  7  15  13 1 1 1
     2240  7  15  14 1 1 1
     2241  7  16  1 1 1 1
     2242  7  16  2 1 1 1
     2243  7  16  3 1 1 1
     2244  7  16  4 1 1 1
     2245  7  16  5 1 1 1
     2246  7  16  6 1 1 1
     2247  7  16  7 1 1 1
     2248  7  16  8 1 1 1
     2249  7  16  9 1 1 1
     2250  7  16  10 1 1 1
     2251  7  16  11 1 1 1
     2252  7  16  12 1 1 1
     2253  7  16  13 1 1 1
     2254  7  16  14 1 1 1
     2255  7  17  1 1 1 1
     2256  7  17  2 1 1 1
     2257  7  17  3 1 1 1
     2258  7  17  4 1 1 1
     2259  7  17  5 1 1 1
     2260  7  17  6 1 1 1
     2261  7  17  7 1 1 1
     2262  7  17  8 1 1 1
     2263  7  17  9 1 1 1
     2264  7  17  10 1 1 1
     2265  7  17  11 1 1 1
     2266  7  17  12 1 1 1
     2267  7  17  13 1 1 1
     2268  7  17  14 1 1 1
     2269  7  18  1 1 1 1
     2270  7  18  2 1 1 1
     2271  7  18  3 1 1 1
     2272  7  18  4 1 1 1
     2273  7  18  5 1 1 1
     2274  7  18  6 1 1 1
     2275  7  18  7 1 1 1
     2276  7  18  8 1 1 1
     2277  7  18  9 1 1 1
     2278  7  18  10 1 1 1
     2279  7  18  11 1 1 1
     2280  7  18  12 1 1 1
     2281  7  18  13 1 1 1
     2282  7  18  14 1 1 1
     2283  7  19  1 1 1 1
     2284  7  19  2 1 1 1
     2285  7  19  3 1 1 1
     2286  7  19  4 1 1 1
     2287  7  19  5 1 1 1
     2288  7  19  6 1 1 1
     2289  7  19  7 1 1 1
     2290  7  19  8 1 1 1
     2291  7  19  9 1 1 1
     2292  7  19  10 1 1 1
     2293  7  19  11 1 1 1
     2294  7  19  12 1 1 1
     2295  7  19  13 1 1 1
     2296  7  19  14 1 1 1
     2297  7  20  1 1 1 1
     2298  7  20  2 1 1 1
     2299  7  20  3 1 1 1
     2300  7  20  4 1 1 1
     2301  7  20  5 1 1 1
     2302  7  20  6 1 1 1
     2303  7  20  7 1 1 1
     2304  7  20  8 1 1 1
     2305  7  20  9 1 1 1
     2306  7  20  10 1 1 1
     2307  7  20  11 1 1 1
     2308  7  20  12 1 1 1
     2309  7  20  13 1 1 1
     2310  7  20  14 1 1 1
     2311  7  21  1 1 1 1
     2312  7  21  2 1 1 1
     2313  7  21  3 1 1 1
     2314  7  21  4 1 1 1
     2315  7  21  5 1 1 1
     2316  7  21  6 1 1 1
     2317  7  21  7 1 1 1
     2318  7  21  8 1 1 1
     2319  7  21  9 1 1 1
     2320  7  21  10 1 1 1
     2321  7  21  11 1 1 1
     2322  7  21  12 1 1 1
     2323  7  21  13 1 1 1
     2324  7  21  14 1 1 1
     2325  7  22  1 1 1 1
     2326  7  22  2 1 1 1
     2327  7  22  3 1 1 1
     2328  7  22  4 1 1 1
     2329  7  22  5 1 1 1
     2330  7  22  6 1 1 1
     2331  7  22  7 1 1 1
     2332  7  22  8 1 1 1
     2333  7  22  9 1 1 1
     2334  7  22  10 1 1 1
     2335  7  22  11 1 1 1
     2336  7  22  12 1 1 1
     2337  7  22  13 1 1 1
     2338  7  22  14 1 1 1
     2339  7  23  1 1 1 1
     2340  7  23  2 1 1 1
     2341  7  23  3 1 1 1
     2342  7  23  4 1 1 1
     2343  7  23  5 1 1 1
     2344  7  23  6 1 1 1
     2345  7  23  7 1 1 1
     2346  7  23  8 1 1 1
     2347  7  23  9 1 1 1
     2348  7  23  10 1 1 1
     2349  7  23  11 1 1 1
     2350  7  23  12 1 1 1
     2351  7  23  13 1 1 1
     2352  7  23  14 1 1 1
     2353  8  1  1 1 1 1
     2354  8  1  2 1 1 1
     2355  8  1  3 1 1 1
     2356  8  1  4 1 1 1
     2357  8  1  5 1 1 1
     2358  8  1  6 1 1 1
     2359  8  1  7 1 1 1
     2360  8  1  8 1 1 1
     2361  8  1  9 1 1 1
     2362  8  1  10 1 1 1
     2363  8  1  11 1 1 1
     2364  8  1  12 1 1 1
     2365  8  1  13 1 1 1
     2366  8  1  14 1 1 1
     2381  8  2  1 1 1 1
     2382  8  2  2 1 1 1
     2383  8  2  3 1 1 1
     2384  8  2  4 1 1 1
     2385  8  2  5 1 1 1
     2386  8  2  6 1 1 1
     2387  8  2  7 1 1 1
     2388  8  2  8 1 1 1
     2389  8  2  9 1 1 1
     2390  8  2  10 1 1 1
     2391  8  2  11 1 1 1
     2392  8  2  12 1 1 1
     2393  8  2  13 1 1 1
     2394  8  2  14 1 1 1
     2395  8  3  1 1 1 1
     2396  8  3  2 1 1 1
     2397  8  3  3 1 1 1
     2398  8  3  4 1 1 1
     2399  8  3  5 1 1 1
     2400  8  3  6 1 1 1
     2401  8  3  7 1 1 1
     2402  8  3  8 1 1 1
     2403  8  3  9 1 1 1
     2404  8  3  10 1 1 1
     2405  8  3  11 1 1 1
     2406  8  3  12 1 1 1
     2407  8  3  13 1 1 1
     2408  8  3  14 1 1 1
     2409  8  4  1 1 1 1
     2410  8  4  2 1 1 1
     2411  8  4  3 1 1 1
     2412  8  4  4 1 1 1
     2413  8  4  5 1 1 1
     2414  8  4  6 1 1 1
     2415  8  4  7 1 1 1
     2416  8  4  8 1 1 1
     2417  8  4  9 1 1 1
     2418  8  4  10 1 1 1
     2419  8  4  11 1 1 1
     2420  8  4  12 1 1 1
     2421  8  4  13 1 1 1
     2422  8  4  14 1 1 1
     2423  8  5  1 1 1 1
     2424  8  5  2 1 1 1
     2425  8  5  3 1 1 1
     2426  8  5  4 1 1 1
     2427  8  5  5 1 1 1
     2428  8  5  6 1 1 1
     2429  8  5  7 1 1 1
     2430  8  5  8 1 1 1
     2431  8  5  9 1 1 1
     2432  8  5  10 1 1 1
     2433  8  5  11 1 1 1
     2434  8  5  12 1 1 1
     2435  8  5  13 1 1 1
     2436  8  5  14 1 1 1
     2437  8  6  1 1 1 1
     2438  8  6  2 1 1 1
     2439  8  6  3 1 1 1
     2440  8  6  4 1 1 1
     2441  8  6  5 1 1 1
     2442  8  6  6 1 1 1
     2443  8  6  7 1 1 1
     2444  8  6  8 1 1 1
     2445  8  6  9 1 1 1
     2446  8  6  10 1 1 1
     2447  8  6  11 1 1 1
     2448  8  6  12 1 1 1
     2449  8  6  13 1 1 1
     2450  8  6  14 1 1 1
     2451  8  7  1 1 1 1
     2452  8  7  2 1 1 1
     2453  8  7  3 1 1 1
     2454  8  7  4 1 1 1
     2455  8  7  5 1 1 1
     2456  8  7  6 1 1 1
     2457  8  7  7 1 1 1
     2458  8  7  8 1 1 1
     2459  8  7  9 1 1 1
     2460  8  7  10 1 1 1
     2461  8  7  11 1 1 1
     2462  8  7  12 1 1 1
     2463  8  7  13 1 1 1
     2464  8  7  14 1 1 1
     2465  8  8  1 1 1 1
     2466  8  8  2 1 1 1
     2467  8  8  3 1 1 1
     2468  8  8  4 1 1 1
     2469  8  8  5 1 1 1
     2470  8  8  6 1 1 1
     2471  8  8  7 1 1 1
     2472  8  8  8 1 1 1
     2473  8  8  9 1 1 1
     2474  8  8  10 1 1 1
     2475  8  8  11 1 1 1
     2476  8  8  12 1 1 1
     2477  8  8  13 1 1 1
     2478  8  8  14 1 1 1
     2479  8  9  1 1 1 1
     2480  8  9  2 1 1 1
     2481  8  9  3 1 1 1
     2482  8  9  4 1 1 1
     2483  8  9  5 1 1 1
     2484  8  9  6 1 1 1
     2485  8  9  7 1 1 1
     2486  8  9  8 1 1 1
     2487  8  9  9 1 1 1
     2488  8  9  10 1 1 1
     2489  8  9  11 1 1 1
     2490  8  9  12 1 1 1
     2491  8  9  13 1 1 1
     2492  8  9  14 1 1 1
     2493  8  10  1 1 1 1
     2494  8  10  2 1 1 1
     2495  8  10  3 1 1 1
     2496  8  10  4 1 1 1
     2497  8  10  5 1 1 1
     2498  8  10  6 1 1 1
     2499  8  10  7 1 1 1
     2500  8  10  8 1 1 1
     2501  8  10  9 1 1 1
     2502  8  10  10 1 1 1
     2503  8  10  11 1 1 1
     2504  8  10  12 1 1 1
     2505  8  10  13 1 1 1
     2506  8  10  14 1 1 1
     2507  8  11  1 1 1 1
     2508  8  11  2 1 1 1
     2509  8  11  3 1 1 1
     2510  8  11  4 1 1 1
     2511  8  11  5 1 1 1
     2512  8  11  6 1 1 1
     2513  8  11  7 1 1 1
     2514  8  11  8 1 1 1
     2515  8  11  9 1 1 1
     2516  8  11  10 1 1 1
     2517  8  11  11 1 1 1
     2518  8  11  12 1 1 1
     2519  8  11  13 1 1 1
     2520  8  11  14 1 1 1
     2521  8  12  1 1 1 1
     2522  8  12  2 1 1 1
     2523  8  12  3 1 1 1
     2524  8  12  4 1 1 1
     2525  8  12  5 1 1 1
     2526  8  12  6 1 1 1
     2527  8  12  7 1 1 1
     2528  8  12  8 1 1 1
     2529  8  12  9 1 1 1
     2530  8  12  10 1 1 1
     2531  8  12  11 1 1 1
     2532  8  12  12 1 1 1
     2533  8  12  13 1 1 1
     2534  8  12  14 1 1 1
     2535  8  13  1 1 1 1
     2536  8  13  2 1 1 1
     2537  8  13  3 1 1 1
     2538  8  13  4 1 1 1
     2539  8  13  5 1 1 1
     2540  8  13  6 1 1 1
     2541  8  13  7 1 1 1
     2542  8  13  8 1 1 1
     2543  8  13  9 1 1 1
     2544  8  13  10 1 1 1
     2545  8  13  11 1 1 1
     2546  8  13  12 1 1 1
     2547  8  13  13 1 1 1
     2548  8  13  14 1 1 1
     2549  8  14  1 1 1 1
     2550  8  14  2 1 1 1
     2551  8  14  3 1 1 1
     2552  8  14  4 1 1 1
     2553  8  14  5 1 1 1
     2554  8  14  6 1 1 1
     2555  8  14  7 1 1 1
     2556  8  14  8 1 1 1
     2557  8  14  9 1 1 1
     2558  8  14  10 1 1 1
     2559  8  14  11 1 1 1
     2560  8  14  12 1 1 1
     2561  8  14  13 1 1 1
     2562  8  14  14 1 1 1
     2563  8  15  1 1 1 1
     2564  8  15  2 1 1 1
     2565  8  15  3 1 1 1
     2566  8  15  4 1 1 1
     2567  8  15  5 1 1 1
     2568  8  15  6 1 1 1
     2569  8  15  7 1 1 1
     2570  8  15  8 1 1 1
     2571  8  15  9 1 1 1
     2572  8  15  10 1 1 1
     2573  8  15  11 1 1 1
     2574  8  15  12 1 1 1
     2575  8  15  13 1 1 1
     2576  8  15  14 1 1 1
     2577  8  16  1 1 1 1
     2578  8  16  2 1 1 1
     2579  8  16  3 1 1 1
     2580  8  16  4 1 1 1
     2581  8  16  5 1 1 1
     2582  8  16  6 1 1 1
     2583  8  16  7 1 1 1
     2584  8  16  8 1 1 1
     2585  8  16  9 1 1 1
     2586  8  16  10 1 1 1
     2587  8  16  11 1 1 1
     2588  8  16  12 1 1 1
     2589  8  16  13 1 1 1
     2590  8  16  14 1 1 1
     2591  8  17  1 1 1 1
     2592  8  17  2 1 1 1
     2593  8  17  3 1 1 1
     2594  8  17  4 1 1 1
     2595  8  17  5 1 1 1
     2596  8  17  6 1 1 1
     2597  8  17  7 1 1 1
     2598  8  17  8 1 1 1
     2599  8  17  9 1 1 1
     2600  8  17  10 1 1 1
     2601  8  17  11 1 1 1
     2602  8  17  12 1 1 1
     2603  8  17  13 1 1 1
     2604  8  17  14 1 1 1
     2605  8  18  1 1 1 1
     2606  8  18  2 1 1 1
     2607  8  18  3 1 1 1
     2608  8  18  4 1 1 1
     2609  8  18  5 1 1 1
     2610  8  18  6 1 1 1
     2611  8  18  7 1 1 1
     2612  8  18  8 1 1 1
     2613  8  18  9 1 1 1
     2614  8  18  10 1 1 1
     2615  8  18  11 1 1 1
     2616  8  18  12 1 1 1
     2617  8  18  13 1 1 1
     2618  8  18  14 1 1 1
     2619  8  19  1 1 1 1
     2620  8  19  2 1 1 1
     2621  8  19  3 1 1 1
     2622  8  19  4 1 1 1
     2623  8  19  5 1 1 1
     2624  8  19  6 1 1 1
     2625  8  19  7 1 1 1
     2626  8  19  8 1 1 1
     2627  8  19  9 1 1 1
     2628  8  19  10 1 1 1
     2629  8  19  11 1 1 1
     2630  8  19  12 1 1 1
     2631  8  19  13 1 1 1
     2632  8  19  14 1 1 1
     2633  8  20  1 1 1 1
     2634  8  20  2 1 1 1
     2635  8  20  3 1 1 1
     2636  8  20  4 1 1 1
     2637  8  20  5 1 1 1
     2638  8  20  6 1 1 1
     2639  8  20  7 1 1 1
     2640  8  20  8 1 1 1
     2641  8  20  9 1 1 1
     2642  8  20  10 1 1 1
     2643  8  20  11 1 1 1
     2644  8  20  12 1 1 1
     2645  8  20  13 1 1 1
     2646  8  20  14 1 1 1
     2647  8  21  1 1 1 1
     2648  8  21  2 1 1 1
     2649  8  21  3 1 1 1
     2650  8  21  4 1 1 1
     2651  8  21  5 1 1 1
     2652  8  21  6 1 1 1
     2653  8  21  7 1 1 1
     2654  8  21  8 1 1 1
     2655  8  21  9 1 1 1
     2656  8  21  10 1 1 1
     2657  8  21  11 1 1 1
     2658  8  21  12 1 1 1
     2659  8  21  13 1 1 1
     2660  8  21  14 1 1 1
     2661  8  22  1 1 1 1
     2662  8  22  2 1 1 1
     2663  8  22  3 1 1 1
     2664  8  22  4 1 1 1
     2665  8  22  5 1 1 1
     2666  8  22  6 1 1 1
     2667  8  22  7 1 1 1
     2668  8  22  8 1 1 1
     2669  8  22  9 1 1 1
     2670  8  22  10 1 1 1
     2671  8  22  11 1 1 1
     2672  8  22  12 1 1 1
     2673  8  22  13 1 1 1
     2674  8  22  14 1 1 1
     2675  8  23  1 1 1 1
     2676  8  23  2 1 1 1
     2677  8  23  3 1 1 1
     2678  8  23  4 1 1 1
     2679  8  23  5 1 1 1
     2680  8  23  6 1 1 1
     2681  8  23  7 1 1 1
     2682  8  23  8 1 1 1
     2683  8  23  9 1 1 1
     2684  8  23  10 1 1 1
     2685  8  23  11 1 1 1
     2686  8  23  12 1 1 1
     2687  8  23  13 1 1 1
     2688  8  23  14 1 1 1
     2689  9  1  1 1 1 1
     2690  9  1  2 1 1 1
     2691  9  1  3 1 1 1
     2692  9  1  4 1 1 1
     2693  9  1  5 1 1 1
     2694  9  1  6 1 1 1
     2695  9  1  7 1 1 1
     2696  9  1  8 1 1 1
     2697  9  1  9 1 1 1
     2698  9  1  10 1 1 1
     2699  9  1  11 1 1 1
     2700  9  1  12 1 1 1
     2701  9  1  13 1 1 1
     2702  9  1  14 1 1 1
     2717  9  2  1 1 1 1
     2718  9  2  2 1 1 1
     2719  9  2  3 1 1 1
     2720  9  2  4 1 1 1
     2721  9  2  5 1 1 1
     2722  9  2  6 1 1 1
     2723  9  2  7 1 1 1
     2724  9  2  8 1 1 1
     2725  9  2  9 1 1 1
     2726  9  2  10 1 1 1
     2727  9  2  11 1 1 1
     2728  9  2  12 1 1 1
     2729  9  2  13 1 1 1
     2730  9  2  14 1 1 1
     2731  9  3  1 1 1 1
     2732  9  3  2 1 1 1
     2733  9  3  3 1 1 1
     2734  9  3  4 1 1 1
     2735  9  3  5 1 1 1
     2736  9  3  6 1 1 1
     2737  9  3  7 1 1 1
     2738  9  3  8 1 1 1
     2739  9  3  9 1 1 1
     2740  9  3  10 1 1 1
     2741  9  3  11 1 1 1
     2742  9  3  12 1 1 1
     2743  9  3  13 1 1 1
     2744  9  3  14 1 1 1
     2745  9  4  1 1 1 1
     2746  9  4  2 1 1 1
     2747  9  4  3 1 1 1
     2748  9  4  4 1 1 1
     2749  9  4  5 1 1 1
     2750  9  4  6 1 1 1
     2751  9  4  7 1 1 1
     2752  9  4  8 1 1 1
     2753  9  4  9 1 1 1
     2754  9  4  10 1 1 1
     2755  9  4  11 1 1 1
     2756  9  4  12 1 1 1
     2757  9  4  13 1 1 1
     2758  9  4  14 1 1 1
     2759  9  5  1 1 1 1
     2760  9  5  2 1 1 1
     2761  9  5  3 1 1 1
     2762  9  5  4 1 1 1
     2763  9  5  5 1 1 1
     2764  9  5  6 1 1 1
     2765  9  5  7 1 1 1
     2766  9  5  8 1 1 1
     2767  9  5  9 1 1 1
     2768  9  5  10 1 1 1
     2769  9  5  11 1 1 1
     2770  9  5  12 1 1 1
     2771  9  5  13 1 1 1
     2772  9  5  14 1 1 1
     2773  9  6  1 1 1 1
     2774  9  6  2 1 1 1
     2775  9  6  3 1 1 1
     2776  9  6  4 1 1 1
     2777  9  6  5 1 1 1
     2778  9  6  6 1 1 1
     2779  9  6  7 1 1 1
     2780  9  6  8 1 1 1
     2781  9  6  9 1 1 1
     2782  9  6  10 1 1 1
     2783  9  6  11 1 1 1
     2784  9  6  12 1 1 1
     2785  9  6  13 1 1 1
     2786  9  6  14 1 1 1
     2787  9  7  1 1 1 1
     2788  9  7  2 1 1 1
     2789  9  7  3 1 1 1
     2790  9  7  4 1 1 1
     2791  9  7  5 1 1 1
     2792  9  7  6 1 1 1
     2793  9  7  7 1 1 1
     2794  9  7  8 1 1 1
     2795  9  7  9 1 1 1
     2796  9  7  10 1 1 1
     2797  9  7  11 1 1 1
     2798  9  7  12 1 1 1
     2799  9  7  13 1 1 1
     2800  9  7  14 1 1 1
     2801  9  8  1 1 1 1
     2802  9  8  2 1 1 1
     2803  9  8  3 1 1 1
     2804  9  8  4 1 1 1
     2805  9  8  5 1 1 1
     2806  9  8  6 1 1 1
     2807  9  8  7 1 1 1
     2808  9  8  8 1 1 1
     2809  9  8  9 1 1 1
     2810  9  8  10 1 1 1
     2811  9  8  11 1 1 1
     2812  9  8  12 1 1 1
     2813  9  8  13 1 1 1
     2814  9  8  14 1 1 1
     2815  9  9  1 1 1 1
     2816  9  9  2 1 1 1
     2817  9  9  3 1 1 1
     2818  9  9  4 1 1 1
     2819  9  9  5 1 1 1
     2820  9  9  6 1 1 1
     2821  9  9  7 1 1 1
     2822  9  9  8 1 1 1
     2823  9  9  9 1 1 1
     2824  9  9  10 1 1 1
     2825  9  9  11 1 1 1
     2826  9  9  12 1 1 1
     2827  9  9  13 1 1 1
     2828  9  9  14 1 1 1
     2829  9  10  1 1 1 1
     2830  9  10  2 1 1 1
     2831  9  10  3 1 1 1
     2832  9  10  4 1 1 1
     2833  9  10  5 1 1 1
     2834  9  10  6 1 1 1
     2835  9  10  7 1 1 1
     2836  9  10  8 1 1 1
     2837  9  10  9 1 1 1
     2838  9  10  10 1 1 1
     2839  9  10  11 1 1 1
     2840  9  10  12 1 1 1
     2841  9  10  13 1 1 1
     2842  9  10  14 1 1 1
     2843  9  11  1 1 1 1
     2844  9  11  2 1 1 1
     2845  9  11  3 1 1 1
     2846  9  11  4 1 1 1
     2847  9  11  5 1 1 1
     2848  9  11  6 1 1 1
     2849  9  11  7 1 1 1
     2850  9  11  8 1 1 1
     2851  9  11  9 1 1 1
     2852  9  11  10 1 1 1
     2853  9  11  11 1 1 1
     2854  9  11  12 1 1 1
     2855  9  11  13 1 1 1
     2856  9  11  14 1 1 1
     2857  9  12  1 1 1 1
     2858  9  12  2 1 1 1
     2859  9  12  3 1 1 1
     2860  9  12  4 1 1 1
     2861  9  12  5 1 1 1
     2862  9  12  6 1 1 1
     2863  9  12  7 1 1 1
     2864  9  12  8 1 1 1
     2865  9  12  9 1 1 1
     2866  9  12  10 1 1 1
     2867  9  12  11 1 1 1
     2868  9  12  12 1 1 1
     2869  9  12  13 1 1 1
     2870  9  12  14 1 1 1
     2871  9  13  1 1 1 1
     2872  9  13  2 1 1 1
     2873  9  13  3 1 1 1
     2874  9  13  4 1 1 1
     2875  9  13  5 1 1 1
     2876  9  13  6 1 1 1
     2877  9  13  7 1 1 1
     2878  9  13  8 1 1 1
     2879  9  13  9 1 1 1
     2880  9  13  10 1 1 1
     2881  9  13  11 1 1 1
     2882  9  13  12 1 1 1
     2883  9  13  13 1 1 1
     2884  9  13  14 1 1 1
     2885  9  14  1 1 1 1
     2886  9  14  2 1 1 1
     2887  9  14  3 1 1 1
     2888  9  14  4 1 1 1
     2889  9  14  5 1 1 1
     2890  9  14  6 1 1 1
     2891  9  14  7 1 1 1
     2892  9  14  8 1 1 1
     2893  9  14  9 1 1 1
     2894  9  14  10 1 1 1
     2895  9  14  11 1 1 1
     2896  9  14  12 1 1 1
     2897  9  14  13 1 1 1
     2898  9  14  14 1 1 1
     2899  9  15  1 1 1 1
     2900  9  15  2 1 1 1
     2901  9  15  3 1 1 1
     2902  9  15  4 1 1 1
     2903  9  15  5 1 1 1
     2904  9  15  6 1 1 1
     2905  9  15  7 1 1 1
     2906  9  15  8 1 1 1
     2907  9  15  9 1 1 1
     2908  9  15  10 1 1 1
     2909  9  15  11 1 1 1
     2910  9  15  12 1 1 1
     2911  9  15  13 1 1 1
     2912  9  15  14 1 1 1
     2913  9  16  1 1 1 1
     2914  9  16  2 1 1 1
     2915  9  16  3 1 1 1
     2916  9  16  4 1 1 1
     2917  9  16  5 1 1 1
     2918  9  16  6 1 1 1
     2919  9  16  7 1 1 1
     2920  9  16  8 1 1 1
     2921  9  16  9 1 1 1
     2922  9  16  10 1 1 1
     2923  9  16  11 1 1 1
     2924  9  16  12 1 1 1
     2925  9  16  13 1 1 1
     2926  9  16  14 1 1 1
     2927  9  17  1 1 1 1
     2928  9  17  2 1 1 1
     2929  9  17  3 1 1 1
     2930  9  17  4 1 1 1
     2931  9  17  5 1 1 1
     2932  9  17  6 1 1 1
     2933  9  17  7 1 1 1
     2934  9  17  8 1 1 1
     2935  9  17  9 1 1 1
     2936  9  17  10 1 1 1
     2937  9  17  11 1 1 1
     2938  9  17  12 1 1 1
     2939  9  17  13 1 1 1
     2940  9  17  14 1 1 1
     2941  9  18  1 1 1 1
     2942  9  18  2 1 1 1
     2943  9  18  3 1 1 1
     2944  9  18  4 1 1 1
     2945  9  18  5 1 1 1
     2946  9  18  6 1 1 1
     2947  9  18  7 1 1 1
     2948  9  18  8 1 1 1
     2949  9  18  9 1 1 1
     2950  9  18  10 1 1 1
     2951  9  18  11 1 1 1
     2952  9  18  12 1 1 1
     2953  9  18  13 1 1 1
     2954  9  18  14 1 1 1
     2955  9  19  1 1 1 1
     2956  9  19  2 1 1 1
     2957  9  19  3 1 1 1
     2958  9  19  4 1 1 1
     2959  9  19  5 1 1 1
     2960  9  19  6 1 1 1
     2961  9  19  7 1 1 1
     2962  9  19  8 1 1 1
     2963  9  19  9 1 1 1
     2964  9  19  10 1 1 1
     2965  9  19  11 1 1 1
     2966  9  19  12 1 1 1
     2967  9  19  13 1 1 1
     2968  9  19  14 1 1 1
     2969  9  20  1 1 1 1
     2970  9  20  2 1 1 1
     2971  9  20  3 1 1 1
     2972  9  20  4 1 1 1
     2973  9  20  5 1 1 1
     2974  9  20  6 1 1 1
     2975  9  20  7 1 1 1
     2976  9  20  8 1 1 1
     2977  9  20  9 1 1 1
     2978  9  20  10 1 1 1
     2979  9  20  11 1 1 1
     2980  9  20  12 1 1 1
     2981  9  20  13 1 1 1
     2982  9  20  14 1 1 1
     2983  9  21  1 1 1 1
     2984  9  21  2 1 1 1
     2985  9  21  3 1 1 1
     2986  9  21  4 1 1 1
     2987  9  21  5 1 1 1
     2988  9  21  6 1 1 1
     2989  9  21  7 1 1 1
     2990  9  21  8 1 1 1
     2991  9  21  9 1 1 1
     2992  9  21  10 1 1 1
     2993  9  21  11 1 1 1
     2994  9  21  12 1 1 1
     2995  9  21  13 1 1 1
     2996  9  21  14 1 1 1
     2997  9  22  1 1 1 1
     2998  9  22  2 1 1 1
     2999  9  22  3 1 1 1
     3000  9  22  4 1 1 1
     3001  9  22  5 1 1 1
     3002  9  22  6 1 1 1
     3003  9  22  7 1 1 1
     3004  9  22  8 1 1 1
     3005  9  22  9 1 1 1
     3006  9  22  10 1 1 1
     3007  9  22  11 1 1 1
     3008  9  22  12 1 1 1
     3009  9  22  13 1 1 1
     3010  9  22  14 1 1 1
     3011  9  23  1 1 1 1
     3012  9  23  2 1 1 1
     3013  9  23  3 1 1 1
     3014  9  23  4 1 1 1
     3015  9  23  5 1 1 1
     3016  9  23  6 1 1 1
     3017  9  23  7 1 1 1
     3018  9  23  8 1 1 1
     3019  9  23  9 1 1 1
     3020  9  23  10 1 1 1
     3021  9  23  11 1 1 1
     3022  9  23  12 1 1 1
     3023  9  23  13 1 1 1
     3024  9  23  14 1 1 1