>GEOMETRY   rect_prism; AX,AY,AZ= 0.6028 0.6028 0.6028
     3570 = NAT 
  1.000000  0.000000  0.000000 = A_1 vector
  0.000000  1.000000  0.000000 = A_2 vector
  1.000000  1.000000  1.000000 = lattice spacings (d_x,d_y,d_z)/d
 -0.03150 -0.14570 -0.08205 = lattice offset x0(1-3) = (x_TF, y_TF, z_TF)/d for dipole 0 0 0
     JA  IX  IY  IZ ICOMP(x,y,z)
     1  1  1  1 1 1 1
     2  1  1  2 1 1 1
     3  1  1  3 1 1 1
     4  1  1  4 1 1 1
     5  1  1  5 1 1 1
     6  1  1  6 1 1 1
     7  1  1  7 1 1 1
     8  1  1  8 1 1 1
     9  1  1  9 1 1 1
     10  1  1  10 1 1 1
     11  1  1  11 1 1 1
     12  1  1  12 1 1 1
     13  1  1  13 1 1 1
     14  1  1  14 1 1 1
     15  1  1  15 1 1 1
     16  1  1  16 1 1 1
     17  1  1  17 1 1 1
     18  1  2  1 1 1 1
     19  1  2  2 1 1 1
     20  1  2  3 1 1 1
     21  1  2  4 1 1 1
     22  1  2  5 1 1 1
     23  1  2  6 1 1 1
     24  1  2  7 1 1 1
     25  1  2  8 1 1 1
     26  1  2  9 1 1 1
     27  1  2  10 1 1 1
     28  1  2  11 1 1 1
     29  1  2  12 1 1 1
     30  1  2  13 1 1 1
     31  1  2  14 1 1 1
     32  1  2  15 1 1 1
     33  1  2  16 1 1 1
     34  1  2  17 1 1 1
     35  1  3  1 1 1 1
     36  1  3  2 1 1 1
     37  1  3  3 1 1 1
     38  1  3  4 1 1 1
     39  1  3  5 1 1 1
     40  1  3  6 1 1 1
     41  1  3  7 1 1 1
     42  1  3  8 1 1 1
     43  1  3  9 1 1 1
     44  1  3  10 1 1 1
     45  1  3  11 1 1 1
     46  1  3  12 1 1 1
     47  1  3  13 1 1 1
     48  1  3  14 1 1 1
     49  1  3  15 1 1 1
     50  1  3  16 1 1 1
     51  1  3  17 1 1 1
     52  1  4  1 1 1 1
     53  1  4  2 1 1 1
     54  1  4  3 1 1 1
     55  1  4  4 1 1 1
     56  1  4  5 1 1 1
     57  1  4  6 1 1 1
     58  1  4  7 1 1 1
     59  1  4  8 1 1 1
     60  1  4  9 1 1 1
     61  1  4  10 1 1 1
     62  1  4  11 1 1 1
     63  1  4  12 1 1 1
     64  1  4  13 1 1 1
     65  1  4  14 1 1 1
     66  1  4  15 1 1 1
     67  1  4  16 1 1 1
     68  1  4  17 1 1 1
     69  1  5  1 1 1 1
     70  1  5  2 1 1 1
     71  1  5  3 1 1 1
     72  1  5  4 1 1 1
     73  1  5  5 1 1 1
     74  1  5  6 1 1 1
     75  1  5  7 1 1 1
     76  1  5  8 1 1 1
     77  1  5  9 1 1 1
     78  1  5  10 1 1 1
     79  1  5  11 1 1 1
     80  1  5  12 1 1 1
     81  1  5  13 1 1 1
     82  1  5  14 1 1 1
     83  1  5  15 1 1 1
     84  1  5  16 1 1 1
     85  1  5  17 1 1 1
     86  1  6  1 1 1 1
     87  1  6  2 1 1 1
     88  1  6  3 1 1 1
     89  1  6  4 1 1 1
     90  1  6  5 1 1 1
     91  1  6  6 1 1 1
     92  1  6  7 1 1 1
     93  1  6  8 1 1 1
     94  1  6  9 1 1 1
     95  1  6  10 1 1 1
     96  1  6  11 1 1 1
     97  1  6  12 1 1 1
     98  1  6  13 1 1 1
     99  1  6  14 1 1 1
     100  1  6  15 1 1 1
     101  1  6  16 1 1 1
     102  1  6  17 1 1 1
     103  1  7  1 1 1 1
     104  1  7  2 1 1 1
     105  1  7  3 1 1 1
     106  1  7  4 1 1 1
     107  1  7  5 1 1 1
     108  1  7  6 1 1 1
     109  1  7  7 1 1 1
     110  1  7  8 1 1 1
     111  1  7  9 1 1 1
     112  1  7  10 1 1 1
     113  1  7  11 1 1 1
     114  1  7  12 1 1 1
     115  1  7  13 1 1 1
     116  1  7  14 1 1 1
     117  1  7  15 1 1 1
     118  1  7  16 1 1 1
     119  1  7  17 1 1 1
     120  1  8  1 1 1 1
     121  1  8  2 1 1 1
     122  1  8  3 1 1 1
     123  1  8  4 1 1 1
     124  1  8  5 1 1 1
     125  1  8  6 1 1 1
     126  1  8  7 1 1 1
     127  1  8  8 1 1 1
     128  1  8  9 1 1 1
     129  1  8  10 1 1 1
     130  1  8  11 1 1 1
     131  1  8  12 1 1 1
     132  1  8  13 1 1 1
     133  1  8  14 1 1 1
     134  1  8  15 1 1 1
     135  1  8  16 1 1 1
     136  1  8  17 1 1 1
     137  1  9  1 1 1 1
     138  1  9  2 1 1 1
     139  1  9  3 1 1 1
     140  1  9  4 1 1 1
     141  1  9  5 1 1 1
     142  1  9  6 1 1 1
     143  1  9  7 1 1 1
     144  1  9  8 1 1 1
     145  1  9  9 1 1 1
     146  1  9  10 1 1 1
     147  1  9  11 1 1 1
     148  1  9  12 1 1 1
     149  1  9  13 1 1 1
     150  1  9  14 1 1 1
     151  1  9  15 1 1 1
     152  1  9  16 1 1 1
     153  1  9  17 1 1 1
     154  1  10  1 1 1 1
     155  1  10  2 1 1 1
     156  1  10  3 1 1 1
     157  1  10  4 1 1 1
     158  1  10  5 1 1 1
     159  1  10  6 1 1 1
     160  1  10  7 1 1 1
     161  1  10  8 1 1 1
     162  1  10  9 1 1 1
     163  1  10  10 1 1 1
     164  1  10  11 1 1 1
     165  1  10  12 1 1 1
     166  1  10  13 1 1 1
     167  1  10  14 1 1 1
     168  1  10  15 1 1 1
     169  1  10  16 1 1 1
     170  1  10  17 1 1 1
     171  1  11  1 1 1 1
     172  1  11  2 1 1 1
     173  1  11  3 1 1 1
     174  1  11  4 1 1 1
     175  1  11  5 1 1 1
     176  1  11  6 1 1 1
     177  1  11  7 1 1 1
     178  1  11  8 1 1 1
     179  1  11  9 1 1 1
     180  1  11  10 1 1 1
     181  1  11  11 1 1 1
     182  1  11  12 1 1 1
     183  1  11  13 1 1 1
     184  1  11  14 1 1 1
     185  1  11  15 1 1 1
     186  1  11  16 1 1 1
     187  1  11  17 1 1 1
     188  1  12  1 1 1 1
     189  1  12  2 1 1 1
     190  1  12  3 1 1 1
     191  1  12  4 1 1 1
     192  1  12  5 1 1 1
     193  1  12  6 1 1 1
     194  1  12  7 1 1 1
     195  1  12  8 1 1 1
     196  1  12  9 1 1 1
     197  1  12  10 1 1 1
     198  1  12  11 1 1 1
     199  1  12  12 1 1 1
     200  1  12  13 1 1 1
     201  1  12  14 1 1 1
     202  1  12  15 1 1 1
     203  1  12  16 1 1 1
     204  1  12  17 1 1 1
     205  1  13  1 1 1 1
     206  1  13  2 1 1 1
     207  1  13  3 1 1 1
     208  1  13  4 1 1 1
     209  1  13  5 1 1 1
     210  1  13  6 1 1 1
     211  1  13  7 1 1 1
     212  1  13  8 1 1 1
     213  1  13  9 1 1 1
     214  1  13  10 1 1 1
     215  1  13  11 1 1 1
     216  1  13  12 1 1 1
     217  1  13  13 1 1 1
     218  1  13  14 1 1 1
     219  1  13  15 1 1 1
     220  1  13  16 1 1 1
     221  1  13  17 1 1 1
     222  1  14  1 1 1 1
     223  1  14  2 1 1 1
     224  1  14  3 1 1 1
     225  1  14  4 1 1 1
     226  1  14  5 1 1 1
     227  1  14  6 1 1 1
     228  1  14  7 1 1 1
     229  1  14  8 1 1 1
     230  1  14  9 1 1 1
     231  1  14  10 1 1 1
     232  1  14  11 1 1 1
     233  1  14  12 1 1 1
     234  1  14  13 1 1 1
     235  1  14  14 1 1 1
     236  1  14  15 1 1 1
     237  1  14  16 1 1 1
     238  1  14  17 1 1 1
     239  1  15  1 1 1 1
     240  1  15  2 1 1 1
     241  1  15  3 1 1 1
     242  1  15  4 1 1 1
     243  1  15  5 1 1 1
     244  1  15  6 1 1 1
     245  1  15  7 1 1 1
     246  1  15  8 1 1 1
     247  1  15  9 1 1 1
     248  1  15  10 1 1 1
     249  1  15  11 1 1 1
     250  1  15  12 1 1 1
     251  1  15  13 1 1 1
     252  1  15  14 1 1 1
     253  1  15  15 1 1 1
     254  1  15  16 1 1 1
     255  1  15  17 1 1 1
     256  1  16  1 1 1 1
     257  1  16  2 1 1 1
     258  1  16  3 1 1 1
     259  1  16  4 1 1 1
     260  1  16  5 1 1 1
     261  1  16  6 1 1 1
     262  1  16  7 1 1 1
     263  1  16  8 1 1 1
     264  1  16  9 1 1 1
     265  1  16  10 1 1 1
     266  1  16  11 1 1 1
     267  1  16  12 1 1 1
     268  1  16  13 1 1 1
     269  1  16  14 1 1 1
     270  1  16  15 1 1 1
     271  1  16  16 1 1 1
     272  1  16  17 1 1 1
     273  1  17  1 1 1 1
     274  1  17  2 1 1 1
     275  1  17  3 1 1 1
     276  1  17  4 1 1 1
     277  1  17  5 1 1 1
     278  1  17  6 1 1 1
     279  1  17  7 1 1 1
     280  1  17  8 1 1 1
     281  1  17  9 1 1 1
     282  1  17  10 1 1 1
     283  1  17  11 1 1 1
     284  1  17  12 1 1 1
     285  1  17  13 1 1 1
     286  1  17  14 1 1 1
     287  1  17  15 1 1 1
     288  1  17  16 1 1 1
     289  1  17  17 1 1 1
     290  1  18  1 1 1 1
     291  1  18  2 1 1 1
     292  1  18  3 1 1 1
     293  1  18  4 1 1 1
     294  1  18  5 1 1 1
     295  1  18  6 1 1 1
     296  1  18  7 1 1 1
     297  1  18  8 1 1 1
     298  1  18  9 1 1 1
     299  1  18  10 1 1 1
     300  1  18  11 1 1 1
     301  1  18  12 1 1 1
     302  1  18  13 1 1 1
     303  1  18  14 1 1 1
     304  1  18  15 1 1 1
     305  1  18  16 1 1 1
     306  1  18  17 1 1 1
     307  1  19  1 1 1 1
     308  1  19  2 1 1 1
     309  1  19  3 1 1 1
     310  1  19  4 1 1 1
     311  1  19  5 1 1 1
     312  1  19  6 1 1 1
     313  1  19  7 1 1 1
     314  1  19  8 1 1 1
     315  1  19  9 1 1 1
     316  1  19  10 1 1 1
     317  1  19  11 1 1 1
     318  1  19  12 1 1 1
     319  1  19  13 1 1 1
     320  1  19  14 1 1 1
     321  1  19  15 1 1 1
     322  1  19  16 1 1 1
     323  1  19  17 1 1 1
     324  1  20  1 1 1 1
     325  1  20  2 1 1 1
     326  1  20  3 1 1 1
     327  1  20  4 1 1 1
     328  1  20  5 1 1 1
     329  1  20  6 1 1 1
     330  1  20  7 1 1 1
     331  1  20  8 1 1 1
     332  1  20  9 1 1 1
     333  1  20  10 1 1 1
     334  1  20  11 1 1 1
     335  1  20  12 1 1 1
     336  1  20  13 1 1 1
     337  1  20  14 1 1 1
     338  1  20  15 1 1 1
     339  1  20  16 1 1 1
     340  1  20  17 1 1 1
     341  1  21  1 1 1 1
     342  1  21  2 1 1 1
     343  1  21  3 1 1 1
     344  1  21  4 1 1 1
     345  1  21  5 1 1 1
     346  1  21  6 1 1 1
     347  1  21  7 1 1 1
     348  1  21  8 1 1 1
     349  1  21  9 1 1 1
     350  1  21  10 1 1 1
     351  1  21  11 1 1 1
     352  1  21  12 1 1 1
     353  1  21  13 1 1 1
     354  1  21  14 1 1 1
     355  1  21  15 1 1 1
     356  1  21  16 1 1 1
     357  1  21  17 1 1 1
     358  1  22  1 1 1 1
     359  1  22  2 1 1 1
     360  1  22  3 1 1 1
     361  1  22  4 1 1 1
     362  1  22  5 1 1 1
     363  1  22  6 1 1 1
     364  1  22  7 1 1 1
     365  1  22  8 1 1 1
     366  1  22  9 1 1 1
     367  1  22  10 1 1 1
     368  1  22  11 1 1 1
     369  1  22  12 1 1 1
     370  1  22  13 1 1 1
     371  1  22  14 1 1 1
     372  1  22  15 1 1 1
     373  1  22  16 1 1 1
     374  1  22  17 1 1 1
     375  1  23  1 1 1 1
     376  1  23  2 1 1 1
     377  1  23  3 1 1 1
     378  1  23  4 1 1 1
     379  1  23  5 1 1 1
     380  1  23  6 1 1 1
     381  1  23  7 1 1 1
     382  1  23  8 1 1 1
     383  1  23  9 1 1 1
     384  1  23  10 1 1 1
     385  1  23  11 1 1 1
     386  1  23  12 1 1 1
     387  1  23  13 1 1 1
     388  1  23  14 1 1 1
     389  1  23  15 1 1 1
     390  1  23  16 1 1 1
     391  1  23  17 1 1 1
     392  1  24  1 1 1 1
     393  1  24  2 1 1 1
     394  1  24  3 1 1 1
     395  1  24  4 1 1 1
     396  1  24  5 1 1 1
     397  1  24  6 1 1 1
     398  1  24  7 1 1 1
     399  1  24  8 1 1 1
     400  1  24  9 1 1 1
     401  1  24  10 1 1 1
     402  1  24  11 1 1 1
     403  1  24  12 1 1 1
     404  1  24  13 1 1 1
     405  1  24  14 1 1 1
     406  1  24  15 1 1 1
     407  1  24  16 1 1 1
     408  1  24  17 1 1 1
     409  1  25  1 1 1 1
     410  1  25  2 1 1 1
     411  1  25  3 1 1 1
     412  1  25  4 1 1 1
     413  1  25  5 1 1 1
     414  1  25  6 1 1 1
     415  1  25  7 1 1 1
     416  1  25  8 1 1 1
     417  1  25  9 1 1 1
     418  1  25  10 1 1 1
     419  1  25  11 1 1 1
     420  1  25  12 1 1 1
     421  1  25  13 1 1 1
     422  1  25  14 1 1 1
     423  1  25  15 1 1 1
     424  1  25  16 1 1 1
     425  1  25  17 1 1 1
     426  1  26  1 1 1 1
     427  1  26  2 1 1 1
     428  1  26  3 1 1 1
     429  1  26  4 1 1 1
     430  1  26  5 1 1 1
     431  1  26  6 1 1 1
     432  1  26  7 1 1 1
     433  1  26  8 1 1 1
     434  1  26  9 1 1 1
     435  1  26  10 1 1 1
     436  1  26  11 1 1 1
     437  1  26  12 1 1 1
     438  1  26  13 1 1 1
     439  1  26  14 1 1 1
     440  1  26  15 1 1 1
     441  1  26  16 1 1 1
     442  1  26  17 1 1 1
     443  1  27  1 1 1 1
     444  1  27  2 1 1 1
     445  1  27  3 1 1 1
     446  1  27  4 1 1 1
     447  1  27  5 1 1 1
     448  1  27  6 1 1 1
     449  1  27  7 1 1 1
     450  1  27  8 1 1 1
     451  1  27  9 1 1 1
     452  1  27  10 1 1 1
     453  1  27  11 1 1 1
     454  1  27  12 1 1 1
     455  1  27  13 1 1 1
     456  1  27  14 1 1 1
     457  1  27  15 1 1 1
     458  1  27  16 1 1 1
     459  1  27  17 1 1 1
     460  1  28  1 1 1 1
     461  1  28  2 1 1 1
     462  1  28  3 1 1 1
     463  1  28  4 1 1 1
     464  1  28  5 1 1 1
     465  1  28  6 1 1 1
     466  1  28  7 1 1 1
     467  1  28  8 1 1 1
     468  1  28  9 1 1 1
     469  1  28  10 1 1 1
     470  1  28  11 1 1 1
     471  1  28  12 1 1 1
     472  1  28  13 1 1 1
     473  1  28  14 1 1 1
     474  1  28  15 1 1 1
     475  1  28  16 1 1 1
     476  1  28  17 1 1 1
     477  1  29  1 1 1 1
     478  1  29  2 1 1 1
     479  1  29  3 1 1 1
     480  1  29  4 1 1 1
     481  1  29  5 1 1 1
     482  1  29  6 1 1 1
     483  1  29  7 1 1 1
     484  1  29  8 1 1 1
     485  1  29  9 1 1 1
     486  1  29  10 1 1 1
     487  1  29  11 1 1 1
     488  1  29  12 1 1 1
     489  1  29  13 1 1 1
     490  1  29  14 1 1 1
     491  1  29  15 1 1 1
     492  1  29  16 1 1 1
     493  1  29  17 1 1 1
     494  1  30  1 1 1 1
     495  1  30  2 1 1 1
     496  1  30  3 1 1 1
     497  1  30  4 1 1 1
     498  1  30  5 1 1 1
     499  1  30  6 1 1 1
     500  1  30  7 1 1 1
     501  1  30  8 1 1 1
     502  1  30  9 1 1 1
     503  1  30  10 1 1 1
     504  1  30  11 1 1 1
     505  1  30  12 1 1 1
     506  1  30  13 1 1 1
     507  1  30  14 1 1 1
     508  1  30  15 1 1 1
     509  1  30  16 1 1 1
     510  1  30  17 1 1 1
     511  2  1  1 1 1 1
     512  2  1  2 1 1 1
     513  2  1  3 1 1 1
     514  2  1  4 1 1 1
     515  2  1  5 1 1 1
     516  2  1  6 1 1 1
     517  2  1  7 1 1 1
     518  2  1  8 1 1 1
     519  2  1  9 1 1 1
     520  2  1  10 1 1 1
     521  2  1  11 1 1 1
     522  2  1  12 1 1 1
     523  2  1  13 1 1 1
     524  2  1  14 1 1 1
     525  2  1  15 1 1 1
     526  2  1  16 1 1 1
     527  2  1  17 1 1 1
     528  2  2  1 1 1 1
     529  2  2  2 1 1 1
     530  2  2  3 1 1 1
     531  2  2  4 1 1 1
     532  2  2  5 1 1 1
     533  2  2  6 1 1 1
     534  2  2  7 1 1 1
     535  2  2  8 1 1 1
     536  2  2  9 1 1 1
     537  2  2  10 1 1 1
     538  2  2  11 1 1 1
     539  2  2  12 1 1 1
     540  2  2  13 1 1 1
     541  2  2  14 1 1 1
     542  2  2  15 1 1 1
     543  2  2  16 1 1 1
     544  2  2  17 1 1 1
     545  2  3  1 1 1 1
     546  2  3  2 1 1 1
     547  2  3  3 1 1 1
     548  2  3  4 1 1 1
     549  2  3  5 1 1 1
     550  2  3  6 1 1 1
     551  2  3  7 1 1 1
     552  2  3  8 1 1 1
     553  2  3  9 1 1 1
     554  2  3  10 1 1 1
     555  2  3  11 1 1 1
     556  2  3  12 1 1 1
     557  2  3  13 1 1 1
     558  2  3  14 1 1 1
     559  2  3  15 1 1 1
     560  2  3  16 1 1 1
     561  2  3  17 1 1 1
     562  2  4  1 1 1 1
     563  2  4  2 1 1 1
     564  2  4  3 1 1 1
     565  2  4  4 1 1 1
     566  2  4  5 1 1 1
     567  2  4  6 1 1 1
     568  2  4  7 1 1 1
     569  2  4  8 1 1 1
     570  2  4  9 1 1 1
     571  2  4  10 1 1 1
     572  2  4  11 1 1 1
     573  2  4  12 1 1 1
     574  2  4  13 1 1 1
     575  2  4  14 1 1 1
     576  2  4  15 1 1 1
     577  2  4  16 1 1 1
     578  2  4  17 1 1 1
     579  2  5  1 1 1 1
     580  2  5  2 1 1 1
     581  2  5  3 1 1 1
     582  2  5  4 1 1 1
     583  2  5  5 1 1 1
     584  2  5  6 1 1 1
     585  2  5  7 1 1 1
     586  2  5  8 1 1 1
     587  2  5  9 1 1 1
     588  2  5  10 1 1 1
     589  2  5  11 1 1 1
     590  2  5  12 1 1 1
     591  2  5  13 1 1 1
     592  2  5  14 1 1 1
     593  2  5  15 1 1 1
     594  2  5  16 1 1 1
     595  2  5  17 1 1 1
     596  2  6  1 1 1 1
     597  2  6  2 1 1 1
     598  2  6  3 1 1 1
     599  2  6  4 1 1 1
     600  2  6  5 1 1 1
     601  2  6  6 1 1 1
     602  2  6  7 1 1 1
     603  2  6  8 1 1 1
     604  2  6  9 1 1 1
     605  2  6  10 1 1 1
     606  2  6  11 1 1 1
     607  2  6  12 1 1 1
     608  2  6  13 1 1 1
     609  2  6  14 1 1 1
     610  2  6  15 1 1 1
     611  2  6  16 1 1 1
     612  2  6  17 1 1 1
     613  2  7  1 1 1 1
     614  2  7  2 1 1 1
     615  2  7  3 1 1 1
     616  2  7  4 1 1 1
     617  2  7  5 1 1 1
     618  2  7  6 1 1 1
     619  2  7  7 1 1 1
     620  2  7  8 1 1 1
     621  2  7  9 1 1 1
     622  2  7  10 1 1 1
     623  2  7  11 1 1 1
     624  2  7  12 1 1 1
     625  2  7  13 1 1 1
     626  2  7  14 1 1 1
     627  2  7  15 1 1 1
     628  2  7  16 1 1 1
     629  2  7  17 1 1 1
     630  2  8  1 1 1 1
     631  2  8  2 1 1 1
     632  2  8  3 1 1 1
     633  2  8  4 1 1 1
     634  2  8  5 1 1 1
     635  2  8  6 1 1 1
     636  2  8  7 1 1 1
     637  2  8  8 1 1 1
     638  2  8  9 1 1 1
     639  2  8  10 1 1 1
     640  2  8  11 1 1 1
     641  2  8  12 1 1 1
     642  2  8  13 1 1 1
     643  2  8  14 1 1 1
     644  2  8  15 1 1 1
     645  2  8  16 1 1 1
     646  2  8  17 1 1 1
     647  2  9  1 1 1 1
     648  2  9  2 1 1 1
     649  2  9  3 1 1 1
     650  2  9  4 1 1 1
     651  2  9  5 1 1 1
     652  2  9  6 1 1 1
     653  2  9  7 1 1 1
     654  2  9  8 1 1 1
     655  2  9  9 1 1 1
     656  2  9  10 1 1 1
     657  2  9  11 1 1 1
     658  2  9  12 1 1 1
     659  2  9  13 1 1 1
     660  2  9  14 1 1 1
     661  2  9  15 1 1 1
     662  2  9  16 1 1 1
     663  2  9  17 1 1 1
     664  2  10  1 1 1 1
     665  2  10  2 1 1 1
     666  2  10  3 1 1 1
     667  2  10  4 1 1 1
     668  2  10  5 1 1 1
     669  2  10  6 1 1 1
     670  2  10  7 1 1 1
     671  2  10  8 1 1 1
     672  2  10  9 1 1 1
     673  2  10  10 1 1 1
     674  2  10  11 1 1 1
     675  2  10  12 1 1 1
     676  2  10  13 1 1 1
     677  2  10  14 1 1 1
     678  2  10  15 1 1 1
     679  2  10  16 1 1 1
     680  2  10  17 1 1 1
     681  2  11  1 1 1 1
     682  2  11  2 1 1 1
     683  2  11  3 1 1 1
     684  2  11  4 1 1 1
     685  2  11  5 1 1 1
     686  2  11  6 1 1 1
     687  2  11  7 1 1 1
     688  2  11  8 1 1 1
     689  2  11  9 1 1 1
     690  2  11  10 1 1 1
     691  2  11  11 1 1 1
     692  2  11  12 1 1 1
     693  2  11  13 1 1 1
     694  2  11  14 1 1 1
     695  2  11  15 1 1 1
     696  2  11  16 1 1 1
     697  2  11  17 1 1 1
     698  2  12  1 1 1 1
     699  2  12  2 1 1 1
     700  2  12  3 1 1 1
     701  2  12  4 1 1 1
     702  2  12  5 1 1 1
     703  2  12  6 1 1 1
     704  2  12  7 1 1 1
     705  2  12  8 1 1 1
     706  2  12  9 1 1 1
     707  2  12  10 1 1 1
     708  2  12  11 1 1 1
     709  2  12  12 1 1 1
     710  2  12  13 1 1 1
     711  2  12  14 1 1 1
     712  2  12  15 1 1 1
     713  2  12  16 1 1 1
     714  2  12  17 1 1 1
     715  2  13  1 1 1 1
     716  2  13  2 1 1 1
     717  2  13  3 1 1 1
     718  2  13  4 1 1 1
     719  2  13  5 1 1 1
     720  2  13  6 1 1 1
     721  2  13  7 1 1 1
     722  2  13  8 1 1 1
     723  2  13  9 1 1 1
     724  2  13  10 1 1 1
     725  2  13  11 1 1 1
     726  2  13  12 1 1 1
     727  2  13  13 1 1 1
     728  2  13  14 1 1 1
     729  2  13  15 1 1 1
     730  2  13  16 1 1 1
     731  2  13  17 1 1 1
     732  2  14  1 1 1 1
     733  2  14  2 1 1 1
     734  2  14  3 1 1 1
     735  2  14  4 1 1 1
     736  2  14  5 1 1 1
     737  2  14  6 1 1 1
     738  2  14  7 1 1 1
     739  2  14  8 1 1 1
     740  2  14  9 1 1 1
     741  2  14  10 1 1 1
     742  2  14  11 1 1 1
     743  2  14  12 1 1 1
     744  2  14  13 1 1 1
     745  2  14  14 1 1 1
     746  2  14  15 1 1 1
     747  2  14  16 1 1 1
     748  2  14  17 1 1 1
     749  2  15  1 1 1 1
     750  2  15  2 1 1 1
     751  2  15  3 1 1 1
     752  2  15  4 1 1 1
     753  2  15  5 1 1 1
     754  2  15  6 1 1 1
     755  2  15  7 1 1 1
     756  2  15  8 1 1 1
     757  2  15  9 1 1 1
     758  2  15  10 1 1 1
     759  2  15  11 1 1 1
     760  2  15  12 1 1 1
     761  2  15  13 1 1 1
     762  2  15  14 1 1 1
     763  2  15  15 1 1 1
     764  2  15  16 1 1 1
     765  2  15  17 1 1 1
     766  2  16  1 1 1 1
     767  2  16  2 1 1 1
     768  2  16  3 1 1 1
     769  2  16  4 1 1 1
     770  2  16  5 1 1 1
     771  2  16  6 1 1 1
     772  2  16  7 1 1 1
     773  2  16  8 1 1 1
     774  2  16  9 1 1 1
     775  2  16  10 1 1 1
     776  2  16  11 1 1 1
     777  2  16  12 1 1 1
     778  2  16  13 1 1 1
     779  2  16  14 1 1 1
     780  2  16  15 1 1 1
     781  2  16  16 1 1 1
     782  2  16  17 1 1 1
     783  2  17  1 1 1 1
     784  2  17  2 1 1 1
     785  2  17  3 1 1 1
     786  2  17  4 1 1 1
     787  2  17  5 1 1 1
     788  2  17  6 1 1 1
     789  2  17  7 1 1 1
     790  2  17  8 1 1 1
     791  2  17  9 1 1 1
     792  2  17  10 1 1 1
     793  2  17  11 1 1 1
     794  2  17  12 1 1 1
     795  2  17  13 1 1 1
     796  2  17  14 1 1 1
     797  2  17  15 1 1 1
     798  2  17  16 1 1 1
     799  2  17  17 1 1 1
     800  2  18  1 1 1 1
     801  2  18  2 1 1 1
     802  2  18  3 1 1 1
     803  2  18  4 1 1 1
     804  2  18  5 1 1 1
     805  2  18  6 1 1 1
     806  2  18  7 1 1 1
     807  2  18  8 1 1 1
     808  2  18  9 1 1 1
     809  2  18  10 1 1 1
     810  2  18  11 1 1 1
     811  2  18  12 1 1 1
     812  2  18  13 1 1 1
     813  2  18  14 1 1 1
     814  2  18  15 1 1 1
     815  2  18  16 1 1 1
     816  2  18  17 1 1 1
     817  2  19  1 1 1 1
     818  2  19  2 1 1 1
     819  2  19  3 1 1 1
     820  2  19  4 1 1 1
     821  2  19  5 1 1 1
     822  2  19  6 1 1 1
     823  2  19  7 1 1 1
     824  2  19  8 1 1 1
     825  2  19  9 1 1 1
     826  2  19  10 1 1 1
     827  2  19  11 1 1 1
     828  2  19  12 1 1 1
     829  2  19  13 1 1 1
     830  2  19  14 1 1 1
     831  2  19  15 1 1 1
     832  2  19  16 1 1 1
     833  2  19  17 1 1 1
     834  2  20  1 1 1 1
     835  2  20  2 1 1 1
     836  2  20  3 1 1 1
     837  2  20  4 1 1 1
     838  2  20  5 1 1 1
     839  2  20  6 1 1 1
     840  2  20  7 1 1 1
     841  2  20  8 1 1 1
     842  2  20  9 1 1 1
     843  2  20  10 1 1 1
     844  2  20  11 1 1 1
     845  2  20  12 1 1 1
     846  2  20  13 1 1 1
     847  2  20  14 1 1 1
     848  2  20  15 1 1 1
     849  2  20  16 1 1 1
     850  2  20  17 1 1 1
     851  2  21  1 1 1 1
     852  2  21  2 1 1 1
     853  2  21  3 1 1 1
     854  2  21  4 1 1 1
     855  2  21  5 1 1 1
     856  2  21  6 1 1 1
     857  2  21  7 1 1 1
     858  2  21  8 1 1 1
     859  2  21  9 1 1 1
     860  2  21  10 1 1 1
     861  2  21  11 1 1 1
     862  2  21  12 1 1 1
     863  2  21  13 1 1 1
     864  2  21  14 1 1 1
     865  2  21  15 1 1 1
     866  2  21  16 1 1 1
     867  2  21  17 1 1 1
     868  2  22  1 1 1 1
     869  2  22  2 1 1 1
     870  2  22  3 1 1 1
     871  2  22  4 1 1 1
     872  2  22  5 1 1 1
     873  2  22  6 1 1 1
     874  2  22  7 1 1 1
     875  2  22  8 1 1 1
     876  2  22  9 1 1 1
     877  2  22  10 1 1 1
     878  2  22  11 1 1 1
     879  2  22  12 1 1 1
     880  2  22  13 1 1 1
     881  2  22  14 1 1 1
     882  2  22  15 1 1 1
     883  2  22  16 1 1 1
     884  2  22  17 1 1 1
     885  2  23  1 1 1 1
     886  2  23  2 1 1 1
     887  2  23  3 1 1 1
     888  2  23  4 1 1 1
     889  2  23  5 1 1 1
     890  2  23  6 1 1 1
     891  2  23  7 1 1 1
     892  2  23  8 1 1 1
     893  2  23  9 1 1 1
     894  2  23  10 1 1 1
     895  2  23  11 1 1 1
     896  2  23  12 1 1 1
     897  2  23  13 1 1 1
     898  2  23  14 1 1 1
     899  2  23  15 1 1 1
     900  2  23  16 1 1 1
     901  2  23  17 1 1 1
     902  2  24  1 1 1 1
     903  2  24  2 1 1 1
     904  2  24  3 1 1 1
     905  2  24  4 1 1 1
     906  2  24  5 1 1 1
     907  2  24  6 1 1 1
     908  2  24  7 1 1 1
     909  2  24  8 1 1 1
     910  2  24  9 1 1 1
     911  2  24  10 1 1 1
     912  2  24  11 1 1 1
     913  2  24  12 1 1 1
     914  2  24  13 1 1 1
     915  2  24  14 1 1 1
     916  2  24  15 1 1 1
     917  2  24  16 1 1 1
     918  2  24  17 1 1 1
     919  2  25  1 1 1 1
     920  2  25  2 1 1 1
     921  2  25  3 1 1 1
     922  2  25  4 1 1 1
     923  2  25  5 1 1 1
     924  2  25  6 1 1 1
     925  2  25  7 1 1 1
     926  2  25  8 1 1 1
     927  2  25  9 1 1 1
     928  2  25  10 1 1 1
     929  2  25  11 1 1 1
     930  2  25  12 1 1 1
     931  2  25  13 1 1 1
     932  2  25  14 1 1 1
     933  2  25  15 1 1 1
     934  2  25  16 1 1 1
     935  2  25  17 1 1 1
     936  2  26  1 1 1 1
     937  2  26  2 1 1 1
     938  2  26  3 1 1 1
     939  2  26  4 1 1 1
     940  2  26  5 1 1 1
     941  2  26  6 1 1 1
     942  2  26  7 1 1 1
     943  2  26  8 1 1 1
     944  2  26  9 1 1 1
     945  2  26  10 1 1 1
     946  2  26  11 1 1 1
     947  2  26  12 1 1 1
     948  2  26  13 1 1 1
     949  2  26  14 1 1 1
     950  2  26  15 1 1 1
     951  2  26  16 1 1 1
     952  2  26  17 1 1 1
     953  2  27  1 1 1 1
     954  2  27  2 1 1 1
     955  2  27  3 1 1 1
     956  2  27  4 1 1 1
     957  2  27  5 1 1 1
     958  2  27  6 1 1 1
     959  2  27  7 1 1 1
     960  2  27  8 1 1 1
     961  2  27  9 1 1 1
     962  2  27  10 1 1 1
     963  2  27  11 1 1 1
     964  2  27  12 1 1 1
     965  2  27  13 1 1 1
     966  2  27  14 1 1 1
     967  2  27  15 1 1 1
     968  2  27  16 1 1 1
     969  2  27  17 1 1 1
     970  2  28  1 1 1 1
     971  2  28  2 1 1 1
     972  2  28  3 1 1 1
     973  2  28  4 1 1 1
     974  2  28  5 1 1 1
     975  2  28  6 1 1 1
     976  2  28  7 1 1 1
     977  2  28  8 1 1 1
     978  2  28  9 1 1 1
     979  2  28  10 1 1 1
     980  2  28  11 1 1 1
     981  2  28  12 1 1 1
     982  2  28  13 1 1 1
     983  2  28  14 1 1 1
     984  2  28  15 1 1 1
     985  2  28  16 1 1 1
     986  2  28  17 1 1 1
     987  2  29  1 1 1 1
     988  2  29  2 1 1 1
     989  2  29  3 1 1 1
     990  2  29  4 1 1 1
     991  2  29  5 1 1 1
     992  2  29  6 1 1 1
     993  2  29  7 1 1 1
     994  2  29  8 1 1 1
     995  2  29  9 1 1 1
     996  2  29  10 1 1 1
     997  2  29  11 1 1 1
     998  2  29  12 1 1 1
     999  2  29  13 1 1 1
     1000  2  29  14 1 1 1
     1001  2  29  15 1 1 1
     1002  2  29  16 1 1 1
     1003  2  29  17 1 1 1
     1004  2  30  1 1 1 1
     1005  2  30  2 1 1 1
     1006  2  30  3 1 1 1
     1007  2  30  4 1 1 1
     1008  2  30  5 1 1 1
     1009  2  30  6 1 1 1
     1010  2  30  7 1 1 1
     1011  2  30  8 1 1 1
     1012  2  30  9 1 1 1
     1013  2  30  10 1 1 1
     1014  2  30  11 1 1 1
     1015  2  30  12 1 1 1
     1016  2  30  13 1 1 1
     1017  2  30  14 1 1 1
     1018  2  30  15 1 1 1
     1019  2  30  16 1 1 1
     1020  2  30  17 1 1 1
     1021  3  1  1 1 1 1
     1022  3  1  2 1 1 1
     1023  3  1  3 1 1 1
     1024  3  1  4 1 1 1
     1025  3  1  5 1 1 1
     1026  3  1  6 1 1 1
     1027  3  1  7 1 1 1
     1028  3  1  8 1 1 1
     1029  3  1  9 1 1 1
     1030  3  1  10 1 1 1
     1031  3  1  11 1 1 1
     1032  3  1  12 1 1 1
     1033  3  1  13 1 1 1
     1034  3  1  14 1 1 1
     1035  3  1  15 1 1 1
     1036  3  1  16 1 1 1
     1037  3  1  17 1 1 1
     1038  3  2  1 1 1 1
     1039  3  2  2 1 1 1
     1040  3  2  3 1 1 1
     1041  3  2  4 1 1 1
     1042  3  2  5 1 1 1
     1043  3  2  6 1 1 1
     1044  3  2  7 1 1 1
     1045  3  2  8 1 1 1
     1046  3  2  9 1 1 1
     1047  3  2  10 1 1 1
     1048  3  2  11 1 1 1
     1049  3  2  12 1 1 1
     1050  3  2  13 1 1 1
     1051  3  2  14 1 1 1
     1052  3  2  15 1 1 1
     1053  3  2  16 1 1 1
     1054  3  2  17 1 1 1
     1055  3  3  1 1 1 1
     1056  3  3  2 1 1 1
     1057  3  3  3 1 1 1
     1058  3  3  4 1 1 1
     1059  3  3  5 1 1 1
     1060  3  3  6 1 1 1
     1061  3  3  7 1 1 1
     1062  3  3  8 1 1 1
     1063  3  3  9 1 1 1
     1064  3  3  10 1 1 1
     1065  3  3  11 1 1 1
     1066  3  3  12 1 1 1
     1067  3  3  13 1 1 1
     1068  3  3  14 1 1 1
     1069  3  3  15 1 1 1
     1070  3  3  16 1 1 1
     1071  3  3  17 1 1 1
     1072  3  4  1 1 1 1
     1073  3  4  2 1 1 1
     1074  3  4  3 1 1 1
     1075  3  4  4 1 1 1
     1076  3  4  5 1 1 1
     1077  3  4  6 1 1 1
     1078  3  4  7 1 1 1
     1079  3  4  8 1 1 1
     1080  3  4  9 1 1 1
     1081  3  4  10 1 1 1
     1082  3  4  11 1 1 1
     1083  3  4  12 1 1 1
     1084  3  4  13 1 1 1
     1085  3  4  14 1 1 1
     1086  3  4  15 1 1 1
     1087  3  4  16 1 1 1
     1088  3  4  17 1 1 1
     1089  3  5  1 1 1 1
     1090  3  5  2 1 1 1
     1091  3  5  3 1 1 1
     1092  3  5  4 1 1 1
     1093  3  5  5 1 1 1
     1094  3  5  6 1 1 1
     1095  3  5  7 1 1 1
     1096  3  5  8 1 1 1
     1097  3  5  9 1 1 1
     1098  3  5  10 1 1 1
     1099  3  5  11 1 1 1
     1100  3  5  12 1 1 1
     1101  3  5  13 1 1 1
     1102  3  5  14 1 1 1
     1103  3  5  15 1 1 1
     1104  3  5  16 1 1 1
     1105  3  5  17 1 1 1
     1106  3  6  1 1 1 1
     1107  3  6  2 1 1 1
     1108  3  6  3 1 1 1
     1109  3  6  4 1 1 1
     1110  3  6  5 1 1 1
     1111  3  6  6 1 1 1
     1112  3  6  7 1 1 1
     1113  3  6  8 1 1 1
     1114  3  6  9 1 1 1
     1115  3  6  10 1 1 1
     1116  3  6  11 1 1 1
     1117  3  6  12 1 1 1
     1118  3  6  13 1 1 1
     1119  3  6  14 1 1 1
     1120  3  6  15 1 1 1
     1121  3  6  16 1 1 1
     1122  3  6  17 1 1 1
     1123  3  7  1 1 1 1
     1124  3  7  2 1 1 1
     1125  3  7  3 1 1 1
     1126  3  7  4 1 1 1
     1127  3  7  5 1 1 1
     1128  3  7  6 1 1 1
     1129  3  7  7 1 1 1
     1130  3  7  8 1 1 1
     1131  3  7  9 1 1 1
     1132  3  7  10 1 1 1
     1133  3  7  11 1 1 1
     1134  3  7  12 1 1 1
     1135  3  7  13 1 1 1
     1136  3  7  14 1 1 1
     1137  3  7  15 1 1 1
     1138  3  7  16 1 1 1
     1139  3  7  17 1 1 1
     1140  3  8  1 1 1 1
     1141  3  8  2 1 1 1
     1142  3  8  3 1 1 1
     1143  3  8  4 1 1 1
     1144  3  8  5 1 1 1
     1145  3  8  6 1 1 1
     1146  3  8  7 1 1 1
     1147  3  8  8 1 1 1
     1148  3  8  9 1 1 1
     1149  3  8  10 1 1 1
     1150  3  8  11 1 1 1
     1151  3  8  12 1 1 1
     1152  3  8  13 1 1 1
     1153  3  8  14 1 1 1
     1154  3  8  15 1 1 1
     1155  3  8  16 1 1 1
     1156  3  8  17 1 1 1
     1157  3  9  1 1 1 1
     1158  3  9  2 1 1 1
     1159  3  9  3 1 1 1
     1160  3  9  4 1 1 1
     1161  3  9  5 1 1 1
     1162  3  9  6 1 1 1
     1163  3  9  7 1 1 1
     1164  3  9  8 1 1 1
     1165  3  9  9 1 1 1
     1166  3  9  10 1 1 1
     1167  3  9  11 1 1 1
     1168  3  9  12 1 1 1
     1169  3  9  13 1 1 1
     1170  3  9  14 1 1 1
     1171  3  9  15 1 1 1
     1172  3  9  16 1 1 1
     1173  3  9  17 1 1 1
     1174  3  10  1 1 1 1
     1175  3  10  2 1 1 1
     1176  3  10  3 1 1 1
     1177  3  10  4 1 1 1
     1178  3  10  5 1 1 1
     1179  3  10  6 1 1 1
     1180  3  10  7 1 1 1
     1181  3  10  8 1 1 1
     1182  3  10  9 1 1 1
     1183  3  10  10 1 1 1
     1184  3  10  11 1 1 1
     1185  3  10  12 1 1 1
     1186  3  10  13 1 1 1
     1187  3  10  14 1 1 1
     1188  3  10  15 1 1 1
     1189  3  10  16 1 1 1
     1190  3  10  17 1 1 1
     1191  3  11  1 1 1 1
     1192  3  11  2 1 1 1
     1193  3  11  3 1 1 1
     1194  3  11  4 1 1 1
     1195  3  11  5 1 1 1
     1196  3  11  6 1 1 1
     1197  3  11  7 1 1 1
     1198  3  11  8 1 1 1
     1199  3  11  9 1 1 1
     1200  3  11  10 1 1 1
     1201  3  11  11 1 1 1
     1202  3  11  12 1 1 1
     1203  3  11  13 1 1 1
     1204  3  11  14 1 1 1
     1205  3  11  15 1 1 1
     1206  3  11  16 1 1 1
     1207  3  11  17 1 1 1
     1208  3  12  1 1 1 1
     1209  3  12  2 1 1 1
     1210  3  12  3 1 1 1
     1211  3  12  4 1 1 1
     1212  3  12  5 1 1 1
     1213  3  12  6 1 1 1
     1214  3  12  7 1 1 1
     1215  3  12  8 1 1 1
     1216  3  12  9 1 1 1
     1217  3  12  10 1 1 1
     1218  3  12  11 1 1 1
     1219  3  12  12 1 1 1
     1220  3  12  13 1 1 1
     1221  3  12  14 1 1 1
     1222  3  12  15 1 1 1
     1223  3  12  16 1 1 1
     1224  3  12  17 1 1 1
     1225  3  13  1 1 1 1
     1226  3  13  2 1 1 1
     1227  3  13  3 1 1 1
     1228  3  13  4 1 1 1
     1229  3  13  5 1 1 1
     1230  3  13  6 1 1 1
     1231  3  13  7 1 1 1
     1232  3  13  8 1 1 1
     1233  3  13  9 1 1 1
     1234  3  13  10 1 1 1
     1235  3  13  11 1 1 1
     1236  3  13  12 1 1 1
     1237  3  13  13 1 1 1
     1238  3  13  14 1 1 1
     1239  3  13  15 1 1 1
     1240  3  13  16 1 1 1
     1241  3  13  17 1 1 1
     1242  3  14  1 1 1 1
     1243  3  14  2 1 1 1
     1244  3  14  3 1 1 1
     1245  3  14  4 1 1 1
     1246  3  14  5 1 1 1
     1247  3  14  6 1 1 1
     1248  3  14  7 1 1 1
     1249  3  14  8 1 1 1
     1250  3  14  9 1 1 1
     1251  3  14  10 1 1 1
     1252  3  14  11 1 1 1
     1253  3  14  12 1 1 1
     1254  3  14  13 1 1 1
     1255  3  14  14 1 1 1
     1256  3  14  15 1 1 1
     1257  3  14  16 1 1 1
     1258  3  14  17 1 1 1
     1259  3  15  1 1 1 1
     1260  3  15  2 1 1 1
     1261  3  15  3 1 1 1
     1262  3  15  4 1 1 1
     1263  3  15  5 1 1 1
     1264  3  15  6 1 1 1
     1265  3  15  7 1 1 1
     1266  3  15  8 1 1 1
     1267  3  15  9 1 1 1
     1268  3  15  10 1 1 1
     1269  3  15  11 1 1 1
     1270  3  15  12 1 1 1
     1271  3  15  13 1 1 1
     1272  3  15  14 1 1 1
     1273  3  15  15 1 1 1
     1274  3  15  16 1 1 1
     1275  3  15  17 1 1 1
     1276  3  16  1 1 1 1
     1277  3  16  2 1 1 1
     1278  3  16  3 1 1 1
     1279  3  16  4 1 1 1
     1280  3  16  5 1 1 1
     1281  3  16  6 1 1 1
     1282  3  16  7 1 1 1
     1283  3  16  8 1 1 1
     1284  3  16  9 1 1 1
     1285  3  16  10 1 1 1
     1286  3  16  11 1 1 1
     1287  3  16  12 1 1 1
     1288  3  16  13 1 1 1
     1289  3  16  14 1 1 1
     1290  3  16  15 1 1 1
     1291  3  16  16 1 1 1
     1292  3  16  17 1 1 1
     1293  3  17  1 1 1 1
     1294  3  17  2 1 1 1
     1295  3  17  3 1 1 1
     1296  3  17  4 1 1 1
     1297  3  17  5 1 1 1
     1298  3  17  6 1 1 1
     1299  3  17  7 1 1 1
     1300  3  17  8 1 1 1
     1301  3  17  9 1 1 1
     1302  3  17  10 1 1 1
     1303  3  17  11 1 1 1
     1304  3  17  12 1 1 1
     1305  3  17  13 1 1 1
     1306  3  17  14 1 1 1
     1307  3  17  15 1 1 1
     1308  3  17  16 1 1 1
     1309  3  17  17 1 1 1
     1310  3  18  1 1 1 1
     1311  3  18  2 1 1 1
     1312  3  18  3 1 1 1
     1313  3  18  4 1 1 1
     1314  3  18  5 1 1 1
     1315  3  18  6 1 1 1
     1316  3  18  7 1 1 1
     1317  3  18  8 1 1 1
     1318  3  18  9 1 1 1
     1319  3  18  10 1 1 1
     1320  3  18  11 1 1 1
     1321  3  18  12 1 1 1
     1322  3  18  13 1 1 1
     1323  3  18  14 1 1 1
     1324  3  18  15 1 1 1
     1325  3  18  16 1 1 1
     1326  3  18  17 1 1 1
     1327  3  19  1 1 1 1
     1328  3  19  2 1 1 1
     1329  3  19  3 1 1 1
     1330  3  19  4 1 1 1
     1331  3  19  5 1 1 1
     1332  3  19  6 1 1 1
     1333  3  19  7 1 1 1
     1334  3  19  8 1 1 1
     1335  3  19  9 1 1 1
     1336  3  19  10 1 1 1
     1337  3  19  11 1 1 1
     1338  3  19  12 1 1 1
     1339  3  19  13 1 1 1
     1340  3  19  14 1 1 1
     1341  3  19  15 1 1 1
     1342  3  19  16 1 1 1
     1343  3  19  17 1 1 1
     1344  3  20  1 1 1 1
     1345  3  20  2 1 1 1
     1346  3  20  3 1 1 1
     1347  3  20  4 1 1 1
     1348  3  20  5 1 1 1
     1349  3  20  6 1 1 1
     1350  3  20  7 1 1 1
     1351  3  20  8 1 1 1
     1352  3  20  9 1 1 1
     1353  3  20  10 1 1 1
     1354  3  20  11 1 1 1
     1355  3  20  12 1 1 1
     1356  3  20  13 1 1 1
     1357  3  20  14 1 1 1
     1358  3  20  15 1 1 1
     1359  3  20  16 1 1 1
     1360  3  20  17 1 1 1
     1361  3  21  1 1 1 1
     1362  3  21  2 1 1 1
     1363  3  21  3 1 1 1
     1364  3  21  4 1 1 1
     1365  3  21  5 1 1 1
     1366  3  21  6 1 1 1
     1367  3  21  7 1 1 1
     1368  3  21  8 1 1 1
     1369  3  21  9 1 1 1
     1370  3  21  10 1 1 1
     1371  3  21  11 1 1 1
     1372  3  21  12 1 1 1
     1373  3  21  13 1 1 1
     1374  3  21  14 1 1 1
     1375  3  21  15 1 1 1
     1376  3  21  16 1 1 1
     1377  3  21  17 1 1 1
     1378  3  22  1 1 1 1
     1379  3  22  2 1 1 1
     1380  3  22  3 1 1 1
     1381  3  22  4 1 1 1
     1382  3  22  5 1 1 1
     1383  3  22  6 1 1 1
     1384  3  22  7 1 1 1
     1385  3  22  8 1 1 1
     1386  3  22  9 1 1 1
     1387  3  22  10 1 1 1
     1388  3  22  11 1 1 1
     1389  3  22  12 1 1 1
     1390  3  22  13 1 1 1
     1391  3  22  14 1 1 1
     1392  3  22  15 1 1 1
     1393  3  22  16 1 1 1
     1394  3  22  17 1 1 1
     1395  3  23  1 1 1 1
     1396  3  23  2 1 1 1
     1397  3  23  3 1 1 1
     1398  3  23  4 1 1 1
     1399  3  23  5 1 1 1
     1400  3  23  6 1 1 1
     1401  3  23  7 1 1 1
     1402  3  23  8 1 1 1
     1403  3  23  9 1 1 1
     1404  3  23  10 1 1 1
     1405  3  23  11 1 1 1
     1406  3  23  12 1 1 1
     1407  3  23  13 1 1 1
     1408  3  23  14 1 1 1
     1409  3  23  15 1 1 1
     1410  3  23  16 1 1 1
     1411  3  23  17 1 1 1
     1412  3  24  1 1 1 1
     1413  3  24  2 1 1 1
     1414  3  24  3 1 1 1
     1415  3  24  4 1 1 1
     1416  3  24  5 1 1 1
     1417  3  24  6 1 1 1
     1418  3  24  7 1 1 1
     1419  3  24  8 1 1 1
     1420  3  24  9 1 1 1
     1421  3  24  10 1 1 1
     1422  3  24  11 1 1 1
     1423  3  24  12 1 1 1
     1424  3  24  13 1 1 1
     1425  3  24  14 1 1 1
     1426  3  24  15 1 1 1
     1427  3  24  16 1 1 1
     1428  3  24  17 1 1 1
     1429  3  25  1 1 1 1
     1430  3  25  2 1 1 1
     1431  3  25  3 1 1 1
     1432  3  25  4 1 1 1
     1433  3  25  5 1 1 1
     1434  3  25  6 1 1 1
     1435  3  25  7 1 1 1
     1436  3  25  8 1 1 1
     1437  3  25  9 1 1 1
     1438  3  25  10 1 1 1
     1439  3  25  11 1 1 1
     1440  3  25  12 1 1 1
     1441  3  25  13 1 1 1
     1442  3  25  14 1 1 1
     1443  3  25  15 1 1 1
     1444  3  25  16 1 1 1
     1445  3  25  17 1 1 1
     1446  3  26  1 1 1 1
     1447  3  26  2 1 1 1
     1448  3  26  3 1 1 1
     1449  3  26  4 1 1 1
     1450  3  26  5 1 1 1
     1451  3  26  6 1 1 1
     1452  3  26  7 1 1 1
     1453  3  26  8 1 1 1
     1454  3  26  9 1 1 1
     1455  3  26  10 1 1 1
     1456  3  26  11 1 1 1
     1457  3  26  12 1 1 1
     1458  3  26  13 1 1 1
     1459  3  26  14 1 1 1
     1460  3  26  15 1 1 1
     1461  3  26  16 1 1 1
     1462  3  26  17 1 1 1
     1463  3  27  1 1 1 1
     1464  3  27  2 1 1 1
     1465  3  27  3 1 1 1
     1466  3  27  4 1 1 1
     1467  3  27  5 1 1 1
     1468  3  27  6 1 1 1
     1469  3  27  7 1 1 1
     1470  3  27  8 1 1 1
     1471  3  27  9 1 1 1
     1472  3  27  10 1 1 1
     1473  3  27  11 1 1 1
     1474  3  27  12 1 1 1
     1475  3  27  13 1 1 1
     1476  3  27  14 1 1 1
     1477  3  27  15 1 1 1
     1478  3  27  16 1 1 1
     1479  3  27  17 1 1 1
     1480  3  28  1 1 1 1
     1481  3  28  2 1 1 1
     1482  3  28  3 1 1 1
     1483  3  28  4 1 1 1
     1484  3  28  5 1 1 1
     1485  3  28  6 1 1 1
     1486  3  28  7 1 1 1
     1487  3  28  8 1 1 1
     1488  3  28  9 1 1 1
     1489  3  28  10 1 1 1
     1490  3  28  11 1 1 1
     1491  3  28  12 1 1 1
     1492  3  28  13 1 1 1
     1493  3  28  14 1 1 1
     1494  3  28  15 1 1 1
     1495  3  28  16 1 1 1
     1496  3  28  17 1 1 1
     1497  3  29  1 1 1 1
     1498  3  29  2 1 1 1
     1499  3  29  3 1 1 1
     1500  3  29  4 1 1 1
     1501  3  29  5 1 1 1
     1502  3  29  6 1 1 1
     1503  3  29  7 1 1 1
     1504  3  29  8 1 1 1
     1505  3  29  9 1 1 1
     1506  3  29  10 1 1 1
     1507  3  29  11 1 1 1
     1508  3  29  12 1 1 1
     1509  3  29  13 1 1 1
     1510  3  29  14 1 1 1
     1511  3  29  15 1 1 1
     1512  3  29  16 1 1 1
     1513  3  29  17 1 1 1
     1514  3  30  1 1 1 1
     1515  3  30  2 1 1 1
     1516  3  30  3 1 1 1
     1517  3  30  4 1 1 1
     1518  3  30  5 1 1 1
     1519  3  30  6 1 1 1
     1520  3  30  7 1 1 1
     1521  3  30  8 1 1 1
     1522  3  30  9 1 1 1
     1523  3  30  10 1 1 1
     1524  3  30  11 1 1 1
     1525  3  30  12 1 1 1
     1526  3  30  13 1 1 1
     1527  3  30  14 1 1 1
     1528  3  30  15 1 1 1
     1529  3  30  16 1 1 1
     1530  3  30  17 1 1 1
     1531  4  1  1 1 1 1
     1532  4  1  2 1 1 1
     1533  4  1  3 1 1 1
     1534  4  1  4 1 1 1
     1535  4  1  5 1 1 1
     1536  4  1  6 1 1 1
     1537  4  1  7 1 1 1
     1538  4  1  8 1 1 1
     1539  4  1  9 1 1 1
     1540  4  1  10 1 1 1
     1541  4  1  11 1 1 1
     1542  4  1  12 1 1 1
     1543  4  1  13 1 1 1
     1544  4  1  14 1 1 1
     1545  4  1  15 1 1 1
     1546  4  1  16 1 1 1
     1547  4  1  17 1 1 1
     1548  4  2  1 1 1 1
     1549  4  2  2 1 1 1
     1550  4  2  3 1 1 1
     1551  4  2  4 1 1 1
     1552  4  2  5 1 1 1
     1553  4  2  6 1 1 1
     1554  4  2  7 1 1 1
     1555  4  2  8 1 1 1
     1556  4  2  9 1 1 1
     1557  4  2  10 1 1 1
     1558  4  2  11 1 1 1
     1559  4  2  12 1 1 1
     1560  4  2  13 1 1 1
     1561  4  2  14 1 1 1
     1562  4  2  15 1 1 1
     1563  4  2  16 1 1 1
     1564  4  2  17 1 1 1
     1565  4  3  1 1 1 1
     1566  4  3  2 1 1 1
     1567  4  3  3 1 1 1
     1568  4  3  4 1 1 1
     1569  4  3  5 1 1 1
     1570  4  3  6 1 1 1
     1571  4  3  7 1 1 1
     1572  4  3  8 1 1 1
     1573  4  3  9 1 1 1
     1574  4  3  10 1 1 1
     1575  4  3  11 1 1 1
     1576  4  3  12 1 1 1
     1577  4  3  13 1 1 1
     1578  4  3  14 1 1 1
     1579  4  3  15 1 1 1
     1580  4  3  16 1 1 1
     1581  4  3  17 1 1 1
     1582  4  4  1 1 1 1
     1583  4  4  2 1 1 1
     1584  4  4  3 1 1 1
     1585  4  4  4 1 1 1
     1586  4  4  5 1 1 1
     1587  4  4  6 1 1 1
     1588  4  4  7 1 1 1
     1589  4  4  8 1 1 1
     1590  4  4  9 1 1 1
     1591  4  4  10 1 1 1
     1592  4  4  11 1 1 1
     1593  4  4  12 1 1 1
     1594  4  4  13 1 1 1
     1595  4  4  14 1 1 1
     1596  4  4  15 1 1 1
     1597  4  4  16 1 1 1
     1598  4  4  17 1 1 1
     1599  4  5  1 1 1 1
     1600  4  5  2 1 1 1
     1601  4  5  3 1 1 1
     1602  4  5  4 1 1 1
     1603  4  5  5 1 1 1
     1604  4  5  6 1 1 1
     1605  4  5  7 1 1 1
     1606  4  5  8 1 1 1
     1607  4  5  9 1 1 1
     1608  4  5  10 1 1 1
     1609  4  5  11 1 1 1
     1610  4  5  12 1 1 1
     1611  4  5  13 1 1 1
     1612  4  5  14 1 1 1
     1613  4  5  15 1 1 1
     1614  4  5  16 1 1 1
     1615  4  5  17 1 1 1
     1616  4  6  1 1 1 1
     1617  4  6  2 1 1 1
     1618  4  6  3 1 1 1
     1619  4  6  4 1 1 1
     1620  4  6  5 1 1 1
     1621  4  6  6 1 1 1
     1622  4  6  7 1 1 1
     1623  4  6  8 1 1 1
     1624  4  6  9 1 1 1
     1625  4  6  10 1 1 1
     1626  4  6  11 1 1 1
     1627  4  6  12 1 1 1
     1628  4  6  13 1 1 1
     1629  4  6  14 1 1 1
     1630  4  6  15 1 1 1
     1631  4  6  16 1 1 1
     1632  4  6  17 1 1 1
     1633  4  7  1 1 1 1
     1634  4  7  2 1 1 1
     1635  4  7  3 1 1 1
     1636  4  7  4 1 1 1
     1637  4  7  5 1 1 1
     1638  4  7  6 1 1 1
     1639  4  7  7 1 1 1
     1640  4  7  8 1 1 1
     1641  4  7  9 1 1 1
     1642  4  7  10 1 1 1
     1643  4  7  11 1 1 1
     1644  4  7  12 1 1 1
     1645  4  7  13 1 1 1
     1646  4  7  14 1 1 1
     1647  4  7  15 1 1 1
     1648  4  7  16 1 1 1
     1649  4  7  17 1 1 1
     1650  4  8  1 1 1 1
     1651  4  8  2 1 1 1
     1652  4  8  3 1 1 1
     1653  4  8  4 1 1 1
     1654  4  8  5 1 1 1
     1655  4  8  6 1 1 1
     1656  4  8  7 1 1 1
     1657  4  8  8 1 1 1
     1658  4  8  9 1 1 1
     1659  4  8  10 1 1 1
     1660  4  8  11 1 1 1
     1661  4  8  12 1 1 1
     1662  4  8  13 1 1 1
     1663  4  8  14 1 1 1
     1664  4  8  15 1 1 1
     1665  4  8  16 1 1 1
     1666  4  8  17 1 1 1
     1667  4  9  1 1 1 1
     1668  4  9  2 1 1 1
     1669  4  9  3 1 1 1
     1670  4  9  4 1 1 1
     1671  4  9  5 1 1 1
     1672  4  9  6 1 1 1
     1673  4  9  7 1 1 1
     1674  4  9  8 1 1 1
     1675  4  9  9 1 1 1
     1676  4  9  10 1 1 1
     1677  4  9  11 1 1 1
     1678  4  9  12 1 1 1
     1679  4  9  13 1 1 1
     1680  4  9  14 1 1 1
     1681  4  9  15 1 1 1
     1682  4  9  16 1 1 1
     1683  4  9  17 1 1 1
     1684  4  10  1 1 1 1
     1685  4  10  2 1 1 1
     1686  4  10  3 1 1 1
     1687  4  10  4 1 1 1
     1688  4  10  5 1 1 1
     1689  4  10  6 1 1 1
     1690  4  10  7 1 1 1
     1691  4  10  8 1 1 1
     1692  4  10  9 1 1 1
     1693  4  10  10 1 1 1
     1694  4  10  11 1 1 1
     1695  4  10  12 1 1 1
     1696  4  10  13 1 1 1
     1697  4  10  14 1 1 1
     1698  4  10  15 1 1 1
     1699  4  10  16 1 1 1
     1700  4  10  17 1 1 1
     1701  4  11  1 1 1 1
     1702  4  11  2 1 1 1
     1703  4  11  3 1 1 1
     1704  4  11  4 1 1 1
     1705  4  11  5 1 1 1
     1706  4  11  6 1 1 1
     1707  4  11  7 1 1 1
     1708  4  11  8 1 1 1
     1709  4  11  9 1 1 1
     1710  4  11  10 1 1 1
     1711  4  11  11 1 1 1
     1712  4  11  12 1 1 1
     1713  4  11  13 1 1 1
     1714  4  11  14 1 1 1
     1715  4  11  15 1 1 1
     1716  4  11  16 1 1 1
     1717  4  11  17 1 1 1
     1718  4  12  1 1 1 1
     1719  4  12  2 1 1 1
     1720  4  12  3 1 1 1
     1721  4  12  4 1 1 1
     1722  4  12  5 1 1 1
     1723  4  12  6 1 1 1
     1724  4  12  7 1 1 1
     1725  4  12  8 1 1 1
     1726  4  12  9 1 1 1
     1727  4  12  10 1 1 1
     1728  4  12  11 1 1 1
     1729  4  12  12 1 1 1
     1730  4  12  13 1 1 1
     1731  4  12  14 1 1 1
     1732  4  12  15 1 1 1
     1733  4  12  16 1 1 1
     1734  4  12  17 1 1 1
     1735  4  13  1 1 1 1
     1736  4  13  2 1 1 1
     1737  4  13  3 1 1 1
     1738  4  13  4 1 1 1
     1739  4  13  5 1 1 1
     1740  4  13  6 1 1 1
     1741  4  13  7 1 1 1
     1742  4  13  8 1 1 1
     1743  4  13  9 1 1 1
     1744  4  13  10 1 1 1
     1745  4  13  11 1 1 1
     1746  4  13  12 1 1 1
     1747  4  13  13 1 1 1
     1748  4  13  14 1 1 1
     1749  4  13  15 1 1 1
     1750  4  13  16 1 1 1
     1751  4  13  17 1 1 1
     1752  4  14  1 1 1 1
     1753  4  14  2 1 1 1
     1754  4  14  3 1 1 1
     1755  4  14  4 1 1 1
     1756  4  14  5 1 1 1
     1757  4  14  6 1 1 1
     1758  4  14  7 1 1 1
     1759  4  14  8 1 1 1
     1760  4  14  9 1 1 1
     1761  4  14  10 1 1 1
     1762  4  14  11 1 1 1
     1763  4  14  12 1 1 1
     1764  4  14  13 1 1 1
     1765  4  14  14 1 1 1
     1766  4  14  15 1 1 1
     1767  4  14  16 1 1 1
     1768  4  14  17 1 1 1
     1769  4  15  1 1 1 1
     1770  4  15  2 1 1 1
     1771  4  15  3 1 1 1
     1772  4  15  4 1 1 1
     1773  4  15  5 1 1 1
     1774  4  15  6 1 1 1
     1775  4  15  7 1 1 1
     1776  4  15  8 1 1 1
     1777  4  15  9 1 1 1
     1778  4  15  10 1 1 1
     1779  4  15  11 1 1 1
     1780  4  15  12 1 1 1
     1781  4  15  13 1 1 1
     1782  4  15  14 1 1 1
     1783  4  15  15 1 1 1
     1784  4  15  16 1 1 1
     1785  4  15  17 1 1 1
     1786  4  16  1 1 1 1
     1787  4  16  2 1 1 1
     1788  4  16  3 1 1 1
     1789  4  16  4 1 1 1
     1790  4  16  5 1 1 1
     1791  4  16  6 1 1 1
     1792  4  16  7 1 1 1
     1793  4  16  8 1 1 1
     1794  4  16  9 1 1 1
     1795  4  16  10 1 1 1
     1796  4  16  11 1 1 1
     1797  4  16  12 1 1 1
     1798  4  16  13 1 1 1
     1799  4  16  14 1 1 1
     1800  4  16  15 1 1 1
     1801  4  16  16 1 1 1
     1802  4  16  17 1 1 1
     1803  4  17  1 1 1 1
     1804  4  17  2 1 1 1
     1805  4  17  3 1 1 1
     1806  4  17  4 1 1 1
     1807  4  17  5 1 1 1
     1808  4  17  6 1 1 1
     1809  4  17  7 1 1 1
     1810  4  17  8 1 1 1
     1811  4  17  9 1 1 1
     1812  4  17  10 1 1 1
     1813  4  17  11 1 1 1
     1814  4  17  12 1 1 1
     1815  4  17  13 1 1 1
     1816  4  17  14 1 1 1
     1817  4  17  15 1 1 1
     1818  4  17  16 1 1 1
     1819  4  17  17 1 1 1
     1820  4  18  1 1 1 1
     1821  4  18  2 1 1 1
     1822  4  18  3 1 1 1
     1823  4  18  4 1 1 1
     1824  4  18  5 1 1 1
     1825  4  18  6 1 1 1
     1826  4  18  7 1 1 1
     1827  4  18  8 1 1 1
     1828  4  18  9 1 1 1
     1829  4  18  10 1 1 1
     1830  4  18  11 1 1 1
     1831  4  18  12 1 1 1
     1832  4  18  13 1 1 1
     1833  4  18  14 1 1 1
     1834  4  18  15 1 1 1
     1835  4  18  16 1 1 1
     1836  4  18  17 1 1 1
     1837  4  19  1 1 1 1
     1838  4  19  2 1 1 1
     1839  4  19  3 1 1 1
     1840  4  19  4 1 1 1
     1841  4  19  5 1 1 1
     1842  4  19  6 1 1 1
     1843  4  19  7 1 1 1
     1844  4  19  8 1 1 1
     1845  4  19  9 1 1 1
     1846  4  19  10 1 1 1
     1847  4  19  11 1 1 1
     1848  4  19  12 1 1 1
     1849  4  19  13 1 1 1
     1850  4  19  14 1 1 1
     1851  4  19  15 1 1 1
     1852  4  19  16 1 1 1
     1853  4  19  17 1 1 1
     1854  4  20  1 1 1 1
     1855  4  20  2 1 1 1
     1856  4  20  3 1 1 1
     1857  4  20  4 1 1 1
     1858  4  20  5 1 1 1
     1859  4  20  6 1 1 1
     1860  4  20  7 1 1 1
     1861  4  20  8 1 1 1
     1862  4  20  9 1 1 1
     1863  4  20  10 1 1 1
     1864  4  20  11 1 1 1
     1865  4  20  12 1 1 1
     1866  4  20  13 1 1 1
     1867  4  20  14 1 1 1
     1868  4  20  15 1 1 1
     1869  4  20  16 1 1 1
     1870  4  20  17 1 1 1
     1871  4  21  1 1 1 1
     1872  4  21  2 1 1 1
     1873  4  21  3 1 1 1
     1874  4  21  4 1 1 1
     1875  4  21  5 1 1 1
     1876  4  21  6 1 1 1
     1877  4  21  7 1 1 1
     1878  4  21  8 1 1 1
     1879  4  21  9 1 1 1
     1880  4  21  10 1 1 1
     1881  4  21  11 1 1 1
     1882  4  21  12 1 1 1
     1883  4  21  13 1 1 1
     1884  4  21  14 1 1 1
     1885  4  21  15 1 1 1
     1886  4  21  16 1 1 1
     1887  4  21  17 1 1 1
     1888  4  22  1 1 1 1
     1889  4  22  2 1 1 1
     1890  4  22  3 1 1 1
     1891  4  22  4 1 1 1
     1892  4  22  5 1 1 1
     1893  4  22  6 1 1 1
     1894  4  22  7 1 1 1
     1895  4  22  8 1 1 1
     1896  4  22  9 1 1 1
     1897  4  22  10 1 1 1
     1898  4  22  11 1 1 1
     1899  4  22  12 1 1 1
     1900  4  22  13 1 1 1
     1901  4  22  14 1 1 1
     1902  4  22  15 1 1 1
     1903  4  22  16 1 1 1
     1904  4  22  17 1 1 1
     1905  4  23  1 1 1 1
     1906  4  23  2 1 1 1
     1907  4  23  3 1 1 1
     1908  4  23  4 1 1 1
     1909  4  23  5 1 1 1
     1910  4  23  6 1 1 1
     1911  4  23  7 1 1 1
     1912  4  23  8 1 1 1
     1913  4  23  9 1 1 1
     1914  4  23  10 1 1 1
     1915  4  23  11 1 1 1
     1916  4  23  12 1 1 1
     1917  4  23  13 1 1 1
     1918  4  23  14 1 1 1
     1919  4  23  15 1 1 1
     1920  4  23  16 1 1 1
     1921  4  23  17 1 1 1
     1922  4  24  1 1 1 1
     1923  4  24  2 1 1 1
     1924  4  24  3 1 1 1
     1925  4  24  4 1 1 1
     1926  4  24  5 1 1 1
     1927  4  24  6 1 1 1
     1928  4  24  7 1 1 1
     1929  4  24  8 1 1 1
     1930  4  24  9 1 1 1
     1931  4  24  10 1 1 1
     1932  4  24  11 1 1 1
     1933  4  24  12 1 1 1
     1934  4  24  13 1 1 1
     1935  4  24  14 1 1 1
     1936  4  24  15 1 1 1
     1937  4  24  16 1 1 1
     1938  4  24  17 1 1 1
     1939  4  25  1 1 1 1
     1940  4  25  2 1 1 1
     1941  4  25  3 1 1 1
     1942  4  25  4 1 1 1
     1943  4  25  5 1 1 1
     1944  4  25  6 1 1 1
     1945  4  25  7 1 1 1
     1946  4  25  8 1 1 1
     1947  4  25  9 1 1 1
     1948  4  25  10 1 1 1
     1949  4  25  11 1 1 1
     1950  4  25  12 1 1 1
     1951  4  25  13 1 1 1
     1952  4  25  14 1 1 1
     1953  4  25  15 1 1 1
     1954  4  25  16 1 1 1
     1955  4  25  17 1 1 1
     1956  4  26  1 1 1 1
     1957  4  26  2 1 1 1
     1958  4  26  3 1 1 1
     1959  4  26  4 1 1 1
     1960  4  26  5 1 1 1
     1961  4  26  6 1 1 1
     1962  4  26  7 1 1 1
     1963  4  26  8 1 1 1
     1964  4  26  9 1 1 1
     1965  4  26  10 1 1 1
     1966  4  26  11 1 1 1
     1967  4  26  12 1 1 1
     1968  4  26  13 1 1 1
     1969  4  26  14 1 1 1
     1970  4  26  15 1 1 1
     1971  4  26  16 1 1 1
     1972  4  26  17 1 1 1
     1973  4  27  1 1 1 1
     1974  4  27  2 1 1 1
     1975  4  27  3 1 1 1
     1976  4  27  4 1 1 1
     1977  4  27  5 1 1 1
     1978  4  27  6 1 1 1
     1979  4  27  7 1 1 1
     1980  4  27  8 1 1 1
     1981  4  27  9 1 1 1
     1982  4  27  10 1 1 1
     1983  4  27  11 1 1 1
     1984  4  27  12 1 1 1
     1985  4  27  13 1 1 1
     1986  4  27  14 1 1 1
     1987  4  27  15 1 1 1
     1988  4  27  16 1 1 1
     1989  4  27  17 1 1 1
     1990  4  28  1 1 1 1
     1991  4  28  2 1 1 1
     1992  4  28  3 1 1 1
     1993  4  28  4 1 1 1
     1994  4  28  5 1 1 1
     1995  4  28  6 1 1 1
     1996  4  28  7 1 1 1
     1997  4  28  8 1 1 1
     1998  4  28  9 1 1 1
     1999  4  28  10 1 1 1
     2000  4  28  11 1 1 1
     2001  4  28  12 1 1 1
     2002  4  28  13 1 1 1
     2003  4  28  14 1 1 1
     2004  4  28  15 1 1 1
     2005  4  28  16 1 1 1
     2006  4  28  17 1 1 1
     2007  4  29  1 1 1 1
     2008  4  29  2 1 1 1
     2009  4  29  3 1 1 1
     2010  4  29  4 1 1 1
     2011  4  29  5 1 1 1
     2012  4  29  6 1 1 1
     2013  4  29  7 1 1 1
     2014  4  29  8 1 1 1
     2015  4  29  9 1 1 1
     2016  4  29  10 1 1 1
     2017  4  29  11 1 1 1
     2018  4  29  12 1 1 1
     2019  4  29  13 1 1 1
     2020  4  29  14 1 1 1
     2021  4  29  15 1 1 1
     2022  4  29  16 1 1 1
     2023  4  29  17 1 1 1
     2024  4  30  1 1 1 1
     2025  4  30  2 1 1 1
     2026  4  30  3 1 1 1
     2027  4  30  4 1 1 1
     2028  4  30  5 1 1 1
     2029  4  30  6 1 1 1
     2030  4  30  7 1 1 1
     2031  4  30  8 1 1 1
     2032  4  30  9 1 1 1
     2033  4  30  10 1 1 1
     2034  4  30  11 1 1 1
     2035  4  30  12 1 1 1
     2036  4  30  13 1 1 1
     2037  4  30  14 1 1 1
     2038  4  30  15 1 1 1
     2039  4  30  16 1 1 1
     2040  4  30  17 1 1 1
     2041  5  1  1 1 1 1
     2042  5  1  2 1 1 1
     2043  5  1  3 1 1 1
     2044  5  1  4 1 1 1
     2045  5  1  5 1 1 1
     2046  5  1  6 1 1 1
     2047  5  1  7 1 1 1
     2048  5  1  8 1 1 1
     2049  5  1  9 1 1 1
     2050  5  1  10 1 1 1
     2051  5  1  11 1 1 1
     2052  5  1  12 1 1 1
     2053  5  1  13 1 1 1
     2054  5  1  14 1 1 1
     2055  5  1  15 1 1 1
     2056  5  1  16 1 1 1
     2057  5  1  17 1 1 1
     2058  5  2  1 1 1 1
     2059  5  2  2 1 1 1
     2060  5  2  3 1 1 1
     2061  5  2  4 1 1 1
     2062  5  2  5 1 1 1
     2063  5  2  6 1 1 1
     2064  5  2  7 1 1 1
     2065  5  2  8 1 1 1
     2066  5  2  9 1 1 1
     2067  5  2  10 1 1 1
     2068  5  2  11 1 1 1
     2069  5  2  12 1 1 1
     2070  5  2  13 1 1 1
     2071  5  2  14 1 1 1
     2072  5  2  15 1 1 1
     2073  5  2  16 1 1 1
     2074  5  2  17 1 1 1
     2075  5  3  1 1 1 1
     2076  5  3  2 1 1 1
     2077  5  3  3 1 1 1
     2078  5  3  4 1 1 1
     2079  5  3  5 1 1 1
     2080  5  3  6 1 1 1
     2081  5  3  7 1 1 1
     2082  5  3  8 1 1 1
     2083  5  3  9 1 1 1
     2084  5  3  10 1 1 1
     2085  5  3  11 1 1 1
     2086  5  3  12 1 1 1
     2087  5  3  13 1 1 1
     2088  5  3  14 1 1 1
     2089  5  3  15 1 1 1
     2090  5  3  16 1 1 1
     2091  5  3  17 1 1 1
     2092  5  4  1 1 1 1
     2093  5  4  2 1 1 1
     2094  5  4  3 1 1 1
     2095  5  4  4 1 1 1
     2096  5  4  5 1 1 1
     2097  5  4  6 1 1 1
     2098  5  4  7 1 1 1
     2099  5  4  8 1 1 1
     2100  5  4  9 1 1 1
     2101  5  4  10 1 1 1
     2102  5  4  11 1 1 1
     2103  5  4  12 1 1 1
     2104  5  4  13 1 1 1
     2105  5  4  14 1 1 1
     2106  5  4  15 1 1 1
     2107  5  4  16 1 1 1
     2108  5  4  17 1 1 1
     2109  5  5  1 1 1 1
     2110  5  5  2 1 1 1
     2111  5  5  3 1 1 1
     2112  5  5  4 1 1 1
     2113  5  5  5 1 1 1
     2114  5  5  6 1 1 1
     2115  5  5  7 1 1 1
     2116  5  5  8 1 1 1
     2117  5  5  9 1 1 1
     2118  5  5  10 1 1 1
     2119  5  5  11 1 1 1
     2120  5  5  12 1 1 1
     2121  5  5  13 1 1 1
     2122  5  5  14 1 1 1
     2123  5  5  15 1 1 1
     2124  5  5  16 1 1 1
     2125  5  5  17 1 1 1
     2126  5  6  1 1 1 1
     2127  5  6  2 1 1 1
     2128  5  6  3 1 1 1
     2129  5  6  4 1 1 1
     2130  5  6  5 1 1 1
     2131  5  6  6 1 1 1
     2132  5  6  7 1 1 1
     2133  5  6  8 1 1 1
     2134  5  6  9 1 1 1
     2135  5  6  10 1 1 1
     2136  5  6  11 1 1 1
     2137  5  6  12 1 1 1
     2138  5  6  13 1 1 1
     2139  5  6  14 1 1 1
     2140  5  6  15 1 1 1
     2141  5  6  16 1 1 1
     2142  5  6  17 1 1 1
     2143  5  7  1 1 1 1
     2144  5  7  2 1 1 1
     2145  5  7  3 1 1 1
     2146  5  7  4 1 1 1
     2147  5  7  5 1 1 1
     2148  5  7  6 1 1 1
     2149  5  7  7 1 1 1
     2150  5  7  8 1 1 1
     2151  5  7  9 1 1 1
     2152  5  7  10 1 1 1
     2153  5  7  11 1 1 1
     2154  5  7  12 1 1 1
     2155  5  7  13 1 1 1
     2156  5  7  14 1 1 1
     2157  5  7  15 1 1 1
     2158  5  7  16 1 1 1
     2159  5  7  17 1 1 1
     2160  5  8  1 1 1 1
     2161  5  8  2 1 1 1
     2162  5  8  3 1 1 1
     2163  5  8  4 1 1 1
     2164  5  8  5 1 1 1
     2165  5  8  6 1 1 1
     2166  5  8  7 1 1 1
     2167  5  8  8 1 1 1
     2168  5  8  9 1 1 1
     2169  5  8  10 1 1 1
     2170  5  8  11 1 1 1
     2171  5  8  12 1 1 1
     2172  5  8  13 1 1 1
     2173  5  8  14 1 1 1
     2174  5  8  15 1 1 1
     2175  5  8  16 1 1 1
     2176  5  8  17 1 1 1
     2177  5  9  1 1 1 1
     2178  5  9  2 1 1 1
     2179  5  9  3 1 1 1
     2180  5  9  4 1 1 1
     2181  5  9  5 1 1 1
     2182  5  9  6 1 1 1
     2183  5  9  7 1 1 1
     2184  5  9  8 1 1 1
     2185  5  9  9 1 1 1
     2186  5  9  10 1 1 1
     2187  5  9  11 1 1 1
     2188  5  9  12 1 1 1
     2189  5  9  13 1 1 1
     2190  5  9  14 1 1 1
     2191  5  9  15 1 1 1
     2192  5  9  16 1 1 1
     2193  5  9  17 1 1 1
     2194  5  10  1 1 1 1
     2195  5  10  2 1 1 1
     2196  5  10  3 1 1 1
     2197  5  10  4 1 1 1
     2198  5  10  5 1 1 1
     2199  5  10  6 1 1 1
     2200  5  10  7 1 1 1
     2201  5  10  8 1 1 1
     2202  5  10  9 1 1 1
     2203  5  10  10 1 1 1
     2204  5  10  11 1 1 1
     2205  5  10  12 1 1 1
     2206  5  10  13 1 1 1
     2207  5  10  14 1 1 1
     2208  5  10  15 1 1 1
     2209  5  10  16 1 1 1
     2210  5  10  17 1 1 1
     2211  5  11  1 1 1 1
     2212  5  11  2 1 1 1
     2213  5  11  3 1 1 1
     2214  5  11  4 1 1 1
     2215  5  11  5 1 1 1
     2216  5  11  6 1 1 1
     2217  5  11  7 1 1 1
     2218  5  11  8 1 1 1
     2219  5  11  9 1 1 1
     2220  5  11  10 1 1 1
     2221  5  11  11 1 1 1
     2222  5  11  12 1 1 1
     2223  5  11  13 1 1 1
     2224  5  11  14 1 1 1
     2225  5  11  15 1 1 1
     2226  5  11  16 1 1 1
     2227  5  11  17 1 1 1
     2228  5  12  1 1 1 1
     2229  5  12  2 1 1 1
     2230  5  12  3 1 1 1
     2231  5  12  4 1 1 1
     2232  5  12  5 1 1 1
     2233  5  12  6 1 1 1
     2234  5  12  7 1 1 1
     2235  5  12  8 1 1 1
     2236  5  12  9 1 1 1
     2237  5  12  10 1 1 1
     2238  5  12  11 1 1 1
     2239  5  12  12 1 1 1
     2240  5  12  13 1 1 1
     2241  5  12  14 1 1 1
     2242  5  12  15 1 1 1
     2243  5  12  16 1 1 1
     2244  5  12  17 1 1 1
     2245  5  13  1 1 1 1
     2246  5  13  2 1 1 1
     2247  5  13  3 1 1 1
     2248  5  13  4 1 1 1
     2249  5  13  5 1 1 1
     2250  5  13  6 1 1 1
     2251  5  13  7 1 1 1
     2252  5  13  8 1 1 1
     2253  5  13  9 1 1 1
     2254  5  13  10 1 1 1
     2255  5  13  11 1 1 1
     2256  5  13  12 1 1 1
     2257  5  13  13 1 1 1
     2258  5  13  14 1 1 1
     2259  5  13  15 1 1 1
     2260  5  13  16 1 1 1
     2261  5  13  17 1 1 1
     2262  5  14  1 1 1 1
     2263  5  14  2 1 1 1
     2264  5  14  3 1 1 1
     2265  5  14  4 1 1 1
     2266  5  14  5 1 1 1
     2267  5  14  6 1 1 1
     2268  5  14  7 1 1 1
     2269  5  14  8 1 1 1
     2270  5  14  9 1 1 1
     2271  5  14  10 1 1 1
     2272  5  14  11 1 1 1
     2273  5  14  12 1 1 1
     2274  5  14  13 1 1 1
     2275  5  14  14 1 1 1
     2276  5  14  15 1 1 1
     2277  5  14  16 1 1 1
     2278  5  14  17 1 1 1
     2279  5  15  1 1 1 1
     2280  5  15  2 1 1 1
     2281  5  15  3 1 1 1
     2282  5  15  4 1 1 1
     2283  5  15  5 1 1 1
     2284  5  15  6 1 1 1
     2285  5  15  7 1 1 1
     2286  5  15  8 1 1 1
     2287  5  15  9 1 1 1
     2288  5  15  10 1 1 1
     2289  5  15  11 1 1 1
     2290  5  15  12 1 1 1
     2291  5  15  13 1 1 1
     2292  5  15  14 1 1 1
     2293  5  15  15 1 1 1
     2294  5  15  16 1 1 1
     2295  5  15  17 1 1 1
     2296  5  16  1 1 1 1
     2297  5  16  2 1 1 1
     2298  5  16  3 1 1 1
     2299  5  16  4 1 1 1
     2300  5  16  5 1 1 1
     2301  5  16  6 1 1 1
     2302  5  16  7 1 1 1
     2303  5  16  8 1 1 1
     2304  5  16  9 1 1 1
     2305  5  16  10 1 1 1
     2306  5  16  11 1 1 1
     2307  5  16  12 1 1 1
     2308  5  16  13 1 1 1
     2309  5  16  14 1 1 1
     2310  5  16  15 1 1 1
     2311  5  16  16 1 1 1
     2312  5  16  17 1 1 1
     2313  5  17  1 1 1 1
     2314  5  17  2 1 1 1
     2315  5  17  3 1 1 1
     2316  5  17  4 1 1 1
     2317  5  17  5 1 1 1
     2318  5  17  6 1 1 1
     2319  5  17  7 1 1 1
     2320  5  17  8 1 1 1
     2321  5  17  9 1 1 1
     2322  5  17  10 1 1 1
     2323  5  17  11 1 1 1
     2324  5  17  12 1 1 1
     2325  5  17  13 1 1 1
     2326  5  17  14 1 1 1
     2327  5  17  15 1 1 1
     2328  5  17  16 1 1 1
     2329  5  17  17 1 1 1
     2330  5  18  1 1 1 1
     2331  5  18  2 1 1 1
     2332  5  18  3 1 1 1
     2333  5  18  4 1 1 1
     2334  5  18  5 1 1 1
     2335  5  18  6 1 1 1
     2336  5  18  7 1 1 1
     2337  5  18  8 1 1 1
     2338  5  18  9 1 1 1
     2339  5  18  10 1 1 1
     2340  5  18  11 1 1 1
     2341  5  18  12 1 1 1
     2342  5  18  13 1 1 1
     2343  5  18  14 1 1 1
     2344  5  18  15 1 1 1
     2345  5  18  16 1 1 1
     2346  5  18  17 1 1 1
     2347  5  19  1 1 1 1
     2348  5  19  2 1 1 1
     2349  5  19  3 1 1 1
     2350  5  19  4 1 1 1
     2351  5  19  5 1 1 1
     2352  5  19  6 1 1 1
     2353  5  19  7 1 1 1
     2354  5  19  8 1 1 1
     2355  5  19  9 1 1 1
     2356  5  19  10 1 1 1
     2357  5  19  11 1 1 1
     2358  5  19  12 1 1 1
     2359  5  19  13 1 1 1
     2360  5  19  14 1 1 1
     2361  5  19  15 1 1 1
     2362  5  19  16 1 1 1
     2363  5  19  17 1 1 1
     2364  5  20  1 1 1 1
     2365  5  20  2 1 1 1
     2366  5  20  3 1 1 1
     2367  5  20  4 1 1 1
     2368  5  20  5 1 1 1
     2369  5  20  6 1 1 1
     2370  5  20  7 1 1 1
     2371  5  20  8 1 1 1
     2372  5  20  9 1 1 1
     2373  5  20  10 1 1 1
     2374  5  20  11 1 1 1
     2375  5  20  12 1 1 1
     2376  5  20  13 1 1 1
     2377  5  20  14 1 1 1
     2378  5  20  15 1 1 1
     2379  5  20  16 1 1 1
     2380  5  20  17 1 1 1
     2381  5  21  1 1 1 1
     2382  5  21  2 1 1 1
     2383  5  21  3 1 1 1
     2384  5  21  4 1 1 1
     2385  5  21  5 1 1 1
     2386  5  21  6 1 1 1
     2387  5  21  7 1 1 1
     2388  5  21  8 1 1 1
     2389  5  21  9 1 1 1
     2390  5  21  10 1 1 1
     2391  5  21  11 1 1 1
     2392  5  21  12 1 1 1
     2393  5  21  13 1 1 1
     2394  5  21  14 1 1 1
     2395  5  21  15 1 1 1
     2396  5  21  16 1 1 1
     2397  5  21  17 1 1 1
     2398  5  22  1 1 1 1
     2399  5  22  2 1 1 1
     2400  5  22  3 1 1 1
     2401  5  22  4 1 1 1
     2402  5  22  5 1 1 1
     2403  5  22  6 1 1 1
     2404  5  22  7 1 1 1
     2405  5  22  8 1 1 1
     2406  5  22  9 1 1 1
     2407  5  22  10 1 1 1
     2408  5  22  11 1 1 1
     2409  5  22  12 1 1 1
     2410  5  22  13 1 1 1
     2411  5  22  14 1 1 1
     2412  5  22  15 1 1 1
     2413  5  22  16 1 1 1
     2414  5  22  17 1 1 1
     2415  5  23  1 1 1 1
     2416  5  23  2 1 1 1
     2417  5  23  3 1 1 1
     2418  5  23  4 1 1 1
     2419  5  23  5 1 1 1
     2420  5  23  6 1 1 1
     2421  5  23  7 1 1 1
     2422  5  23  8 1 1 1
     2423  5  23  9 1 1 1
     2424  5  23  10 1 1 1
     2425  5  23  11 1 1 1
     2426  5  23  12 1 1 1
     2427  5  23  13 1 1 1
     2428  5  23  14 1 1 1
     2429  5  23  15 1 1 1
     2430  5  23  16 1 1 1
     2431  5  23  17 1 1 1
     2432  5  24  1 1 1 1
     2433  5  24  2 1 1 1
     2434  5  24  3 1 1 1
     2435  5  24  4 1 1 1
     2436  5  24  5 1 1 1
     2437  5  24  6 1 1 1
     2438  5  24  7 1 1 1
     2439  5  24  8 1 1 1
     2440  5  24  9 1 1 1
     2441  5  24  10 1 1 1
     2442  5  24  11 1 1 1
     2443  5  24  12 1 1 1
     2444  5  24  13 1 1 1
     2445  5  24  14 1 1 1
     2446  5  24  15 1 1 1
     2447  5  24  16 1 1 1
     2448  5  24  17 1 1 1
     2449  5  25  1 1 1 1
     2450  5  25  2 1 1 1
     2451  5  25  3 1 1 1
     2452  5  25  4 1 1 1
     2453  5  25  5 1 1 1
     2454  5  25  6 1 1 1
     2455  5  25  7 1 1 1
     2456  5  25  8 1 1 1
     2457  5  25  9 1 1 1
     2458  5  25  10 1 1 1
     2459  5  25  11 1 1 1
     2460  5  25  12 1 1 1
     2461  5  25  13 1 1 1
     2462  5  25  14 1 1 1
     2463  5  25  15 1 1 1
     2464  5  25  16 1 1 1
     2465  5  25  17 1 1 1
     2466  5  26  1 1 1 1
     2467  5  26  2 1 1 1
     2468  5  26  3 1 1 1
     2469  5  26  4 1 1 1
     2470  5  26  5 1 1 1
     2471  5  26  6 1 1 1
     2472  5  26  7 1 1 1
     2473  5  26  8 1 1 1
     2474  5  26  9 1 1 1
     2475  5  26  10 1 1 1
     2476  5  26  11 1 1 1
     2477  5  26  12 1 1 1
     2478  5  26  13 1 1 1
     2479  5  26  14 1 1 1
     2480  5  26  15 1 1 1
     2481  5  26  16 1 1 1
     2482  5  26  17 1 1 1
     2483  5  27  1 1 1 1
     2484  5  27  2 1 1 1
     2485  5  27  3 1 1 1
     2486  5  27  4 1 1 1
     2487  5  27  5 1 1 1
     2488  5  27  6 1 1 1
     2489  5  27  7 1 1 1
     2490  5  27  8 1 1 1
     2491  5  27  9 1 1 1
     2492  5  27  10 1 1 1
     2493  5  27  11 1 1 1
     2494  5  27  12 1 1 1
     2495  5  27  13 1 1 1
     2496  5  27  14 1 1 1
     2497  5  27  15 1 1 1
     2498  5  27  16 1 1 1
     2499  5  27  17 1 1 1
     2500  5  28  1 1 1 1
     2501  5  28  2 1 1 1
     2502  5  28  3 1 1 1
     2503  5  28  4 1 1 1
     2504  5  28  5 1 1 1
     2505  5  28  6 1 1 1
     2506  5  28  7 1 1 1
     2507  5  28  8 1 1 1
     2508  5  28  9 1 1 1
     2509  5  28  10 1 1 1
     2510  5  28  11 1 1 1
     2511  5  28  12 1 1 1
     2512  5  28  13 1 1 1
     2513  5  28  14 1 1 1
     2514  5  28  15 1 1 1
     2515  5  28  16 1 1 1
     2516  5  28  17 1 1 1
     2517  5  29  1 1 1 1
     2518  5  29  2 1 1 1
     2519  5  29  3 1 1 1
     2520  5  29  4 1 1 1
     2521  5  29  5 1 1 1
     2522  5  29  6 1 1 1
     2523  5  29  7 1 1 1
     2524  5  29  8 1 1 1
     2525  5  29  9 1 1 1
     2526  5  29  10 1 1 1
     2527  5  29  11 1 1 1
     2528  5  29  12 1 1 1
     2529  5  29  13 1 1 1
     2530  5  29  14 1 1 1
     2531  5  29  15 1 1 1
     2532  5  29  16 1 1 1
     2533  5  29  17 1 1 1
     2534  5  30  1 1 1 1
     2535  5  30  2 1 1 1
     2536  5  30  3 1 1 1
     2537  5  30  4 1 1 1
     2538  5  30  5 1 1 1
     2539  5  30  6 1 1 1
     2540  5  30  7 1 1 1
     2541  5  30  8 1 1 1
     2542  5  30  9 1 1 1
     2543  5  30  10 1 1 1
     2544  5  30  11 1 1 1
     2545  5  30  12 1 1 1
     2546  5  30  13 1 1 1
     2547  5  30  14 1 1 1
     2548  5  30  15 1 1 1
     2549  5  30  16 1 1 1
     2550  5  30  17 1 1 1
     2551  6  1  1 1 1 1
     2552  6  1  2 1 1 1
     2553  6  1  3 1 1 1
     2554  6  1  4 1 1 1
     2555  6  1  5 1 1 1
     2556  6  1  6 1 1 1
     2557  6  1  7 1 1 1
     2558  6  1  8 1 1 1
     2559  6  1  9 1 1 1
     2560  6  1  10 1 1 1
     2561  6  1  11 1 1 1
     2562  6  1  12 1 1 1
     2563  6  1  13 1 1 1
     2564  6  1  14 1 1 1
     2565  6  1  15 1 1 1
     2566  6  1  16 1 1 1
     2567  6  1  17 1 1 1
     2568  6  2  1 1 1 1
     2569  6  2  2 1 1 1
     2570  6  2  3 1 1 1
     2571  6  2  4 1 1 1
     2572  6  2  5 1 1 1
     2573  6  2  6 1 1 1
     2574  6  2  7 1 1 1
     2575  6  2  8 1 1 1
     2576  6  2  9 1 1 1
     2577  6  2  10 1 1 1
     2578  6  2  11 1 1 1
     2579  6  2  12 1 1 1
     2580  6  2  13 1 1 1
     2581  6  2  14 1 1 1
     2582  6  2  15 1 1 1
     2583  6  2  16 1 1 1
     2584  6  2  17 1 1 1
     2585  6  3  1 1 1 1
     2586  6  3  2 1 1 1
     2587  6  3  3 1 1 1
     2588  6  3  4 1 1 1
     2589  6  3  5 1 1 1
     2590  6  3  6 1 1 1
     2591  6  3  7 1 1 1
     2592  6  3  8 1 1 1
     2593  6  3  9 1 1 1
     2594  6  3  10 1 1 1
     2595  6  3  11 1 1 1
     2596  6  3  12 1 1 1
     2597  6  3  13 1 1 1
     2598  6  3  14 1 1 1
     2599  6  3  15 1 1 1
     2600  6  3  16 1 1 1
     2601  6  3  17 1 1 1
     2602  6  4  1 1 1 1
     2603  6  4  2 1 1 1
     2604  6  4  3 1 1 1
     2605  6  4  4 1 1 1
     2606  6  4  5 1 1 1
     2607  6  4  6 1 1 1
     2608  6  4  7 1 1 1
     2609  6  4  8 1 1 1
     2610  6  4  9 1 1 1
     2611  6  4  10 1 1 1
     2612  6  4  11 1 1 1
     2613  6  4  12 1 1 1
     2614  6  4  13 1 1 1
     2615  6  4  14 1 1 1
     2616  6  4  15 1 1 1
     2617  6  4  16 1 1 1
     2618  6  4  17 1 1 1
     2619  6  5  1 1 1 1
     2620  6  5  2 1 1 1
     2621  6  5  3 1 1 1
     2622  6  5  4 1 1 1
     2623  6  5  5 1 1 1
     2624  6  5  6 1 1 1
     2625  6  5  7 1 1 1
     2626  6  5  8 1 1 1
     2627  6  5  9 1 1 1
     2628  6  5  10 1 1 1
     2629  6  5  11 1 1 1
     2630  6  5  12 1 1 1
     2631  6  5  13 1 1 1
     2632  6  5  14 1 1 1
     2633  6  5  15 1 1 1
     2634  6  5  16 1 1 1
     2635  6  5  17 1 1 1
     2636  6  6  1 1 1 1
     2637  6  6  2 1 1 1
     2638  6  6  3 1 1 1
     2639  6  6  4 1 1 1
     2640  6  6  5 1 1 1
     2641  6  6  6 1 1 1
     2642  6  6  7 1 1 1
     2643  6  6  8 1 1 1
     2644  6  6  9 1 1 1
     2645  6  6  10 1 1 1
     2646  6  6  11 1 1 1
     2647  6  6  12 1 1 1
     2648  6  6  13 1 1 1
     2649  6  6  14 1 1 1
     2650  6  6  15 1 1 1
     2651  6  6  16 1 1 1
     2652  6  6  17 1 1 1
     2653  6  7  1 1 1 1
     2654  6  7  2 1 1 1
     2655  6  7  3 1 1 1
     2656  6  7  4 1 1 1
     2657  6  7  5 1 1 1
     2658  6  7  6 1 1 1
     2659  6  7  7 1 1 1
     2660  6  7  8 1 1 1
     2661  6  7  9 1 1 1
     2662  6  7  10 1 1 1
     2663  6  7  11 1 1 1
     2664  6  7  12 1 1 1
     2665  6  7  13 1 1 1
     2666  6  7  14 1 1 1
     2667  6  7  15 1 1 1
     2668  6  7  16 1 1 1
     2669  6  7  17 1 1 1
     2670  6  8  1 1 1 1
     2671  6  8  2 1 1 1
     2672  6  8  3 1 1 1
     2673  6  8  4 1 1 1
     2674  6  8  5 1 1 1
     2675  6  8  6 1 1 1
     2676  6  8  7 1 1 1
     2677  6  8  8 1 1 1
     2678  6  8  9 1 1 1
     2679  6  8  10 1 1 1
     2680  6  8  11 1 1 1
     2681  6  8  12 1 1 1
     2682  6  8  13 1 1 1
     2683  6  8  14 1 1 1
     2684  6  8  15 1 1 1
     2685  6  8  16 1 1 1
     2686  6  8  17 1 1 1
     2687  6  9  1 1 1 1
     2688  6  9  2 1 1 1
     2689  6  9  3 1 1 1
     2690  6  9  4 1 1 1
     2691  6  9  5 1 1 1
     2692  6  9  6 1 1 1
     2693  6  9  7 1 1 1
     2694  6  9  8 1 1 1
     2695  6  9  9 1 1 1
     2696  6  9  10 1 1 1
     2697  6  9  11 1 1 1
     2698  6  9  12 1 1 1
     2699  6  9  13 1 1 1
     2700  6  9  14 1 1 1
     2701  6  9  15 1 1 1
     2702  6  9  16 1 1 1
     2703  6  9  17 1 1 1
     2704  6  10  1 1 1 1
     2705  6  10  2 1 1 1
     2706  6  10  3 1 1 1
     2707  6  10  4 1 1 1
     2708  6  10  5 1 1 1
     2709  6  10  6 1 1 1
     2710  6  10  7 1 1 1
     2711  6  10  8 1 1 1
     2712  6  10  9 1 1 1
     2713  6  10  10 1 1 1
     2714  6  10  11 1 1 1
     2715  6  10  12 1 1 1
     2716  6  10  13 1 1 1
     2717  6  10  14 1 1 1
     2718  6  10  15 1 1 1
     2719  6  10  16 1 1 1
     2720  6  10  17 1 1 1
     2721  6  11  1 1 1 1
     2722  6  11  2 1 1 1
     2723  6  11  3 1 1 1
     2724  6  11  4 1 1 1
     2725  6  11  5 1 1 1
     2726  6  11  6 1 1 1
     2727  6  11  7 1 1 1
     2728  6  11  8 1 1 1
     2729  6  11  9 1 1 1
     2730  6  11  10 1 1 1
     2731  6  11  11 1 1 1
     2732  6  11  12 1 1 1
     2733  6  11  13 1 1 1
     2734  6  11  14 1 1 1
     2735  6  11  15 1 1 1
     2736  6  11  16 1 1 1
     2737  6  11  17 1 1 1
     2738  6  12  1 1 1 1
     2739  6  12  2 1 1 1
     2740  6  12  3 1 1 1
     2741  6  12  4 1 1 1
     2742  6  12  5 1 1 1
     2743  6  12  6 1 1 1
     2744  6  12  7 1 1 1
     2745  6  12  8 1 1 1
     2746  6  12  9 1 1 1
     2747  6  12  10 1 1 1
     2748  6  12  11 1 1 1
     2749  6  12  12 1 1 1
     2750  6  12  13 1 1 1
     2751  6  12  14 1 1 1
     2752  6  12  15 1 1 1
     2753  6  12  16 1 1 1
     2754  6  12  17 1 1 1
     2755  6  13  1 1 1 1
     2756  6  13  2 1 1 1
     2757  6  13  3 1 1 1
     2758  6  13  4 1 1 1
     2759  6  13  5 1 1 1
     2760  6  13  6 1 1 1
     2761  6  13  7 1 1 1
     2762  6  13  8 1 1 1
     2763  6  13  9 1 1 1
     2764  6  13  10 1 1 1
     2765  6  13  11 1 1 1
     2766  6  13  12 1 1 1
     2767  6  13  13 1 1 1
     2768  6  13  14 1 1 1
     2769  6  13  15 1 1 1
     2770  6  13  16 1 1 1
     2771  6  13  17 1 1 1
     2772  6  14  1 1 1 1
     2773  6  14  2 1 1 1
     2774  6  14  3 1 1 1
     2775  6  14  4 1 1 1
     2776  6  14  5 1 1 1
     2777  6  14  6 1 1 1
     2778  6  14  7 1 1 1
     2779  6  14  8 1 1 1
     2780  6  14  9 1 1 1
     2781  6  14  10 1 1 1
     2782  6  14  11 1 1 1
     2783  6  14  12 1 1 1
     2784  6  14  13 1 1 1
     2785  6  14  14 1 1 1
     2786  6  14  15 1 1 1
     2787  6  14  16 1 1 1
     2788  6  14  17 1 1 1
     2789  6  15  1 1 1 1
     2790  6  15  2 1 1 1
     2791  6  15  3 1 1 1
     2792  6  15  4 1 1 1
     2793  6  15  5 1 1 1
     2794  6  15  6 1 1 1
     2795  6  15  7 1 1 1
     2796  6  15  8 1 1 1
     2797  6  15  9 1 1 1
     2798  6  15  10 1 1 1
     2799  6  15  11 1 1 1
     2800  6  15  12 1 1 1
     2801  6  15  13 1 1 1
     2802  6  15  14 1 1 1
     2803  6  15  15 1 1 1
     2804  6  15  16 1 1 1
     2805  6  15  17 1 1 1
     2806  6  16  1 1 1 1
     2807  6  16  2 1 1 1
     2808  6  16  3 1 1 1
     2809  6  16  4 1 1 1
     2810  6  16  5 1 1 1
     2811  6  16  6 1 1 1
     2812  6  16  7 1 1 1
     2813  6  16  8 1 1 1
     2814  6  16  9 1 1 1
     2815  6  16  10 1 1 1
     2816  6  16  11 1 1 1
     2817  6  16  12 1 1 1
     2818  6  16  13 1 1 1
     2819  6  16  14 1 1 1
     2820  6  16  15 1 1 1
     2821  6  16  16 1 1 1
     2822  6  16  17 1 1 1
     2823  6  17  1 1 1 1
     2824  6  17  2 1 1 1
     2825  6  17  3 1 1 1
     2826  6  17  4 1 1 1
     2827  6  17  5 1 1 1
     2828  6  17  6 1 1 1
     2829  6  17  7 1 1 1
     2830  6  17  8 1 1 1
     2831  6  17  9 1 1 1
     2832  6  17  10 1 1 1
     2833  6  17  11 1 1 1
     2834  6  17  12 1 1 1
     2835  6  17  13 1 1 1
     2836  6  17  14 1 1 1
     2837  6  17  15 1 1 1
     2838  6  17  16 1 1 1
     2839  6  17  17 1 1 1
     2840  6  18  1 1 1 1
     2841  6  18  2 1 1 1
     2842  6  18  3 1 1 1
     2843  6  18  4 1 1 1
     2844  6  18  5 1 1 1
     2845  6  18  6 1 1 1
     2846  6  18  7 1 1 1
     2847  6  18  8 1 1 1
     2848  6  18  9 1 1 1
     2849  6  18  10 1 1 1
     2850  6  18  11 1 1 1
     2851  6  18  12 1 1 1
     2852  6  18  13 1 1 1
     2853  6  18  14 1 1 1
     2854  6  18  15 1 1 1
     2855  6  18  16 1 1 1
     2856  6  18  17 1 1 1
     2857  6  19  1 1 1 1
     2858  6  19  2 1 1 1
     2859  6  19  3 1 1 1
     2860  6  19  4 1 1 1
     2861  6  19  5 1 1 1
     2862  6  19  6 1 1 1
     2863  6  19  7 1 1 1
     2864  6  19  8 1 1 1
     2865  6  19  9 1 1 1
     2866  6  19  10 1 1 1
     2867  6  19  11 1 1 1
     2868  6  19  12 1 1 1
     2869  6  19  13 1 1 1
     2870  6  19  14 1 1 1
     2871  6  19  15 1 1 1
     2872  6  19  16 1 1 1
     2873  6  19  17 1 1 1
     2874  6  20  1 1 1 1
     2875  6  20  2 1 1 1
     2876  6  20  3 1 1 1
     2877  6  20  4 1 1 1
     2878  6  20  5 1 1 1
     2879  6  20  6 1 1 1
     2880  6  20  7 1 1 1
     2881  6  20  8 1 1 1
     2882  6  20  9 1 1 1
     2883  6  20  10 1 1 1
     2884  6  20  11 1 1 1
     2885  6  20  12 1 1 1
     2886  6  20  13 1 1 1
     2887  6  20  14 1 1 1
     2888  6  20  15 1 1 1
     2889  6  20  16 1 1 1
     2890  6  20  17 1 1 1
     2891  6  21  1 1 1 1
     2892  6  21  2 1 1 1
     2893  6  21  3 1 1 1
     2894  6  21  4 1 1 1
     2895  6  21  5 1 1 1
     2896  6  21  6 1 1 1
     2897  6  21  7 1 1 1
     2898  6  21  8 1 1 1
     2899  6  21  9 1 1 1
     2900  6  21  10 1 1 1
     2901  6  21  11 1 1 1
     2902  6  21  12 1 1 1
     2903  6  21  13 1 1 1
     2904  6  21  14 1 1 1
     2905  6  21  15 1 1 1
     2906  6  21  16 1 1 1
     2907  6  21  17 1 1 1
     2908  6  22  1 1 1 1
     2909  6  22  2 1 1 1
     2910  6  22  3 1 1 1
     2911  6  22  4 1 1 1
     2912  6  22  5 1 1 1
     2913  6  22  6 1 1 1
     2914  6  22  7 1 1 1
     2915  6  22  8 1 1 1
     2916  6  22  9 1 1 1
     2917  6  22  10 1 1 1
     2918  6  22  11 1 1 1
     2919  6  22  12 1 1 1
     2920  6  22  13 1 1 1
     2921  6  22  14 1 1 1
     2922  6  22  15 1 1 1
     2923  6  22  16 1 1 1
     2924  6  22  17 1 1 1
     2925  6  23  1 1 1 1
     2926  6  23  2 1 1 1
     2927  6  23  3 1 1 1
     2928  6  23  4 1 1 1
     2929  6  23  5 1 1 1
     2930  6  23  6 1 1 1
     2931  6  23  7 1 1 1
     2932  6  23  8 1 1 1
     2933  6  23  9 1 1 1
     2934  6  23  10 1 1 1
     2935  6  23  11 1 1 1
     2936  6  23  12 1 1 1
     2937  6  23  13 1 1 1
     2938  6  23  14 1 1 1
     2939  6  23  15 1 1 1
     2940  6  23  16 1 1 1
     2941  6  23  17 1 1 1
     2942  6  24  1 1 1 1
     2943  6  24  2 1 1 1
     2944  6  24  3 1 1 1
     2945  6  24  4 1 1 1
     2946  6  24  5 1 1 1
     2947  6  24  6 1 1 1
     2948  6  24  7 1 1 1
     2949  6  24  8 1 1 1
     2950  6  24  9 1 1 1
     2951  6  24  10 1 1 1
     2952  6  24  11 1 1 1
     2953  6  24  12 1 1 1
     2954  6  24  13 1 1 1
     2955  6  24  14 1 1 1
     2956  6  24  15 1 1 1
     2957  6  24  16 1 1 1
     2958  6  24  17 1 1 1
     2959  6  25  1 1 1 1
     2960  6  25  2 1 1 1
     2961  6  25  3 1 1 1
     2962  6  25  4 1 1 1
     2963  6  25  5 1 1 1
     2964  6  25  6 1 1 1
     2965  6  25  7 1 1 1
     2966  6  25  8 1 1 1
     2967  6  25  9 1 1 1
     2968  6  25  10 1 1 1
     2969  6  25  11 1 1 1
     2970  6  25  12 1 1 1
     2971  6  25  13 1 1 1
     2972  6  25  14 1 1 1
     2973  6  25  15 1 1 1
     2974  6  25  16 1 1 1
     2975  6  25  17 1 1 1
     2976  6  26  1 1 1 1
     2977  6  26  2 1 1 1
     2978  6  26  3 1 1 1
     2979  6  26  4 1 1 1
     2980  6  26  5 1 1 1
     2981  6  26  6 1 1 1
     2982  6  26  7 1 1 1
     2983  6  26  8 1 1 1
     2984  6  26  9 1 1 1
     2985  6  26  10 1 1 1
     2986  6  26  11 1 1 1
     2987  6  26  12 1 1 1
     2988  6  26  13 1 1 1
     2989  6  26  14 1 1 1
     2990  6  26  15 1 1 1
     2991  6  26  16 1 1 1
     2992  6  26  17 1 1 1
     2993  6  27  1 1 1 1
     2994  6  27  2 1 1 1
     2995  6  27  3 1 1 1
     2996  6  27  4 1 1 1
     2997  6  27  5 1 1 1
     2998  6  27  6 1 1 1
     2999  6  27  7 1 1 1
     3000  6  27  8 1 1 1
     3001  6  27  9 1 1 1
     3002  6  27  10 1 1 1
     3003  6  27  11 1 1 1
     3004  6  27  12 1 1 1
     3005  6  27  13 1 1 1
     3006  6  27  14 1 1 1
     3007  6  27  15 1 1 1
     3008  6  27  16 1 1 1
     3009  6  27  17 1 1 1
     3010  6  28  1 1 1 1
     3011  6  28  2 1 1 1
     3012  6  28  3 1 1 1
     3013  6  28  4 1 1 1
     3014  6  28  5 1 1 1
     3015  6  28  6 1 1 1
     3016  6  28  7 1 1 1
     3017  6  28  8 1 1 1
     3018  6  28  9 1 1 1
     3019  6  28  10 1 1 1
     3020  6  28  11 1 1 1
     3021  6  28  12 1 1 1
     3022  6  28  13 1 1 1
     3023  6  28  14 1 1 1
     3024  6  28  15 1 1 1
     3025  6  28  16 1 1 1
     3026  6  28  17 1 1 1
     3027  6  29  1 1 1 1
     3028  6  29  2 1 1 1
     3029  6  29  3 1 1 1
     3030  6  29  4 1 1 1
     3031  6  29  5 1 1 1
     3032  6  29  6 1 1 1
     3033  6  29  7 1 1 1
     3034  6  29  8 1 1 1
     3035  6  29  9 1 1 1
     3036  6  29  10 1 1 1
     3037  6  29  11 1 1 1
     3038  6  29  12 1 1 1
     3039  6  29  13 1 1 1
     3040  6  29  14 1 1 1
     3041  6  29  15 1 1 1
     3042  6  29  16 1 1 1
     3043  6  29  17 1 1 1
     3044  6  30  1 1 1 1
     3045  6  30  2 1 1 1
     3046  6  30  3 1 1 1
     3047  6  30  4 1 1 1
     3048  6  30  5 1 1 1
     3049  6  30  6 1 1 1
     3050  6  30  7 1 1 1
     3051  6  30  8 1 1 1
     3052  6  30  9 1 1 1
     3053  6  30  10 1 1 1
     3054  6  30  11 1 1 1
     3055  6  30  12 1 1 1
     3056  6  30  13 1 1 1
     3057  6  30  14 1 1 1
     3058  6  30  15 1 1 1
     3059  6  30  16 1 1 1
     3060  6  30  17 1 1 1
     3061  7  1  1 1 1 1
     3062  7  1  2 1 1 1
     3063  7  1  3 1 1 1
     3064  7  1  4 1 1 1
     3065  7  1  5 1 1 1
     3066  7  1  6 1 1 1
     3067  7  1  7 1 1 1
     3068  7  1  8 1 1 1
     3069  7  1  9 1 1 1
     3070  7  1  10 1 1 1
     3071  7  1  11 1 1 1
     3072  7  1  12 1 1 1
     3073  7  1  13 1 1 1
     3074  7  1  14 1 1 1
     3075  7  1  15 1 1 1
     3076  7  1  16 1 1 1
     3077  7  1  17 1 1 1
     3078  7  2  1 1 1 1
     3079  7  2  2 1 1 1
     3080  7  2  3 1 1 1
     3081  7  2  4 1 1 1
     3082  7  2  5 1 1 1
     3083  7  2  6 1 1 1
     3084  7  2  7 1 1 1
     3085  7  2  8 1 1 1
     3086  7  2  9 1 1 1
     3087  7  2  10 1 1 1
     3088  7  2  11 1 1 1
     3089  7  2  12 1 1 1
     3090  7  2  13 1 1 1
     3091  7  2  14 1 1 1
     3092  7  2  15 1 1 1
     3093  7  2  16 1 1 1
     3094  7  2  17 1 1 1
     3095  7  3  1 1 1 1
     3096  7  3  2 1 1 1
     3097  7  3  3 1 1 1
     3098  7  3  4 1 1 1
     3099  7  3  5 1 1 1
     3100  7  3  6 1 1 1
     3101  7  3  7 1 1 1
     3102  7  3  8 1 1 1
     3103  7  3  9 1 1 1
     3104  7  3  10 1 1 1
     3105  7  3  11 1 1 1
     3106  7  3  12 1 1 1
     3107  7  3  13 1 1 1
     3108  7  3  14 1 1 1
     3109  7  3  15 1 1 1
     3110  7  3  16 1 1 1
     3111  7  3  17 1 1 1
     3112  7  4  1 1 1 1
     3113  7  4  2 1 1 1
     3114  7  4  3 1 1 1
     3115  7  4  4 1 1 1
     3116  7  4  5 1 1 1
     3117  7  4  6 1 1 1
     3118  7  4  7 1 1 1
     3119  7  4  8 1 1 1
     3120  7  4  9 1 1 1
     3121  7  4  10 1 1 1
     3122  7  4  11 1 1 1
     3123  7  4  12 1 1 1
     3124  7  4  13 1 1 1
     3125  7  4  14 1 1 1
     3126  7  4  15 1 1 1
     3127  7  4  16 1 1 1
     3128  7  4  17 1 1 1
     3129  7  5  1 1 1 1
     3130  7  5  2 1 1 1
     3131  7  5  3 1 1 1
     3132  7  5  4 1 1 1
     3133  7  5  5 1 1 1
     3134  7  5  6 1 1 1
     3135  7  5  7 1 1 1
     3136  7  5  8 1 1 1
     3137  7  5  9 1 1 1
     3138  7  5  10 1 1 1
     3139  7  5  11 1 1 1
     3140  7  5  12 1 1 1
     3141  7  5  13 1 1 1
     3142  7  5  14 1 1 1
     3143  7  5  15 1 1 1
     3144  7  5  16 1 1 1
     3145  7  5  17 1 1 1
     3146  7  6  1 1 1 1
     3147  7  6  2 1 1 1
     3148  7  6  3 1 1 1
     3149  7  6  4 1 1 1
     3150  7  6  5 1 1 1
     3151  7  6  6 1 1 1
     3152  7  6  7 1 1 1
     3153  7  6  8 1 1 1
     3154  7  6  9 1 1 1
     3155  7  6  10 1 1 1
     3156  7  6  11 1 1 1
     3157  7  6  12 1 1 1
     3158  7  6  13 1 1 1
     3159  7  6  14 1 1 1
     3160  7  6  15 1 1 1
     3161  7  6  16 1 1 1
     3162  7  6  17 1 1 1
     3163  7  7  1 1 1 1
     3164  7  7  2 1 1 1
     3165  7  7  3 1 1 1
     3166  7  7  4 1 1 1
     3167  7  7  5 1 1 1
     3168  7  7  6 1 1 1
     3169  7  7  7 1 1 1
     3170  7  7  8 1 1 1
     3171  7  7  9 1 1 1
     3172  7  7  10 1 1 1
     3173  7  7  11 1 1 1
     3174  7  7  12 1 1 1
     3175  7  7  13 1 1 1
     3176  7  7  14 1 1 1
     3177  7  7  15 1 1 1
     3178  7  7  16 1 1 1
     3179  7  7  17 1 1 1
     3180  7  8  1 1 1 1
     3181  7  8  2 1 1 1
     3182  7  8  3 1 1 1
     3183  7  8  4 1 1 1
     3184  7  8  5 1 1 1
     3185  7  8  6 1 1 1
     3186  7  8  7 1 1 1
     3187  7  8  8 1 1 1
     3188  7  8  9 1 1 1
     3189  7  8  10 1 1 1
     3190  7  8  11 1 1 1
     3191  7  8  12 1 1 1
     3192  7  8  13 1 1 1
     3193  7  8  14 1 1 1
     3194  7  8  15 1 1 1
     3195  7  8  16 1 1 1
     3196  7  8  17 1 1 1
     3197  7  9  1 1 1 1
     3198  7  9  2 1 1 1
     3199  7  9  3 1 1 1
     3200  7  9  4 1 1 1
     3201  7  9  5 1 1 1
     3202  7  9  6 1 1 1
     3203  7  9  7 1 1 1
     3204  7  9  8 1 1 1
     3205  7  9  9 1 1 1
     3206  7  9  10 1 1 1
     3207  7  9  11 1 1 1
     3208  7  9  12 1 1 1
     3209  7  9  13 1 1 1
     3210  7  9  14 1 1 1
     3211  7  9  15 1 1 1
     3212  7  9  16 1 1 1
     3213  7  9  17 1 1 1
     3214  7  10  1 1 1 1
     3215  7  10  2 1 1 1
     3216  7  10  3 1 1 1
     3217  7  10  4 1 1 1
     3218  7  10  5 1 1 1
     3219  7  10  6 1 1 1
     3220  7  10  7 1 1 1
     3221  7  10  8 1 1 1
     3222  7  10  9 1 1 1
     3223  7  10  10 1 1 1
     3224  7  10  11 1 1 1
     3225  7  10  12 1 1 1
     3226  7  10  13 1 1 1
     3227  7  10  14 1 1 1
     3228  7  10  15 1 1 1
     3229  7  10  16 1 1 1
     3230  7  10  17 1 1 1
     3231  7  11  1 1 1 1
     3232  7  11  2 1 1 1
     3233  7  11  3 1 1 1
     3234  7  11  4 1 1 1
     3235  7  11  5 1 1 1
     3236  7  11  6 1 1 1
     3237  7  11  7 1 1 1
     3238  7  11  8 1 1 1
     3239  7  11  9 1 1 1
     3240  7  11  10 1 1 1
     3241  7  11  11 1 1 1
     3242  7  11  12 1 1 1
     3243  7  11  13 1 1 1
     3244  7  11  14 1 1 1
     3245  7  11  15 1 1 1
     3246  7  11  16 1 1 1
     3247  7  11  17 1 1 1
     3248  7  12  1 1 1 1
     3249  7  12  2 1 1 1
     3250  7  12  3 1 1 1
     3251  7  12  4 1 1 1
     3252  7  12  5 1 1 1
     3253  7  12  6 1 1 1
     3254  7  12  7 1 1 1
     3255  7  12  8 1 1 1
     3256  7  12  9 1 1 1
     3257  7  12  10 1 1 1
     3258  7  12  11 1 1 1
     3259  7  12  12 1 1 1
     3260  7  12  13 1 1 1
     3261  7  12  14 1 1 1
     3262  7  12  15 1 1 1
     3263  7  12  16 1 1 1
     3264  7  12  17 1 1 1
     3265  7  13  1 1 1 1
     3266  7  13  2 1 1 1
     3267  7  13  3 1 1 1
     3268  7  13  4 1 1 1
     3269  7  13  5 1 1 1
     3270  7  13  6 1 1 1
     3271  7  13  7 1 1 1
     3272  7  13  8 1 1 1
     3273  7  13  9 1 1 1
     3274  7  13  10 1 1 1
     3275  7  13  11 1 1 1
     3276  7  13  12 1 1 1
     3277  7  13  13 1 1 1
     3278  7  13  14 1 1 1
     3279  7  13  15 1 1 1
     3280  7  13  16 1 1 1
     3281  7  13  17 1 1 1
     3282  7  14  1 1 1 1
     3283  7  14  2 1 1 1
     3284  7  14  3 1 1 1
     3285  7  14  4 1 1 1
     3286  7  14  5 1 1 1
     3287  7  14  6 1 1 1
     3288  7  14  7 1 1 1
     3289  7  14  8 1 1 1
     3290  7  14  9 1 1 1
     3291  7  14  10 1 1 1
     3292  7  14  11 1 1 1
     3293  7  14  12 1 1 1
     3294  7  14  13 1 1 1
     3295  7  14  14 1 1 1
     3296  7  14  15 1 1 1
     3297  7  14  16 1 1 1
     3298  7  14  17 1 1 1
     3299  7  15  1 1 1 1
     3300  7  15  2 1 1 1
     3301  7  15  3 1 1 1
     3302  7  15  4 1 1 1
     3303  7  15  5 1 1 1
     3304  7  15  6 1 1 1
     3305  7  15  7 1 1 1
     3306  7  15  8 1 1 1
     3307  7  15  9 1 1 1
     3308  7  15  10 1 1 1
     3309  7  15  11 1 1 1
     3310  7  15  12 1 1 1
     3311  7  15  13 1 1 1
     3312  7  15  14 1 1 1
     3313  7  15  15 1 1 1
     3314  7  15  16 1 1 1
     3315  7  15  17 1 1 1
     3316  7  16  1 1 1 1
     3317  7  16  2 1 1 1
     3318  7  16  3 1 1 1
     3319  7  16  4 1 1 1
     3320  7  16  5 1 1 1
     3321  7  16  6 1 1 1
     3322  7  16  7 1 1 1
     3323  7  16  8 1 1 1
     3324  7  16  9 1 1 1
     3325  7  16  10 1 1 1
     3326  7  16  11 1 1 1
     3327  7  16  12 1 1 1
     3328  7  16  13 1 1 1
     3329  7  16  14 1 1 1
     3330  7  16  15 1 1 1
     3331  7  16  16 1 1 1
     3332  7  16  17 1 1 1
     3333  7  17  1 1 1 1
     3334  7  17  2 1 1 1
     3335  7  17  3 1 1 1
     3336  7  17  4 1 1 1
     3337  7  17  5 1 1 1
     3338  7  17  6 1 1 1
     3339  7  17  7 1 1 1
     3340  7  17  8 1 1 1
     3341  7  17  9 1 1 1
     3342  7  17  10 1 1 1
     3343  7  17  11 1 1 1
     3344  7  17  12 1 1 1
     3345  7  17  13 1 1 1
     3346  7  17  14 1 1 1
     3347  7  17  15 1 1 1
     3348  7  17  16 1 1 1
     3349  7  17  17 1 1 1
     3350  7  18  1 1 1 1
     3351  7  18  2 1 1 1
     3352  7  18  3 1 1 1
     3353  7  18  4 1 1 1
     3354  7  18  5 1 1 1
     3355  7  18  6 1 1 1
     3356  7  18  7 1 1 1
     3357  7  18  8 1 1 1
     3358  7  18  9 1 1 1
     3359  7  18  10 1 1 1
     3360  7  18  11 1 1 1
     3361  7  18  12 1 1 1
     3362  7  18  13 1 1 1
     3363  7  18  14 1 1 1
     3364  7  18  15 1 1 1
     3365  7  18  16 1 1 1
     3366  7  18  17 1 1 1
     3367  7  19  1 1 1 1
     3368  7  19  2 1 1 1
     3369  7  19  3 1 1 1
     3370  7  19  4 1 1 1
     3371  7  19  5 1 1 1
     3372  7  19  6 1 1 1
     3373  7  19  7 1 1 1
     3374  7  19  8 1 1 1
     3375  7  19  9 1 1 1
     3376  7  19  10 1 1 1
     3377  7  19  11 1 1 1
     3378  7  19  12 1 1 1
     3379  7  19  13 1 1 1
     3380  7  19  14 1 1 1
     3381  7  19  15 1 1 1
     3382  7  19  16 1 1 1
     3383  7  19  17 1 1 1
     3384  7  20  1 1 1 1
     3385  7  20  2 1 1 1
     3386  7  20  3 1 1 1
     3387  7  20  4 1 1 1
     3388  7  20  5 1 1 1
     3389  7  20  6 1 1 1
     3390  7  20  7 1 1 1
     3391  7  20  8 1 1 1
     3392  7  20  9 1 1 1
     3393  7  20  10 1 1 1
     3394  7  20  11 1 1 1
     3395  7  20  12 1 1 1
     3396  7  20  13 1 1 1
     3397  7  20  14 1 1 1
     3398  7  20  15 1 1 1
     3399  7  20  16 1 1 1
     3400  7  20  17 1 1 1
     3401  7  21  1 1 1 1
     3402  7  21  2 1 1 1
     3403  7  21  3 1 1 1
     3404  7  21  4 1 1 1
     3405  7  21  5 1 1 1
     3406  7  21  6 1 1 1
     3407  7  21  7 1 1 1
     3408  7  21  8 1 1 1
     3409  7  21  9 1 1 1
     3410  7  21  10 1 1 1
     3411  7  21  11 1 1 1
     3412  7  21  12 1 1 1
     3413  7  21  13 1 1 1
     3414  7  21  14 1 1 1
     3415  7  21  15 1 1 1
     3416  7  21  16 1 1 1
     3417  7  21  17 1 1 1
     3418  7  22  1 1 1 1
     3419  7  22  2 1 1 1
     3420  7  22  3 1 1 1
     3421  7  22  4 1 1 1
     3422  7  22  5 1 1 1
     3423  7  22  6 1 1 1
     3424  7  22  7 1 1 1
     3425  7  22  8 1 1 1
     3426  7  22  9 1 1 1
     3427  7  22  10 1 1 1
     3428  7  22  11 1 1 1
     3429  7  22  12 1 1 1
     3430  7  22  13 1 1 1
     3431  7  22  14 1 1 1
     3432  7  22  15 1 1 1
     3433  7  22  16 1 1 1
     3434  7  22  17 1 1 1
     3435  7  23  1 1 1 1
     3436  7  23  2 1 1 1
     3437  7  23  3 1 1 1
     3438  7  23  4 1 1 1
     3439  7  23  5 1 1 1
     3440  7  23  6 1 1 1
     3441  7  23  7 1 1 1
     3442  7  23  8 1 1 1
     3443  7  23  9 1 1 1
     3444  7  23  10 1 1 1
     3445  7  23  11 1 1 1
     3446  7  23  12 1 1 1
     3447  7  23  13 1 1 1
     3448  7  23  14 1 1 1
     3449  7  23  15 1 1 1
     3450  7  23  16 1 1 1
     3451  7  23  17 1 1 1
     3452  7  24  1 1 1 1
     3453  7  24  2 1 1 1
     3454  7  24  3 1 1 1
     3455  7  24  4 1 1 1
     3456  7  24  5 1 1 1
     3457  7  24  6 1 1 1
     3458  7  24  7 1 1 1
     3459  7  24  8 1 1 1
     3460  7  24  9 1 1 1
     3461  7  24  10 1 1 1
     3462  7  24  11 1 1 1
     3463  7  24  12 1 1 1
     3464  7  24  13 1 1 1
     3465  7  24  14 1 1 1
     3466  7  24  15 1 1 1
     3467  7  24  16 1 1 1
     3468  7  24  17 1 1 1
     3469  7  25  1 1 1 1
     3470  7  25  2 1 1 1
     3471  7  25  3 1 1 1
     3472  7  25  4 1 1 1
     3473  7  25  5 1 1 1
     3474  7  25  6 1 1 1
     3475  7  25  7 1 1 1
     3476  7  25  8 1 1 1
     3477  7  25  9 1 1 1
     3478  7  25  10 1 1 1
     3479  7  25  11 1 1 1
     3480  7  25  12 1 1 1
     3481  7  25  13 1 1 1
     3482  7  25  14 1 1 1
     3483  7  25  15 1 1 1
     3484  7  25  16 1 1 1
     3485  7  25  17 1 1 1
     3486  7  26  1 1 1 1
     3487  7  26  2 1 1 1
     3488  7  26  3 1 1 1
     3489  7  26  4 1 1 1
     3490  7  26  5 1 1 1
     3491  7  26  6 1 1 1
     3492  7  26  7 1 1 1
     3493  7  26  8 1 1 1
     3494  7  26  9 1 1 1
     3495  7  26  10 1 1 1
     3496  7  26  11 1 1 1
     3497  7  26  12 1 1 1
     3498  7  26  13 1 1 1
     3499  7  26  14 1 1 1
     3500  7  26  15 1 1 1
     3501  7  26  16 1 1 1
     3502  7  26  17 1 1 1
     3503  7  27  1 1 1 1
     3504  7  27  2 1 1 1
     3505  7  27  3 1 1 1
     3506  7  27  4 1 1 1
     3507  7  27  5 1 1 1
     3508  7  27  6 1 1 1
     3509  7  27  7 1 1 1
     3510  7  27  8 1 1 1
     3511  7  27  9 1 1 1
     3512  7  27  10 1 1 1
     3513  7  27  11 1 1 1
     3514  7  27  12 1 1 1
     3515  7  27  13 1 1 1
     3516  7  27  14 1 1 1
     3517  7  27  15 1 1 1
     3518  7  27  16 1 1 1
     3519  7  27  17 1 1 1
     3520  7  28  1 1 1 1
     3521  7  28  2 1 1 1
     3522  7  28  3 1 1 1
     3523  7  28  4 1 1 1
     3524  7  28  5 1 1 1
     3525  7  28  6 1 1 1
     3526  7  28  7 1 1 1
     3527  7  28  8 1 1 1
     3528  7  28  9 1 1 1
     3529  7  28  10 1 1 1
     3530  7  28  11 1 1 1
     3531  7  28  12 1 1 1
     3532  7  28  13 1 1 1
     3533  7  28  14 1 1 1
     3534  7  28  15 1 1 1
     3535  7  28  16 1 1 1
     3536  7  28  17 1 1 1
     3537  7  29  1 1 1 1
     3538  7  29  2 1 1 1
     3539  7  29  3 1 1 1
     3540  7  29  4 1 1 1
     3541  7  29  5 1 1 1
     3542  7  29  6 1 1 1
     3543  7  29  7 1 1 1
     3544  7  29  8 1 1 1
     3545  7  29  9 1 1 1
     3546  7  29  10 1 1 1
     3547  7  29  11 1 1 1
     3548  7  29  12 1 1 1
     3549  7  29  13 1 1 1
     3550  7  29  14 1 1 1
     3551  7  29  15 1 1 1
     3552  7  29  16 1 1 1
     3553  7  29  17 1 1 1
     3554  7  30  1 1 1 1
     3555  7  30  2 1 1 1
     3556  7  30  3 1 1 1
     3557  7  30  4 1 1 1
     3558  7  30  5 1 1 1
     3559  7  30  6 1 1 1
     3560  7  30  7 1 1 1
     3561  7  30  8 1 1 1
     3562  7  30  9 1 1 1
     3563  7  30  10 1 1 1
     3564  7  30  11 1 1 1
     3565  7  30  12 1 1 1
     3566  7  30  13 1 1 1
     3567  7  30  14 1 1 1
     3568  7  30  15 1 1 1
     3569  7  30  16 1 1 1
     3570  7  30  17 1 1 1