>GEOMETRY   rect_prism; AX,AY,AZ= 0.3272 0.3272 0.3272
     2640 = NAT 
  1.000000  0.000000  0.000000 = A_1 vector
  0.000000  1.000000  0.000000 = A_2 vector
  1.000000  1.000000  1.000000 = lattice spacings (d_x,d_y,d_z)/d
 -0.07085 -0.07680 -0.05005 = lattice offset x0(1-3) = (x_TF, y_TF, z_TF)/d for dipole 0 0 0
     JA  IX  IY  IZ ICOMP(x,y,z)
     1  1  1  1 1 1 1
     2  1  1  2 1 1 1
     3  1  1  3 1 1 1
     4  1  1  4 1 1 1
     5  1  1  5 1 1 1
     6  1  1  6 1 1 1
     7  1  1  7 1 1 1
     8  1  1  8 1 1 1
     9  1  1  9 1 1 1
     10  1  1  10 1 1 1
     11  1  1  11 1 1 1
     12  1  2  1 1 1 1
     13  1  2  2 1 1 1
     14  1  2  3 1 1 1
     15  1  2  4 1 1 1
     16  1  2  5 1 1 1
     17  1  2  6 1 1 1
     18  1  2  7 1 1 1
     19  1  2  8 1 1 1
     20  1  2  9 1 1 1
     21  1  2  10 1 1 1
     22  1  2  11 1 1 1
     23  1  3  1 1 1 1
     24  1  3  2 1 1 1
     25  1  3  3 1 1 1
     26  1  3  4 1 1 1
     27  1  3  5 1 1 1
     28  1  3  6 1 1 1
     29  1  3  7 1 1 1
     30  1  3  8 1 1 1
     31  1  3  9 1 1 1
     32  1  3  10 1 1 1
     33  1  3  11 1 1 1
     34  1  4  1 1 1 1
     35  1  4  2 1 1 1
     36  1  4  3 1 1 1
     37  1  4  4 1 1 1
     38  1  4  5 1 1 1
     39  1  4  6 1 1 1
     40  1  4  7 1 1 1
     41  1  4  8 1 1 1
     42  1  4  9 1 1 1
     43  1  4  10 1 1 1
     44  1  4  11 1 1 1
     45  1  5  1 1 1 1
     46  1  5  2 1 1 1
     47  1  5  3 1 1 1
     48  1  5  4 1 1 1
     49  1  5  5 1 1 1
     50  1  5  6 1 1 1
     51  1  5  7 1 1 1
     52  1  5  8 1 1 1
     53  1  5  9 1 1 1
     54  1  5  10 1 1 1
     55  1  5  11 1 1 1
     56  1  6  1 1 1 1
     57  1  6  2 1 1 1
     58  1  6  3 1 1 1
     59  1  6  4 1 1 1
     60  1  6  5 1 1 1
     61  1  6  6 1 1 1
     62  1  6  7 1 1 1
     63  1  6  8 1 1 1
     64  1  6  9 1 1 1
     65  1  6  10 1 1 1
     66  1  6  11 1 1 1
     67  1  7  1 1 1 1
     68  1  7  2 1 1 1
     69  1  7  3 1 1 1
     70  1  7  4 1 1 1
     71  1  7  5 1 1 1
     72  1  7  6 1 1 1
     73  1  7  7 1 1 1
     74  1  7  8 1 1 1
     75  1  7  9 1 1 1
     76  1  7  10 1 1 1
     77  1  7  11 1 1 1
     78  1  8  1 1 1 1
     79  1  8  2 1 1 1
     80  1  8  3 1 1 1
     81  1  8  4 1 1 1
     82  1  8  5 1 1 1
     83  1  8  6 1 1 1
     84  1  8  7 1 1 1
     85  1  8  8 1 1 1
     86  1  8  9 1 1 1
     87  1  8  10 1 1 1
     88  1  8  11 1 1 1
     89  1  9  1 1 1 1
     90  1  9  2 1 1 1
     91  1  9  3 1 1 1
     92  1  9  4 1 1 1
     93  1  9  5 1 1 1
     94  1  9  6 1 1 1
     95  1  9  7 1 1 1
     96  1  9  8 1 1 1
     97  1  9  9 1 1 1
     98  1  9  10 1 1 1
     99  1  9  11 1 1 1
     100  1  10  1 1 1 1
     101  1  10  2 1 1 1
     102  1  10  3 1 1 1
     103  1  10  4 1 1 1
     104  1  10  5 1 1 1
     105  1  10  6 1 1 1
     106  1  10  7 1 1 1
     107  1  10  8 1 1 1
     108  1  10  9 1 1 1
     109  1  10  10 1 1 1
     110  1  10  11 1 1 1
     111  1  11  1 1 1 1
     112  1  11  2 1 1 1
     113  1  11  3 1 1 1
     114  1  11  4 1 1 1
     115  1  11  5 1 1 1
     116  1  11  6 1 1 1
     117  1  11  7 1 1 1
     118  1  11  8 1 1 1
     119  1  11  9 1 1 1
     120  1  11  10 1 1 1
     121  1  11  11 1 1 1
     122  1  12  1 1 1 1
     123  1  12  2 1 1 1
     124  1  12  3 1 1 1
     125  1  12  4 1 1 1
     126  1  12  5 1 1 1
     127  1  12  6 1 1 1
     128  1  12  7 1 1 1
     129  1  12  8 1 1 1
     130  1  12  9 1 1 1
     131  1  12  10 1 1 1
     132  1  12  11 1 1 1
     133  1  13  1 1 1 1
     134  1  13  2 1 1 1
     135  1  13  3 1 1 1
     136  1  13  4 1 1 1
     137  1  13  5 1 1 1
     138  1  13  6 1 1 1
     139  1  13  7 1 1 1
     140  1  13  8 1 1 1
     141  1  13  9 1 1 1
     142  1  13  10 1 1 1
     143  1  13  11 1 1 1
     144  1  14  1 1 1 1
     145  1  14  2 1 1 1
     146  1  14  3 1 1 1
     147  1  14  4 1 1 1
     148  1  14  5 1 1 1
     149  1  14  6 1 1 1
     150  1  14  7 1 1 1
     151  1  14  8 1 1 1
     152  1  14  9 1 1 1
     153  1  14  10 1 1 1
     154  1  14  11 1 1 1
     155  1  15  1 1 1 1
     156  1  15  2 1 1 1
     157  1  15  3 1 1 1
     158  1  15  4 1 1 1
     159  1  15  5 1 1 1
     160  1  15  6 1 1 1
     161  1  15  7 1 1 1
     162  1  15  8 1 1 1
     163  1  15  9 1 1 1
     164  1  15  10 1 1 1
     165  1  15  11 1 1 1
     166  1  16  1 1 1 1
     167  1  16  2 1 1 1
     168  1  16  3 1 1 1
     169  1  16  4 1 1 1
     170  1  16  5 1 1 1
     171  1  16  6 1 1 1
     172  1  16  7 1 1 1
     173  1  16  8 1 1 1
     174  1  16  9 1 1 1
     175  1  16  10 1 1 1
     176  1  16  11 1 1 1
     177  2  1  1 1 1 1
     178  2  1  2 1 1 1
     179  2  1  3 1 1 1
     180  2  1  4 1 1 1
     181  2  1  5 1 1 1
     182  2  1  6 1 1 1
     183  2  1  7 1 1 1
     184  2  1  8 1 1 1
     185  2  1  9 1 1 1
     186  2  1  10 1 1 1
     187  2  1  11 1 1 1
     188  2  2  1 1 1 1
     189  2  2  2 1 1 1
     190  2  2  3 1 1 1
     191  2  2  4 1 1 1
     192  2  2  5 1 1 1
     193  2  2  6 1 1 1
     194  2  2  7 1 1 1
     195  2  2  8 1 1 1
     196  2  2  9 1 1 1
     197  2  2  10 1 1 1
     198  2  2  11 1 1 1
     199  2  3  1 1 1 1
     200  2  3  2 1 1 1
     201  2  3  3 1 1 1
     202  2  3  4 1 1 1
     203  2  3  5 1 1 1
     204  2  3  6 1 1 1
     205  2  3  7 1 1 1
     206  2  3  8 1 1 1
     207  2  3  9 1 1 1
     208  2  3  10 1 1 1
     209  2  3  11 1 1 1
     210  2  4  1 1 1 1
     211  2  4  2 1 1 1
     212  2  4  3 1 1 1
     213  2  4  4 1 1 1
     214  2  4  5 1 1 1
     215  2  4  6 1 1 1
     216  2  4  7 1 1 1
     217  2  4  8 1 1 1
     218  2  4  9 1 1 1
     219  2  4  10 1 1 1
     220  2  4  11 1 1 1
     221  2  5  1 1 1 1
     222  2  5  2 1 1 1
     223  2  5  3 1 1 1
     224  2  5  4 1 1 1
     225  2  5  5 1 1 1
     226  2  5  6 1 1 1
     227  2  5  7 1 1 1
     228  2  5  8 1 1 1
     229  2  5  9 1 1 1
     230  2  5  10 1 1 1
     231  2  5  11 1 1 1
     232  2  6  1 1 1 1
     233  2  6  2 1 1 1
     234  2  6  3 1 1 1
     235  2  6  4 1 1 1
     236  2  6  5 1 1 1
     237  2  6  6 1 1 1
     238  2  6  7 1 1 1
     239  2  6  8 1 1 1
     240  2  6  9 1 1 1
     241  2  6  10 1 1 1
     242  2  6  11 1 1 1
     243  2  7  1 1 1 1
     244  2  7  2 1 1 1
     245  2  7  3 1 1 1
     246  2  7  4 1 1 1
     247  2  7  5 1 1 1
     248  2  7  6 1 1 1
     249  2  7  7 1 1 1
     250  2  7  8 1 1 1
     251  2  7  9 1 1 1
     252  2  7  10 1 1 1
     253  2  7  11 1 1 1
     254  2  8  1 1 1 1
     255  2  8  2 1 1 1
     256  2  8  3 1 1 1
     257  2  8  4 1 1 1
     258  2  8  5 1 1 1
     259  2  8  6 1 1 1
     260  2  8  7 1 1 1
     261  2  8  8 1 1 1
     262  2  8  9 1 1 1
     263  2  8  10 1 1 1
     264  2  8  11 1 1 1
     265  2  9  1 1 1 1
     266  2  9  2 1 1 1
     267  2  9  3 1 1 1
     268  2  9  4 1 1 1
     269  2  9  5 1 1 1
     270  2  9  6 1 1 1
     271  2  9  7 1 1 1
     272  2  9  8 1 1 1
     273  2  9  9 1 1 1
     274  2  9  10 1 1 1
     275  2  9  11 1 1 1
     276  2  10  1 1 1 1
     277  2  10  2 1 1 1
     278  2  10  3 1 1 1
     279  2  10  4 1 1 1
     280  2  10  5 1 1 1
     281  2  10  6 1 1 1
     282  2  10  7 1 1 1
     283  2  10  8 1 1 1
     284  2  10  9 1 1 1
     285  2  10  10 1 1 1
     286  2  10  11 1 1 1
     287  2  11  1 1 1 1
     288  2  11  2 1 1 1
     289  2  11  3 1 1 1
     290  2  11  4 1 1 1
     291  2  11  5 1 1 1
     292  2  11  6 1 1 1
     293  2  11  7 1 1 1
     294  2  11  8 1 1 1
     295  2  11  9 1 1 1
     296  2  11  10 1 1 1
     297  2  11  11 1 1 1
     298  2  12  1 1 1 1
     299  2  12  2 1 1 1
     300  2  12  3 1 1 1
     301  2  12  4 1 1 1
     302  2  12  5 1 1 1
     303  2  12  6 1 1 1
     304  2  12  7 1 1 1
     305  2  12  8 1 1 1
     306  2  12  9 1 1 1
     307  2  12  10 1 1 1
     308  2  12  11 1 1 1
     309  2  13  1 1 1 1
     310  2  13  2 1 1 1
     311  2  13  3 1 1 1
     312  2  13  4 1 1 1
     313  2  13  5 1 1 1
     314  2  13  6 1 1 1
     315  2  13  7 1 1 1
     316  2  13  8 1 1 1
     317  2  13  9 1 1 1
     318  2  13  10 1 1 1
     319  2  13  11 1 1 1
     320  2  14  1 1 1 1
     321  2  14  2 1 1 1
     322  2  14  3 1 1 1
     323  2  14  4 1 1 1
     324  2  14  5 1 1 1
     325  2  14  6 1 1 1
     326  2  14  7 1 1 1
     327  2  14  8 1 1 1
     328  2  14  9 1 1 1
     329  2  14  10 1 1 1
     330  2  14  11 1 1 1
     331  2  15  1 1 1 1
     332  2  15  2 1 1 1
     333  2  15  3 1 1 1
     334  2  15  4 1 1 1
     335  2  15  5 1 1 1
     336  2  15  6 1 1 1
     337  2  15  7 1 1 1
     338  2  15  8 1 1 1
     339  2  15  9 1 1 1
     340  2  15  10 1 1 1
     341  2  15  11 1 1 1
     342  2  16  1 1 1 1
     343  2  16  2 1 1 1
     344  2  16  3 1 1 1
     345  2  16  4 1 1 1
     346  2  16  5 1 1 1
     347  2  16  6 1 1 1
     348  2  16  7 1 1 1
     349  2  16  8 1 1 1
     350  2  16  9 1 1 1
     351  2  16  10 1 1 1
     352  2  16  11 1 1 1
     353  3  1  1 1 1 1
     354  3  1  2 1 1 1
     355  3  1  3 1 1 1
     356  3  1  4 1 1 1
     357  3  1  5 1 1 1
     358  3  1  6 1 1 1
     359  3  1  7 1 1 1
     360  3  1  8 1 1 1
     361  3  1  9 1 1 1
     362  3  1  10 1 1 1
     363  3  1  11 1 1 1
     364  3  2  1 1 1 1
     365  3  2  2 1 1 1
     366  3  2  3 1 1 1
     367  3  2  4 1 1 1
     368  3  2  5 1 1 1
     369  3  2  6 1 1 1
     370  3  2  7 1 1 1
     371  3  2  8 1 1 1
     372  3  2  9 1 1 1
     373  3  2  10 1 1 1
     374  3  2  11 1 1 1
     375  3  3  1 1 1 1
     376  3  3  2 1 1 1
     377  3  3  3 1 1 1
     378  3  3  4 1 1 1
     379  3  3  5 1 1 1
     380  3  3  6 1 1 1
     381  3  3  7 1 1 1
     382  3  3  8 1 1 1
     383  3  3  9 1 1 1
     384  3  3  10 1 1 1
     385  3  3  11 1 1 1
     386  3  4  1 1 1 1
     387  3  4  2 1 1 1
     388  3  4  3 1 1 1
     389  3  4  4 1 1 1
     390  3  4  5 1 1 1
     391  3  4  6 1 1 1
     392  3  4  7 1 1 1
     393  3  4  8 1 1 1
     394  3  4  9 1 1 1
     395  3  4  10 1 1 1
     396  3  4  11 1 1 1
     397  3  5  1 1 1 1
     398  3  5  2 1 1 1
     399  3  5  3 1 1 1
     400  3  5  4 1 1 1
     401  3  5  5 1 1 1
     402  3  5  6 1 1 1
     403  3  5  7 1 1 1
     404  3  5  8 1 1 1
     405  3  5  9 1 1 1
     406  3  5  10 1 1 1
     407  3  5  11 1 1 1
     408  3  6  1 1 1 1
     409  3  6  2 1 1 1
     410  3  6  3 1 1 1
     411  3  6  4 1 1 1
     412  3  6  5 1 1 1
     413  3  6  6 1 1 1
     414  3  6  7 1 1 1
     415  3  6  8 1 1 1
     416  3  6  9 1 1 1
     417  3  6  10 1 1 1
     418  3  6  11 1 1 1
     419  3  7  1 1 1 1
     420  3  7  2 1 1 1
     421  3  7  3 1 1 1
     422  3  7  4 1 1 1
     423  3  7  5 1 1 1
     424  3  7  6 1 1 1
     425  3  7  7 1 1 1
     426  3  7  8 1 1 1
     427  3  7  9 1 1 1
     428  3  7  10 1 1 1
     429  3  7  11 1 1 1
     430  3  8  1 1 1 1
     431  3  8  2 1 1 1
     432  3  8  3 1 1 1
     433  3  8  4 1 1 1
     434  3  8  5 1 1 1
     435  3  8  6 1 1 1
     436  3  8  7 1 1 1
     437  3  8  8 1 1 1
     438  3  8  9 1 1 1
     439  3  8  10 1 1 1
     440  3  8  11 1 1 1
     441  3  9  1 1 1 1
     442  3  9  2 1 1 1
     443  3  9  3 1 1 1
     444  3  9  4 1 1 1
     445  3  9  5 1 1 1
     446  3  9  6 1 1 1
     447  3  9  7 1 1 1
     448  3  9  8 1 1 1
     449  3  9  9 1 1 1
     450  3  9  10 1 1 1
     451  3  9  11 1 1 1
     452  3  10  1 1 1 1
     453  3  10  2 1 1 1
     454  3  10  3 1 1 1
     455  3  10  4 1 1 1
     456  3  10  5 1 1 1
     457  3  10  6 1 1 1
     458  3  10  7 1 1 1
     459  3  10  8 1 1 1
     460  3  10  9 1 1 1
     461  3  10  10 1 1 1
     462  3  10  11 1 1 1
     463  3  11  1 1 1 1
     464  3  11  2 1 1 1
     465  3  11  3 1 1 1
     466  3  11  4 1 1 1
     467  3  11  5 1 1 1
     468  3  11  6 1 1 1
     469  3  11  7 1 1 1
     470  3  11  8 1 1 1
     471  3  11  9 1 1 1
     472  3  11  10 1 1 1
     473  3  11  11 1 1 1
     474  3  12  1 1 1 1
     475  3  12  2 1 1 1
     476  3  12  3 1 1 1
     477  3  12  4 1 1 1
     478  3  12  5 1 1 1
     479  3  12  6 1 1 1
     480  3  12  7 1 1 1
     481  3  12  8 1 1 1
     482  3  12  9 1 1 1
     483  3  12  10 1 1 1
     484  3  12  11 1 1 1
     485  3  13  1 1 1 1
     486  3  13  2 1 1 1
     487  3  13  3 1 1 1
     488  3  13  4 1 1 1
     489  3  13  5 1 1 1
     490  3  13  6 1 1 1
     491  3  13  7 1 1 1
     492  3  13  8 1 1 1
     493  3  13  9 1 1 1
     494  3  13  10 1 1 1
     495  3  13  11 1 1 1
     496  3  14  1 1 1 1
     497  3  14  2 1 1 1
     498  3  14  3 1 1 1
     499  3  14  4 1 1 1
     500  3  14  5 1 1 1
     501  3  14  6 1 1 1
     502  3  14  7 1 1 1
     503  3  14  8 1 1 1
     504  3  14  9 1 1 1
     505  3  14  10 1 1 1
     506  3  14  11 1 1 1
     507  3  15  1 1 1 1
     508  3  15  2 1 1 1
     509  3  15  3 1 1 1
     510  3  15  4 1 1 1
     511  3  15  5 1 1 1
     512  3  15  6 1 1 1
     513  3  15  7 1 1 1
     514  3  15  8 1 1 1
     515  3  15  9 1 1 1
     516  3  15  10 1 1 1
     517  3  15  11 1 1 1
     518  3  16  1 1 1 1
     519  3  16  2 1 1 1
     520  3  16  3 1 1 1
     521  3  16  4 1 1 1
     522  3  16  5 1 1 1
     523  3  16  6 1 1 1
     524  3  16  7 1 1 1
     525  3  16  8 1 1 1
     526  3  16  9 1 1 1
     527  3  16  10 1 1 1
     528  3  16  11 1 1 1
     529  4  1  1 1 1 1
     530  4  1  2 1 1 1
     531  4  1  3 1 1 1
     532  4  1  4 1 1 1
     533  4  1  5 1 1 1
     534  4  1  6 1 1 1
     535  4  1  7 1 1 1
     536  4  1  8 1 1 1
     537  4  1  9 1 1 1
     538  4  1  10 1 1 1
     539  4  1  11 1 1 1
     540  4  2  1 1 1 1
     541  4  2  2 1 1 1
     542  4  2  3 1 1 1
     543  4  2  4 1 1 1
     544  4  2  5 1 1 1
     545  4  2  6 1 1 1
     546  4  2  7 1 1 1
     547  4  2  8 1 1 1
     548  4  2  9 1 1 1
     549  4  2  10 1 1 1
     550  4  2  11 1 1 1
     551  4  3  1 1 1 1
     552  4  3  2 1 1 1
     553  4  3  3 1 1 1
     554  4  3  4 1 1 1
     555  4  3  5 1 1 1
     556  4  3  6 1 1 1
     557  4  3  7 1 1 1
     558  4  3  8 1 1 1
     559  4  3  9 1 1 1
     560  4  3  10 1 1 1
     561  4  3  11 1 1 1
     562  4  4  1 1 1 1
     563  4  4  2 1 1 1
     564  4  4  3 1 1 1
     565  4  4  4 1 1 1
     566  4  4  5 1 1 1
     567  4  4  6 1 1 1
     568  4  4  7 1 1 1
     569  4  4  8 1 1 1
     570  4  4  9 1 1 1
     571  4  4  10 1 1 1
     572  4  4  11 1 1 1
     573  4  5  1 1 1 1
     574  4  5  2 1 1 1
     575  4  5  3 1 1 1
     576  4  5  4 1 1 1
     577  4  5  5 1 1 1
     578  4  5  6 1 1 1
     579  4  5  7 1 1 1
     580  4  5  8 1 1 1
     581  4  5  9 1 1 1
     582  4  5  10 1 1 1
     583  4  5  11 1 1 1
     584  4  6  1 1 1 1
     585  4  6  2 1 1 1
     586  4  6  3 1 1 1
     587  4  6  4 1 1 1
     588  4  6  5 1 1 1
     589  4  6  6 1 1 1
     590  4  6  7 1 1 1
     591  4  6  8 1 1 1
     592  4  6  9 1 1 1
     593  4  6  10 1 1 1
     594  4  6  11 1 1 1
     595  4  7  1 1 1 1
     596  4  7  2 1 1 1
     597  4  7  3 1 1 1
     598  4  7  4 1 1 1
     599  4  7  5 1 1 1
     600  4  7  6 1 1 1
     601  4  7  7 1 1 1
     602  4  7  8 1 1 1
     603  4  7  9 1 1 1
     604  4  7  10 1 1 1
     605  4  7  11 1 1 1
     606  4  8  1 1 1 1
     607  4  8  2 1 1 1
     608  4  8  3 1 1 1
     609  4  8  4 1 1 1
     610  4  8  5 1 1 1
     611  4  8  6 1 1 1
     612  4  8  7 1 1 1
     613  4  8  8 1 1 1
     614  4  8  9 1 1 1
     615  4  8  10 1 1 1
     616  4  8  11 1 1 1
     617  4  9  1 1 1 1
     618  4  9  2 1 1 1
     619  4  9  3 1 1 1
     620  4  9  4 1 1 1
     621  4  9  5 1 1 1
     622  4  9  6 1 1 1
     623  4  9  7 1 1 1
     624  4  9  8 1 1 1
     625  4  9  9 1 1 1
     626  4  9  10 1 1 1
     627  4  9  11 1 1 1
     628  4  10  1 1 1 1
     629  4  10  2 1 1 1
     630  4  10  3 1 1 1
     631  4  10  4 1 1 1
     632  4  10  5 1 1 1
     633  4  10  6 1 1 1
     634  4  10  7 1 1 1
     635  4  10  8 1 1 1
     636  4  10  9 1 1 1
     637  4  10  10 1 1 1
     638  4  10  11 1 1 1
     639  4  11  1 1 1 1
     640  4  11  2 1 1 1
     641  4  11  3 1 1 1
     642  4  11  4 1 1 1
     643  4  11  5 1 1 1
     644  4  11  6 1 1 1
     645  4  11  7 1 1 1
     646  4  11  8 1 1 1
     647  4  11  9 1 1 1
     648  4  11  10 1 1 1
     649  4  11  11 1 1 1
     650  4  12  1 1 1 1
     651  4  12  2 1 1 1
     652  4  12  3 1 1 1
     653  4  12  4 1 1 1
     654  4  12  5 1 1 1
     655  4  12  6 1 1 1
     656  4  12  7 1 1 1
     657  4  12  8 1 1 1
     658  4  12  9 1 1 1
     659  4  12  10 1 1 1
     660  4  12  11 1 1 1
     661  4  13  1 1 1 1
     662  4  13  2 1 1 1
     663  4  13  3 1 1 1
     664  4  13  4 1 1 1
     665  4  13  5 1 1 1
     666  4  13  6 1 1 1
     667  4  13  7 1 1 1
     668  4  13  8 1 1 1
     669  4  13  9 1 1 1
     670  4  13  10 1 1 1
     671  4  13  11 1 1 1
     672  4  14  1 1 1 1
     673  4  14  2 1 1 1
     674  4  14  3 1 1 1
     675  4  14  4 1 1 1
     676  4  14  5 1 1 1
     677  4  14  6 1 1 1
     678  4  14  7 1 1 1
     679  4  14  8 1 1 1
     680  4  14  9 1 1 1
     681  4  14  10 1 1 1
     682  4  14  11 1 1 1
     683  4  15  1 1 1 1
     684  4  15  2 1 1 1
     685  4  15  3 1 1 1
     686  4  15  4 1 1 1
     687  4  15  5 1 1 1
     688  4  15  6 1 1 1
     689  4  15  7 1 1 1
     690  4  15  8 1 1 1
     691  4  15  9 1 1 1
     692  4  15  10 1 1 1
     693  4  15  11 1 1 1
     694  4  16  1 1 1 1
     695  4  16  2 1 1 1
     696  4  16  3 1 1 1
     697  4  16  4 1 1 1
     698  4  16  5 1 1 1
     699  4  16  6 1 1 1
     700  4  16  7 1 1 1
     701  4  16  8 1 1 1
     702  4  16  9 1 1 1
     703  4  16  10 1 1 1
     704  4  16  11 1 1 1
     705  5  1  1 1 1 1
     706  5  1  2 1 1 1
     707  5  1  3 1 1 1
     708  5  1  4 1 1 1
     709  5  1  5 1 1 1
     710  5  1  6 1 1 1
     711  5  1  7 1 1 1
     712  5  1  8 1 1 1
     713  5  1  9 1 1 1
     714  5  1  10 1 1 1
     715  5  1  11 1 1 1
     716  5  2  1 1 1 1
     717  5  2  2 1 1 1
     718  5  2  3 1 1 1
     719  5  2  4 1 1 1
     720  5  2  5 1 1 1
     721  5  2  6 1 1 1
     722  5  2  7 1 1 1
     723  5  2  8 1 1 1
     724  5  2  9 1 1 1
     725  5  2  10 1 1 1
     726  5  2  11 1 1 1
     727  5  3  1 1 1 1
     728  5  3  2 1 1 1
     729  5  3  3 1 1 1
     730  5  3  4 1 1 1
     731  5  3  5 1 1 1
     732  5  3  6 1 1 1
     733  5  3  7 1 1 1
     734  5  3  8 1 1 1
     735  5  3  9 1 1 1
     736  5  3  10 1 1 1
     737  5  3  11 1 1 1
     738  5  4  1 1 1 1
     739  5  4  2 1 1 1
     740  5  4  3 1 1 1
     741  5  4  4 1 1 1
     742  5  4  5 1 1 1
     743  5  4  6 1 1 1
     744  5  4  7 1 1 1
     745  5  4  8 1 1 1
     746  5  4  9 1 1 1
     747  5  4  10 1 1 1
     748  5  4  11 1 1 1
     749  5  5  1 1 1 1
     750  5  5  2 1 1 1
     751  5  5  3 1 1 1
     752  5  5  4 1 1 1
     753  5  5  5 1 1 1
     754  5  5  6 1 1 1
     755  5  5  7 1 1 1
     756  5  5  8 1 1 1
     757  5  5  9 1 1 1
     758  5  5  10 1 1 1
     759  5  5  11 1 1 1
     760  5  6  1 1 1 1
     761  5  6  2 1 1 1
     762  5  6  3 1 1 1
     763  5  6  4 1 1 1
     764  5  6  5 1 1 1
     765  5  6  6 1 1 1
     766  5  6  7 1 1 1
     767  5  6  8 1 1 1
     768  5  6  9 1 1 1
     769  5  6  10 1 1 1
     770  5  6  11 1 1 1
     771  5  7  1 1 1 1
     772  5  7  2 1 1 1
     773  5  7  3 1 1 1
     774  5  7  4 1 1 1
     775  5  7  5 1 1 1
     776  5  7  6 1 1 1
     777  5  7  7 1 1 1
     778  5  7  8 1 1 1
     779  5  7  9 1 1 1
     780  5  7  10 1 1 1
     781  5  7  11 1 1 1
     782  5  8  1 1 1 1
     783  5  8  2 1 1 1
     784  5  8  3 1 1 1
     785  5  8  4 1 1 1
     786  5  8  5 1 1 1
     787  5  8  6 1 1 1
     788  5  8  7 1 1 1
     789  5  8  8 1 1 1
     790  5  8  9 1 1 1
     791  5  8  10 1 1 1
     792  5  8  11 1 1 1
     793  5  9  1 1 1 1
     794  5  9  2 1 1 1
     795  5  9  3 1 1 1
     796  5  9  4 1 1 1
     797  5  9  5 1 1 1
     798  5  9  6 1 1 1
     799  5  9  7 1 1 1
     800  5  9  8 1 1 1
     801  5  9  9 1 1 1
     802  5  9  10 1 1 1
     803  5  9  11 1 1 1
     804  5  10  1 1 1 1
     805  5  10  2 1 1 1
     806  5  10  3 1 1 1
     807  5  10  4 1 1 1
     808  5  10  5 1 1 1
     809  5  10  6 1 1 1
     810  5  10  7 1 1 1
     811  5  10  8 1 1 1
     812  5  10  9 1 1 1
     813  5  10  10 1 1 1
     814  5  10  11 1 1 1
     815  5  11  1 1 1 1
     816  5  11  2 1 1 1
     817  5  11  3 1 1 1
     818  5  11  4 1 1 1
     819  5  11  5 1 1 1
     820  5  11  6 1 1 1
     821  5  11  7 1 1 1
     822  5  11  8 1 1 1
     823  5  11  9 1 1 1
     824  5  11  10 1 1 1
     825  5  11  11 1 1 1
     826  5  12  1 1 1 1
     827  5  12  2 1 1 1
     828  5  12  3 1 1 1
     829  5  12  4 1 1 1
     830  5  12  5 1 1 1
     831  5  12  6 1 1 1
     832  5  12  7 1 1 1
     833  5  12  8 1 1 1
     834  5  12  9 1 1 1
     835  5  12  10 1 1 1
     836  5  12  11 1 1 1
     837  5  13  1 1 1 1
     838  5  13  2 1 1 1
     839  5  13  3 1 1 1
     840  5  13  4 1 1 1
     841  5  13  5 1 1 1
     842  5  13  6 1 1 1
     843  5  13  7 1 1 1
     844  5  13  8 1 1 1
     845  5  13  9 1 1 1
     846  5  13  10 1 1 1
     847  5  13  11 1 1 1
     848  5  14  1 1 1 1
     849  5  14  2 1 1 1
     850  5  14  3 1 1 1
     851  5  14  4 1 1 1
     852  5  14  5 1 1 1
     853  5  14  6 1 1 1
     854  5  14  7 1 1 1
     855  5  14  8 1 1 1
     856  5  14  9 1 1 1
     857  5  14  10 1 1 1
     858  5  14  11 1 1 1
     859  5  15  1 1 1 1
     860  5  15  2 1 1 1
     861  5  15  3 1 1 1
     862  5  15  4 1 1 1
     863  5  15  5 1 1 1
     864  5  15  6 1 1 1
     865  5  15  7 1 1 1
     866  5  15  8 1 1 1
     867  5  15  9 1 1 1
     868  5  15  10 1 1 1
     869  5  15  11 1 1 1
     870  5  16  1 1 1 1
     871  5  16  2 1 1 1
     872  5  16  3 1 1 1
     873  5  16  4 1 1 1
     874  5  16  5 1 1 1
     875  5  16  6 1 1 1
     876  5  16  7 1 1 1
     877  5  16  8 1 1 1
     878  5  16  9 1 1 1
     879  5  16  10 1 1 1
     880  5  16  11 1 1 1
     881  6  1  1 1 1 1
     882  6  1  2 1 1 1
     883  6  1  3 1 1 1
     884  6  1  4 1 1 1
     885  6  1  5 1 1 1
     886  6  1  6 1 1 1
     887  6  1  7 1 1 1
     888  6  1  8 1 1 1
     889  6  1  9 1 1 1
     890  6  1  10 1 1 1
     891  6  1  11 1 1 1
     892  6  2  1 1 1 1
     893  6  2  2 1 1 1
     894  6  2  3 1 1 1
     895  6  2  4 1 1 1
     896  6  2  5 1 1 1
     897  6  2  6 1 1 1
     898  6  2  7 1 1 1
     899  6  2  8 1 1 1
     900  6  2  9 1 1 1
     901  6  2  10 1 1 1
     902  6  2  11 1 1 1
     903  6  3  1 1 1 1
     904  6  3  2 1 1 1
     905  6  3  3 1 1 1
     906  6  3  4 1 1 1
     907  6  3  5 1 1 1
     908  6  3  6 1 1 1
     909  6  3  7 1 1 1
     910  6  3  8 1 1 1
     911  6  3  9 1 1 1
     912  6  3  10 1 1 1
     913  6  3  11 1 1 1
     914  6  4  1 1 1 1
     915  6  4  2 1 1 1
     916  6  4  3 1 1 1
     917  6  4  4 1 1 1
     918  6  4  5 1 1 1
     919  6  4  6 1 1 1
     920  6  4  7 1 1 1
     921  6  4  8 1 1 1
     922  6  4  9 1 1 1
     923  6  4  10 1 1 1
     924  6  4  11 1 1 1
     925  6  5  1 1 1 1
     926  6  5  2 1 1 1
     927  6  5  3 1 1 1
     928  6  5  4 1 1 1
     929  6  5  5 1 1 1
     930  6  5  6 1 1 1
     931  6  5  7 1 1 1
     932  6  5  8 1 1 1
     933  6  5  9 1 1 1
     934  6  5  10 1 1 1
     935  6  5  11 1 1 1
     936  6  6  1 1 1 1
     937  6  6  2 1 1 1
     938  6  6  3 1 1 1
     939  6  6  4 1 1 1
     940  6  6  5 1 1 1
     941  6  6  6 1 1 1
     942  6  6  7 1 1 1
     943  6  6  8 1 1 1
     944  6  6  9 1 1 1
     945  6  6  10 1 1 1
     946  6  6  11 1 1 1
     947  6  7  1 1 1 1
     948  6  7  2 1 1 1
     949  6  7  3 1 1 1
     950  6  7  4 1 1 1
     951  6  7  5 1 1 1
     952  6  7  6 1 1 1
     953  6  7  7 1 1 1
     954  6  7  8 1 1 1
     955  6  7  9 1 1 1
     956  6  7  10 1 1 1
     957  6  7  11 1 1 1
     958  6  8  1 1 1 1
     959  6  8  2 1 1 1
     960  6  8  3 1 1 1
     961  6  8  4 1 1 1
     962  6  8  5 1 1 1
     963  6  8  6 1 1 1
     964  6  8  7 1 1 1
     965  6  8  8 1 1 1
     966  6  8  9 1 1 1
     967  6  8  10 1 1 1
     968  6  8  11 1 1 1
     969  6  9  1 1 1 1
     970  6  9  2 1 1 1
     971  6  9  3 1 1 1
     972  6  9  4 1 1 1
     973  6  9  5 1 1 1
     974  6  9  6 1 1 1
     975  6  9  7 1 1 1
     976  6  9  8 1 1 1
     977  6  9  9 1 1 1
     978  6  9  10 1 1 1
     979  6  9  11 1 1 1
     980  6  10  1 1 1 1
     981  6  10  2 1 1 1
     982  6  10  3 1 1 1
     983  6  10  4 1 1 1
     984  6  10  5 1 1 1
     985  6  10  6 1 1 1
     986  6  10  7 1 1 1
     987  6  10  8 1 1 1
     988  6  10  9 1 1 1
     989  6  10  10 1 1 1
     990  6  10  11 1 1 1
     991  6  11  1 1 1 1
     992  6  11  2 1 1 1
     993  6  11  3 1 1 1
     994  6  11  4 1 1 1
     995  6  11  5 1 1 1
     996  6  11  6 1 1 1
     997  6  11  7 1 1 1
     998  6  11  8 1 1 1
     999  6  11  9 1 1 1
     1000  6  11  10 1 1 1
     1001  6  11  11 1 1 1
     1002  6  12  1 1 1 1
     1003  6  12  2 1 1 1
     1004  6  12  3 1 1 1
     1005  6  12  4 1 1 1
     1006  6  12  5 1 1 1
     1007  6  12  6 1 1 1
     1008  6  12  7 1 1 1
     1009  6  12  8 1 1 1
     1010  6  12  9 1 1 1
     1011  6  12  10 1 1 1
     1012  6  12  11 1 1 1
     1013  6  13  1 1 1 1
     1014  6  13  2 1 1 1
     1015  6  13  3 1 1 1
     1016  6  13  4 1 1 1
     1017  6  13  5 1 1 1
     1018  6  13  6 1 1 1
     1019  6  13  7 1 1 1
     1020  6  13  8 1 1 1
     1021  6  13  9 1 1 1
     1022  6  13  10 1 1 1
     1023  6  13  11 1 1 1
     1024  6  14  1 1 1 1
     1025  6  14  2 1 1 1
     1026  6  14  3 1 1 1
     1027  6  14  4 1 1 1
     1028  6  14  5 1 1 1
     1029  6  14  6 1 1 1
     1030  6  14  7 1 1 1
     1031  6  14  8 1 1 1
     1032  6  14  9 1 1 1
     1033  6  14  10 1 1 1
     1034  6  14  11 1 1 1
     1035  6  15  1 1 1 1
     1036  6  15  2 1 1 1
     1037  6  15  3 1 1 1
     1038  6  15  4 1 1 1
     1039  6  15  5 1 1 1
     1040  6  15  6 1 1 1
     1041  6  15  7 1 1 1
     1042  6  15  8 1 1 1
     1043  6  15  9 1 1 1
     1044  6  15  10 1 1 1
     1045  6  15  11 1 1 1
     1046  6  16  1 1 1 1
     1047  6  16  2 1 1 1
     1048  6  16  3 1 1 1
     1049  6  16  4 1 1 1
     1050  6  16  5 1 1 1
     1051  6  16  6 1 1 1
     1052  6  16  7 1 1 1
     1053  6  16  8 1 1 1
     1054  6  16  9 1 1 1
     1055  6  16  10 1 1 1
     1056  6  16  11 1 1 1
     1057  7  1  1 1 1 1
     1058  7  1  2 1 1 1
     1059  7  1  3 1 1 1
     1060  7  1  4 1 1 1
     1061  7  1  5 1 1 1
     1062  7  1  6 1 1 1
     1063  7  1  7 1 1 1
     1064  7  1  8 1 1 1
     1065  7  1  9 1 1 1
     1066  7  1  10 1 1 1
     1067  7  1  11 1 1 1
     1068  7  2  1 1 1 1
     1069  7  2  2 1 1 1
     1070  7  2  3 1 1 1
     1071  7  2  4 1 1 1
     1072  7  2  5 1 1 1
     1073  7  2  6 1 1 1
     1074  7  2  7 1 1 1
     1075  7  2  8 1 1 1
     1076  7  2  9 1 1 1
     1077  7  2  10 1 1 1
     1078  7  2  11 1 1 1
     1079  7  3  1 1 1 1
     1080  7  3  2 1 1 1
     1081  7  3  3 1 1 1
     1082  7  3  4 1 1 1
     1083  7  3  5 1 1 1
     1084  7  3  6 1 1 1
     1085  7  3  7 1 1 1
     1086  7  3  8 1 1 1
     1087  7  3  9 1 1 1
     1088  7  3  10 1 1 1
     1089  7  3  11 1 1 1
     1090  7  4  1 1 1 1
     1091  7  4  2 1 1 1
     1092  7  4  3 1 1 1
     1093  7  4  4 1 1 1
     1094  7  4  5 1 1 1
     1095  7  4  6 1 1 1
     1096  7  4  7 1 1 1
     1097  7  4  8 1 1 1
     1098  7  4  9 1 1 1
     1099  7  4  10 1 1 1
     1100  7  4  11 1 1 1
     1101  7  5  1 1 1 1
     1102  7  5  2 1 1 1
     1103  7  5  3 1 1 1
     1104  7  5  4 1 1 1
     1105  7  5  5 1 1 1
     1106  7  5  6 1 1 1
     1107  7  5  7 1 1 1
     1108  7  5  8 1 1 1
     1109  7  5  9 1 1 1
     1110  7  5  10 1 1 1
     1111  7  5  11 1 1 1
     1112  7  6  1 1 1 1
     1113  7  6  2 1 1 1
     1114  7  6  3 1 1 1
     1115  7  6  4 1 1 1
     1116  7  6  5 1 1 1
     1117  7  6  6 1 1 1
     1118  7  6  7 1 1 1
     1119  7  6  8 1 1 1
     1120  7  6  9 1 1 1
     1121  7  6  10 1 1 1
     1122  7  6  11 1 1 1
     1123  7  7  1 1 1 1
     1124  7  7  2 1 1 1
     1125  7  7  3 1 1 1
     1126  7  7  4 1 1 1
     1127  7  7  5 1 1 1
     1128  7  7  6 1 1 1
     1129  7  7  7 1 1 1
     1130  7  7  8 1 1 1
     1131  7  7  9 1 1 1
     1132  7  7  10 1 1 1
     1133  7  7  11 1 1 1
     1134  7  8  1 1 1 1
     1135  7  8  2 1 1 1
     1136  7  8  3 1 1 1
     1137  7  8  4 1 1 1
     1138  7  8  5 1 1 1
     1139  7  8  6 1 1 1
     1140  7  8  7 1 1 1
     1141  7  8  8 1 1 1
     1142  7  8  9 1 1 1
     1143  7  8  10 1 1 1
     1144  7  8  11 1 1 1
     1145  7  9  1 1 1 1
     1146  7  9  2 1 1 1
     1147  7  9  3 1 1 1
     1148  7  9  4 1 1 1
     1149  7  9  5 1 1 1
     1150  7  9  6 1 1 1
     1151  7  9  7 1 1 1
     1152  7  9  8 1 1 1
     1153  7  9  9 1 1 1
     1154  7  9  10 1 1 1
     1155  7  9  11 1 1 1
     1156  7  10  1 1 1 1
     1157  7  10  2 1 1 1
     1158  7  10  3 1 1 1
     1159  7  10  4 1 1 1
     1160  7  10  5 1 1 1
     1161  7  10  6 1 1 1
     1162  7  10  7 1 1 1
     1163  7  10  8 1 1 1
     1164  7  10  9 1 1 1
     1165  7  10  10 1 1 1
     1166  7  10  11 1 1 1
     1167  7  11  1 1 1 1
     1168  7  11  2 1 1 1
     1169  7  11  3 1 1 1
     1170  7  11  4 1 1 1
     1171  7  11  5 1 1 1
     1172  7  11  6 1 1 1
     1173  7  11  7 1 1 1
     1174  7  11  8 1 1 1
     1175  7  11  9 1 1 1
     1176  7  11  10 1 1 1
     1177  7  11  11 1 1 1
     1178  7  12  1 1 1 1
     1179  7  12  2 1 1 1
     1180  7  12  3 1 1 1
     1181  7  12  4 1 1 1
     1182  7  12  5 1 1 1
     1183  7  12  6 1 1 1
     1184  7  12  7 1 1 1
     1185  7  12  8 1 1 1
     1186  7  12  9 1 1 1
     1187  7  12  10 1 1 1
     1188  7  12  11 1 1 1
     1189  7  13  1 1 1 1
     1190  7  13  2 1 1 1
     1191  7  13  3 1 1 1
     1192  7  13  4 1 1 1
     1193  7  13  5 1 1 1
     1194  7  13  6 1 1 1
     1195  7  13  7 1 1 1
     1196  7  13  8 1 1 1
     1197  7  13  9 1 1 1
     1198  7  13  10 1 1 1
     1199  7  13  11 1 1 1
     1200  7  14  1 1 1 1
     1201  7  14  2 1 1 1
     1202  7  14  3 1 1 1
     1203  7  14  4 1 1 1
     1204  7  14  5 1 1 1
     1205  7  14  6 1 1 1
     1206  7  14  7 1 1 1
     1207  7  14  8 1 1 1
     1208  7  14  9 1 1 1
     1209  7  14  10 1 1 1
     1210  7  14  11 1 1 1
     1211  7  15  1 1 1 1
     1212  7  15  2 1 1 1
     1213  7  15  3 1 1 1
     1214  7  15  4 1 1 1
     1215  7  15  5 1 1 1
     1216  7  15  6 1 1 1
     1217  7  15  7 1 1 1
     1218  7  15  8 1 1 1
     1219  7  15  9 1 1 1
     1220  7  15  10 1 1 1
     1221  7  15  11 1 1 1
     1222  7  16  1 1 1 1
     1223  7  16  2 1 1 1
     1224  7  16  3 1 1 1
     1225  7  16  4 1 1 1
     1226  7  16  5 1 1 1
     1227  7  16  6 1 1 1
     1228  7  16  7 1 1 1
     1229  7  16  8 1 1 1
     1230  7  16  9 1 1 1
     1231  7  16  10 1 1 1
     1232  7  16  11 1 1 1
     1233  8  1  1 1 1 1
     1234  8  1  2 1 1 1
     1235  8  1  3 1 1 1
     1236  8  1  4 1 1 1
     1237  8  1  5 1 1 1
     1238  8  1  6 1 1 1
     1239  8  1  7 1 1 1
     1240  8  1  8 1 1 1
     1241  8  1  9 1 1 1
     1242  8  1  10 1 1 1
     1243  8  1  11 1 1 1
     1244  8  2  1 1 1 1
     1245  8  2  2 1 1 1
     1246  8  2  3 1 1 1
     1247  8  2  4 1 1 1
     1248  8  2  5 1 1 1
     1249  8  2  6 1 1 1
     1250  8  2  7 1 1 1
     1251  8  2  8 1 1 1
     1252  8  2  9 1 1 1
     1253  8  2  10 1 1 1
     1254  8  2  11 1 1 1
     1255  8  3  1 1 1 1
     1256  8  3  2 1 1 1
     1257  8  3  3 1 1 1
     1258  8  3  4 1 1 1
     1259  8  3  5 1 1 1
     1260  8  3  6 1 1 1
     1261  8  3  7 1 1 1
     1262  8  3  8 1 1 1
     1263  8  3  9 1 1 1
     1264  8  3  10 1 1 1
     1265  8  3  11 1 1 1
     1266  8  4  1 1 1 1
     1267  8  4  2 1 1 1
     1268  8  4  3 1 1 1
     1269  8  4  4 1 1 1
     1270  8  4  5 1 1 1
     1271  8  4  6 1 1 1
     1272  8  4  7 1 1 1
     1273  8  4  8 1 1 1
     1274  8  4  9 1 1 1
     1275  8  4  10 1 1 1
     1276  8  4  11 1 1 1
     1277  8  5  1 1 1 1
     1278  8  5  2 1 1 1
     1279  8  5  3 1 1 1
     1280  8  5  4 1 1 1
     1281  8  5  5 1 1 1
     1282  8  5  6 1 1 1
     1283  8  5  7 1 1 1
     1284  8  5  8 1 1 1
     1285  8  5  9 1 1 1
     1286  8  5  10 1 1 1
     1287  8  5  11 1 1 1
     1288  8  6  1 1 1 1
     1289  8  6  2 1 1 1
     1290  8  6  3 1 1 1
     1291  8  6  4 1 1 1
     1292  8  6  5 1 1 1
     1293  8  6  6 1 1 1
     1294  8  6  7 1 1 1
     1295  8  6  8 1 1 1
     1296  8  6  9 1 1 1
     1297  8  6  10 1 1 1
     1298  8  6  11 1 1 1
     1299  8  7  1 1 1 1
     1300  8  7  2 1 1 1
     1301  8  7  3 1 1 1
     1302  8  7  4 1 1 1
     1303  8  7  5 1 1 1
     1304  8  7  6 1 1 1
     1305  8  7  7 1 1 1
     1306  8  7  8 1 1 1
     1307  8  7  9 1 1 1
     1308  8  7  10 1 1 1
     1309  8  7  11 1 1 1
     1310  8  8  1 1 1 1
     1311  8  8  2 1 1 1
     1312  8  8  3 1 1 1
     1313  8  8  4 1 1 1
     1314  8  8  5 1 1 1
     1315  8  8  6 1 1 1
     1316  8  8  7 1 1 1
     1317  8  8  8 1 1 1
     1318  8  8  9 1 1 1
     1319  8  8  10 1 1 1
     1320  8  8  11 1 1 1
     1321  8  9  1 1 1 1
     1322  8  9  2 1 1 1
     1323  8  9  3 1 1 1
     1324  8  9  4 1 1 1
     1325  8  9  5 1 1 1
     1326  8  9  6 1 1 1
     1327  8  9  7 1 1 1
     1328  8  9  8 1 1 1
     1329  8  9  9 1 1 1
     1330  8  9  10 1 1 1
     1331  8  9  11 1 1 1
     1332  8  10  1 1 1 1
     1333  8  10  2 1 1 1
     1334  8  10  3 1 1 1
     1335  8  10  4 1 1 1
     1336  8  10  5 1 1 1
     1337  8  10  6 1 1 1
     1338  8  10  7 1 1 1
     1339  8  10  8 1 1 1
     1340  8  10  9 1 1 1
     1341  8  10  10 1 1 1
     1342  8  10  11 1 1 1
     1343  8  11  1 1 1 1
     1344  8  11  2 1 1 1
     1345  8  11  3 1 1 1
     1346  8  11  4 1 1 1
     1347  8  11  5 1 1 1
     1348  8  11  6 1 1 1
     1349  8  11  7 1 1 1
     1350  8  11  8 1 1 1
     1351  8  11  9 1 1 1
     1352  8  11  10 1 1 1
     1353  8  11  11 1 1 1
     1354  8  12  1 1 1 1
     1355  8  12  2 1 1 1
     1356  8  12  3 1 1 1
     1357  8  12  4 1 1 1
     1358  8  12  5 1 1 1
     1359  8  12  6 1 1 1
     1360  8  12  7 1 1 1
     1361  8  12  8 1 1 1
     1362  8  12  9 1 1 1
     1363  8  12  10 1 1 1
     1364  8  12  11 1 1 1
     1365  8  13  1 1 1 1
     1366  8  13  2 1 1 1
     1367  8  13  3 1 1 1
     1368  8  13  4 1 1 1
     1369  8  13  5 1 1 1
     1370  8  13  6 1 1 1
     1371  8  13  7 1 1 1
     1372  8  13  8 1 1 1
     1373  8  13  9 1 1 1
     1374  8  13  10 1 1 1
     1375  8  13  11 1 1 1
     1376  8  14  1 1 1 1
     1377  8  14  2 1 1 1
     1378  8  14  3 1 1 1
     1379  8  14  4 1 1 1
     1380  8  14  5 1 1 1
     1381  8  14  6 1 1 1
     1382  8  14  7 1 1 1
     1383  8  14  8 1 1 1
     1384  8  14  9 1 1 1
     1385  8  14  10 1 1 1
     1386  8  14  11 1 1 1
     1387  8  15  1 1 1 1
     1388  8  15  2 1 1 1
     1389  8  15  3 1 1 1
     1390  8  15  4 1 1 1
     1391  8  15  5 1 1 1
     1392  8  15  6 1 1 1
     1393  8  15  7 1 1 1
     1394  8  15  8 1 1 1
     1395  8  15  9 1 1 1
     1396  8  15  10 1 1 1
     1397  8  15  11 1 1 1
     1398  8  16  1 1 1 1
     1399  8  16  2 1 1 1
     1400  8  16  3 1 1 1
     1401  8  16  4 1 1 1
     1402  8  16  5 1 1 1
     1403  8  16  6 1 1 1
     1404  8  16  7 1 1 1
     1405  8  16  8 1 1 1
     1406  8  16  9 1 1 1
     1407  8  16  10 1 1 1
     1408  8  16  11 1 1 1
     1409  9  1  1 1 1 1
     1410  9  1  2 1 1 1
     1411  9  1  3 1 1 1
     1412  9  1  4 1 1 1
     1413  9  1  5 1 1 1
     1414  9  1  6 1 1 1
     1415  9  1  7 1 1 1
     1416  9  1  8 1 1 1
     1417  9  1  9 1 1 1
     1418  9  1  10 1 1 1
     1419  9  1  11 1 1 1
     1420  9  2  1 1 1 1
     1421  9  2  2 1 1 1
     1422  9  2  3 1 1 1
     1423  9  2  4 1 1 1
     1424  9  2  5 1 1 1
     1425  9  2  6 1 1 1
     1426  9  2  7 1 1 1
     1427  9  2  8 1 1 1
     1428  9  2  9 1 1 1
     1429  9  2  10 1 1 1
     1430  9  2  11 1 1 1
     1431  9  3  1 1 1 1
     1432  9  3  2 1 1 1
     1433  9  3  3 1 1 1
     1434  9  3  4 1 1 1
     1435  9  3  5 1 1 1
     1436  9  3  6 1 1 1
     1437  9  3  7 1 1 1
     1438  9  3  8 1 1 1
     1439  9  3  9 1 1 1
     1440  9  3  10 1 1 1
     1441  9  3  11 1 1 1
     1442  9  4  1 1 1 1
     1443  9  4  2 1 1 1
     1444  9  4  3 1 1 1
     1445  9  4  4 1 1 1
     1446  9  4  5 1 1 1
     1447  9  4  6 1 1 1
     1448  9  4  7 1 1 1
     1449  9  4  8 1 1 1
     1450  9  4  9 1 1 1
     1451  9  4  10 1 1 1
     1452  9  4  11 1 1 1
     1453  9  5  1 1 1 1
     1454  9  5  2 1 1 1
     1455  9  5  3 1 1 1
     1456  9  5  4 1 1 1
     1457  9  5  5 1 1 1
     1458  9  5  6 1 1 1
     1459  9  5  7 1 1 1
     1460  9  5  8 1 1 1
     1461  9  5  9 1 1 1
     1462  9  5  10 1 1 1
     1463  9  5  11 1 1 1
     1464  9  6  1 1 1 1
     1465  9  6  2 1 1 1
     1466  9  6  3 1 1 1
     1467  9  6  4 1 1 1
     1468  9  6  5 1 1 1
     1469  9  6  6 1 1 1
     1470  9  6  7 1 1 1
     1471  9  6  8 1 1 1
     1472  9  6  9 1 1 1
     1473  9  6  10 1 1 1
     1474  9  6  11 1 1 1
     1475  9  7  1 1 1 1
     1476  9  7  2 1 1 1
     1477  9  7  3 1 1 1
     1478  9  7  4 1 1 1
     1479  9  7  5 1 1 1
     1480  9  7  6 1 1 1
     1481  9  7  7 1 1 1
     1482  9  7  8 1 1 1
     1483  9  7  9 1 1 1
     1484  9  7  10 1 1 1
     1485  9  7  11 1 1 1
     1486  9  8  1 1 1 1
     1487  9  8  2 1 1 1
     1488  9  8  3 1 1 1
     1489  9  8  4 1 1 1
     1490  9  8  5 1 1 1
     1491  9  8  6 1 1 1
     1492  9  8  7 1 1 1
     1493  9  8  8 1 1 1
     1494  9  8  9 1 1 1
     1495  9  8  10 1 1 1
     1496  9  8  11 1 1 1
     1497  9  9  1 1 1 1
     1498  9  9  2 1 1 1
     1499  9  9  3 1 1 1
     1500  9  9  4 1 1 1
     1501  9  9  5 1 1 1
     1502  9  9  6 1 1 1
     1503  9  9  7 1 1 1
     1504  9  9  8 1 1 1
     1505  9  9  9 1 1 1
     1506  9  9  10 1 1 1
     1507  9  9  11 1 1 1
     1508  9  10  1 1 1 1
     1509  9  10  2 1 1 1
     1510  9  10  3 1 1 1
     1511  9  10  4 1 1 1
     1512  9  10  5 1 1 1
     1513  9  10  6 1 1 1
     1514  9  10  7 1 1 1
     1515  9  10  8 1 1 1
     1516  9  10  9 1 1 1
     1517  9  10  10 1 1 1
     1518  9  10  11 1 1 1
     1519  9  11  1 1 1 1
     1520  9  11  2 1 1 1
     1521  9  11  3 1 1 1
     1522  9  11  4 1 1 1
     1523  9  11  5 1 1 1
     1524  9  11  6 1 1 1
     1525  9  11  7 1 1 1
     1526  9  11  8 1 1 1
     1527  9  11  9 1 1 1
     1528  9  11  10 1 1 1
     1529  9  11  11 1 1 1
     1530  9  12  1 1 1 1
     1531  9  12  2 1 1 1
     1532  9  12  3 1 1 1
     1533  9  12  4 1 1 1
     1534  9  12  5 1 1 1
     1535  9  12  6 1 1 1
     1536  9  12  7 1 1 1
     1537  9  12  8 1 1 1
     1538  9  12  9 1 1 1
     1539  9  12  10 1 1 1
     1540  9  12  11 1 1 1
     1541  9  13  1 1 1 1
     1542  9  13  2 1 1 1
     1543  9  13  3 1 1 1
     1544  9  13  4 1 1 1
     1545  9  13  5 1 1 1
     1546  9  13  6 1 1 1
     1547  9  13  7 1 1 1
     1548  9  13  8 1 1 1
     1549  9  13  9 1 1 1
     1550  9  13  10 1 1 1
     1551  9  13  11 1 1 1
     1552  9  14  1 1 1 1
     1553  9  14  2 1 1 1
     1554  9  14  3 1 1 1
     1555  9  14  4 1 1 1
     1556  9  14  5 1 1 1
     1557  9  14  6 1 1 1
     1558  9  14  7 1 1 1
     1559  9  14  8 1 1 1
     1560  9  14  9 1 1 1
     1561  9  14  10 1 1 1
     1562  9  14  11 1 1 1
     1563  9  15  1 1 1 1
     1564  9  15  2 1 1 1
     1565  9  15  3 1 1 1
     1566  9  15  4 1 1 1
     1567  9  15  5 1 1 1
     1568  9  15  6 1 1 1
     1569  9  15  7 1 1 1
     1570  9  15  8 1 1 1
     1571  9  15  9 1 1 1
     1572  9  15  10 1 1 1
     1573  9  15  11 1 1 1
     1574  9  16  1 1 1 1
     1575  9  16  2 1 1 1
     1576  9  16  3 1 1 1
     1577  9  16  4 1 1 1
     1578  9  16  5 1 1 1
     1579  9  16  6 1 1 1
     1580  9  16  7 1 1 1
     1581  9  16  8 1 1 1
     1582  9  16  9 1 1 1
     1583  9  16  10 1 1 1
     1584  9  16  11 1 1 1
     1585  10  1  1 1 1 1
     1586  10  1  2 1 1 1
     1587  10  1  3 1 1 1
     1588  10  1  4 1 1 1
     1589  10  1  5 1 1 1
     1590  10  1  6 1 1 1
     1591  10  1  7 1 1 1
     1592  10  1  8 1 1 1
     1593  10  1  9 1 1 1
     1594  10  1  10 1 1 1
     1595  10  1  11 1 1 1
     1596  10  2  1 1 1 1
     1597  10  2  2 1 1 1
     1598  10  2  3 1 1 1
     1599  10  2  4 1 1 1
     1600  10  2  5 1 1 1
     1601  10  2  6 1 1 1
     1602  10  2  7 1 1 1
     1603  10  2  8 1 1 1
     1604  10  2  9 1 1 1
     1605  10  2  10 1 1 1
     1606  10  2  11 1 1 1
     1607  10  3  1 1 1 1
     1608  10  3  2 1 1 1
     1609  10  3  3 1 1 1
     1610  10  3  4 1 1 1
     1611  10  3  5 1 1 1
     1612  10  3  6 1 1 1
     1613  10  3  7 1 1 1
     1614  10  3  8 1 1 1
     1615  10  3  9 1 1 1
     1616  10  3  10 1 1 1
     1617  10  3  11 1 1 1
     1618  10  4  1 1 1 1
     1619  10  4  2 1 1 1
     1620  10  4  3 1 1 1
     1621  10  4  4 1 1 1
     1622  10  4  5 1 1 1
     1623  10  4  6 1 1 1
     1624  10  4  7 1 1 1
     1625  10  4  8 1 1 1
     1626  10  4  9 1 1 1
     1627  10  4  10 1 1 1
     1628  10  4  11 1 1 1
     1629  10  5  1 1 1 1
     1630  10  5  2 1 1 1
     1631  10  5  3 1 1 1
     1632  10  5  4 1 1 1
     1633  10  5  5 1 1 1
     1634  10  5  6 1 1 1
     1635  10  5  7 1 1 1
     1636  10  5  8 1 1 1
     1637  10  5  9 1 1 1
     1638  10  5  10 1 1 1
     1639  10  5  11 1 1 1
     1640  10  6  1 1 1 1
     1641  10  6  2 1 1 1
     1642  10  6  3 1 1 1
     1643  10  6  4 1 1 1
     1644  10  6  5 1 1 1
     1645  10  6  6 1 1 1
     1646  10  6  7 1 1 1
     1647  10  6  8 1 1 1
     1648  10  6  9 1 1 1
     1649  10  6  10 1 1 1
     1650  10  6  11 1 1 1
     1651  10  7  1 1 1 1
     1652  10  7  2 1 1 1
     1653  10  7  3 1 1 1
     1654  10  7  4 1 1 1
     1655  10  7  5 1 1 1
     1656  10  7  6 1 1 1
     1657  10  7  7 1 1 1
     1658  10  7  8 1 1 1
     1659  10  7  9 1 1 1
     1660  10  7  10 1 1 1
     1661  10  7  11 1 1 1
     1662  10  8  1 1 1 1
     1663  10  8  2 1 1 1
     1664  10  8  3 1 1 1
     1665  10  8  4 1 1 1
     1666  10  8  5 1 1 1
     1667  10  8  6 1 1 1
     1668  10  8  7 1 1 1
     1669  10  8  8 1 1 1
     1670  10  8  9 1 1 1
     1671  10  8  10 1 1 1
     1672  10  8  11 1 1 1
     1673  10  9  1 1 1 1
     1674  10  9  2 1 1 1
     1675  10  9  3 1 1 1
     1676  10  9  4 1 1 1
     1677  10  9  5 1 1 1
     1678  10  9  6 1 1 1
     1679  10  9  7 1 1 1
     1680  10  9  8 1 1 1
     1681  10  9  9 1 1 1
     1682  10  9  10 1 1 1
     1683  10  9  11 1 1 1
     1684  10  10  1 1 1 1
     1685  10  10  2 1 1 1
     1686  10  10  3 1 1 1
     1687  10  10  4 1 1 1
     1688  10  10  5 1 1 1
     1689  10  10  6 1 1 1
     1690  10  10  7 1 1 1
     1691  10  10  8 1 1 1
     1692  10  10  9 1 1 1
     1693  10  10  10 1 1 1
     1694  10  10  11 1 1 1
     1695  10  11  1 1 1 1
     1696  10  11  2 1 1 1
     1697  10  11  3 1 1 1
     1698  10  11  4 1 1 1
     1699  10  11  5 1 1 1
     1700  10  11  6 1 1 1
     1701  10  11  7 1 1 1
     1702  10  11  8 1 1 1
     1703  10  11  9 1 1 1
     1704  10  11  10 1 1 1
     1705  10  11  11 1 1 1
     1706  10  12  1 1 1 1
     1707  10  12  2 1 1 1
     1708  10  12  3 1 1 1
     1709  10  12  4 1 1 1
     1710  10  12  5 1 1 1
     1711  10  12  6 1 1 1
     1712  10  12  7 1 1 1
     1713  10  12  8 1 1 1
     1714  10  12  9 1 1 1
     1715  10  12  10 1 1 1
     1716  10  12  11 1 1 1
     1717  10  13  1 1 1 1
     1718  10  13  2 1 1 1
     1719  10  13  3 1 1 1
     1720  10  13  4 1 1 1
     1721  10  13  5 1 1 1
     1722  10  13  6 1 1 1
     1723  10  13  7 1 1 1
     1724  10  13  8 1 1 1
     1725  10  13  9 1 1 1
     1726  10  13  10 1 1 1
     1727  10  13  11 1 1 1
     1728  10  14  1 1 1 1
     1729  10  14  2 1 1 1
     1730  10  14  3 1 1 1
     1731  10  14  4 1 1 1
     1732  10  14  5 1 1 1
     1733  10  14  6 1 1 1
     1734  10  14  7 1 1 1
     1735  10  14  8 1 1 1
     1736  10  14  9 1 1 1
     1737  10  14  10 1 1 1
     1738  10  14  11 1 1 1
     1739  10  15  1 1 1 1
     1740  10  15  2 1 1 1
     1741  10  15  3 1 1 1
     1742  10  15  4 1 1 1
     1743  10  15  5 1 1 1
     1744  10  15  6 1 1 1
     1745  10  15  7 1 1 1
     1746  10  15  8 1 1 1
     1747  10  15  9 1 1 1
     1748  10  15  10 1 1 1
     1749  10  15  11 1 1 1
     1750  10  16  1 1 1 1
     1751  10  16  2 1 1 1
     1752  10  16  3 1 1 1
     1753  10  16  4 1 1 1
     1754  10  16  5 1 1 1
     1755  10  16  6 1 1 1
     1756  10  16  7 1 1 1
     1757  10  16  8 1 1 1
     1758  10  16  9 1 1 1
     1759  10  16  10 1 1 1
     1760  10  16  11 1 1 1
     1761  11  1  1 1 1 1
     1762  11  1  2 1 1 1
     1763  11  1  3 1 1 1
     1764  11  1  4 1 1 1
     1765  11  1  5 1 1 1
     1766  11  1  6 1 1 1
     1767  11  1  7 1 1 1
     1768  11  1  8 1 1 1
     1769  11  1  9 1 1 1
     1770  11  1  10 1 1 1
     1771  11  1  11 1 1 1
     1772  11  2  1 1 1 1
     1773  11  2  2 1 1 1
     1774  11  2  3 1 1 1
     1775  11  2  4 1 1 1
     1776  11  2  5 1 1 1
     1777  11  2  6 1 1 1
     1778  11  2  7 1 1 1
     1779  11  2  8 1 1 1
     1780  11  2  9 1 1 1
     1781  11  2  10 1 1 1
     1782  11  2  11 1 1 1
     1783  11  3  1 1 1 1
     1784  11  3  2 1 1 1
     1785  11  3  3 1 1 1
     1786  11  3  4 1 1 1
     1787  11  3  5 1 1 1
     1788  11  3  6 1 1 1
     1789  11  3  7 1 1 1
     1790  11  3  8 1 1 1
     1791  11  3  9 1 1 1
     1792  11  3  10 1 1 1
     1793  11  3  11 1 1 1
     1794  11  4  1 1 1 1
     1795  11  4  2 1 1 1
     1796  11  4  3 1 1 1
     1797  11  4  4 1 1 1
     1798  11  4  5 1 1 1
     1799  11  4  6 1 1 1
     1800  11  4  7 1 1 1
     1801  11  4  8 1 1 1
     1802  11  4  9 1 1 1
     1803  11  4  10 1 1 1
     1804  11  4  11 1 1 1
     1805  11  5  1 1 1 1
     1806  11  5  2 1 1 1
     1807  11  5  3 1 1 1
     1808  11  5  4 1 1 1
     1809  11  5  5 1 1 1
     1810  11  5  6 1 1 1
     1811  11  5  7 1 1 1
     1812  11  5  8 1 1 1
     1813  11  5  9 1 1 1
     1814  11  5  10 1 1 1
     1815  11  5  11 1 1 1
     1816  11  6  1 1 1 1
     1817  11  6  2 1 1 1
     1818  11  6  3 1 1 1
     1819  11  6  4 1 1 1
     1820  11  6  5 1 1 1
     1821  11  6  6 1 1 1
     1822  11  6  7 1 1 1
     1823  11  6  8 1 1 1
     1824  11  6  9 1 1 1
     1825  11  6  10 1 1 1
     1826  11  6  11 1 1 1
     1827  11  7  1 1 1 1
     1828  11  7  2 1 1 1
     1829  11  7  3 1 1 1
     1830  11  7  4 1 1 1
     1831  11  7  5 1 1 1
     1832  11  7  6 1 1 1
     1833  11  7  7 1 1 1
     1834  11  7  8 1 1 1
     1835  11  7  9 1 1 1
     1836  11  7  10 1 1 1
     1837  11  7  11 1 1 1
     1838  11  8  1 1 1 1
     1839  11  8  2 1 1 1
     1840  11  8  3 1 1 1
     1841  11  8  4 1 1 1
     1842  11  8  5 1 1 1
     1843  11  8  6 1 1 1
     1844  11  8  7 1 1 1
     1845  11  8  8 1 1 1
     1846  11  8  9 1 1 1
     1847  11  8  10 1 1 1
     1848  11  8  11 1 1 1
     1849  11  9  1 1 1 1
     1850  11  9  2 1 1 1
     1851  11  9  3 1 1 1
     1852  11  9  4 1 1 1
     1853  11  9  5 1 1 1
     1854  11  9  6 1 1 1
     1855  11  9  7 1 1 1
     1856  11  9  8 1 1 1
     1857  11  9  9 1 1 1
     1858  11  9  10 1 1 1
     1859  11  9  11 1 1 1
     1860  11  10  1 1 1 1
     1861  11  10  2 1 1 1
     1862  11  10  3 1 1 1
     1863  11  10  4 1 1 1
     1864  11  10  5 1 1 1
     1865  11  10  6 1 1 1
     1866  11  10  7 1 1 1
     1867  11  10  8 1 1 1
     1868  11  10  9 1 1 1
     1869  11  10  10 1 1 1
     1870  11  10  11 1 1 1
     1871  11  11  1 1 1 1
     1872  11  11  2 1 1 1
     1873  11  11  3 1 1 1
     1874  11  11  4 1 1 1
     1875  11  11  5 1 1 1
     1876  11  11  6 1 1 1
     1877  11  11  7 1 1 1
     1878  11  11  8 1 1 1
     1879  11  11  9 1 1 1
     1880  11  11  10 1 1 1
     1881  11  11  11 1 1 1
     1882  11  12  1 1 1 1
     1883  11  12  2 1 1 1
     1884  11  12  3 1 1 1
     1885  11  12  4 1 1 1
     1886  11  12  5 1 1 1
     1887  11  12  6 1 1 1
     1888  11  12  7 1 1 1
     1889  11  12  8 1 1 1
     1890  11  12  9 1 1 1
     1891  11  12  10 1 1 1
     1892  11  12  11 1 1 1
     1893  11  13  1 1 1 1
     1894  11  13  2 1 1 1
     1895  11  13  3 1 1 1
     1896  11  13  4 1 1 1
     1897  11  13  5 1 1 1
     1898  11  13  6 1 1 1
     1899  11  13  7 1 1 1
     1900  11  13  8 1 1 1
     1901  11  13  9 1 1 1
     1902  11  13  10 1 1 1
     1903  11  13  11 1 1 1
     1904  11  14  1 1 1 1
     1905  11  14  2 1 1 1
     1906  11  14  3 1 1 1
     1907  11  14  4 1 1 1
     1908  11  14  5 1 1 1
     1909  11  14  6 1 1 1
     1910  11  14  7 1 1 1
     1911  11  14  8 1 1 1
     1912  11  14  9 1 1 1
     1913  11  14  10 1 1 1
     1914  11  14  11 1 1 1
     1915  11  15  1 1 1 1
     1916  11  15  2 1 1 1
     1917  11  15  3 1 1 1
     1918  11  15  4 1 1 1
     1919  11  15  5 1 1 1
     1920  11  15  6 1 1 1
     1921  11  15  7 1 1 1
     1922  11  15  8 1 1 1
     1923  11  15  9 1 1 1
     1924  11  15  10 1 1 1
     1925  11  15  11 1 1 1
     1926  11  16  1 1 1 1
     1927  11  16  2 1 1 1
     1928  11  16  3 1 1 1
     1929  11  16  4 1 1 1
     1930  11  16  5 1 1 1
     1931  11  16  6 1 1 1
     1932  11  16  7 1 1 1
     1933  11  16  8 1 1 1
     1934  11  16  9 1 1 1
     1935  11  16  10 1 1 1
     1936  11  16  11 1 1 1
     1937  12  1  1 1 1 1
     1938  12  1  2 1 1 1
     1939  12  1  3 1 1 1
     1940  12  1  4 1 1 1
     1941  12  1  5 1 1 1
     1942  12  1  6 1 1 1
     1943  12  1  7 1 1 1
     1944  12  1  8 1 1 1
     1945  12  1  9 1 1 1
     1946  12  1  10 1 1 1
     1947  12  1  11 1 1 1
     1948  12  2  1 1 1 1
     1949  12  2  2 1 1 1
     1950  12  2  3 1 1 1
     1951  12  2  4 1 1 1
     1952  12  2  5 1 1 1
     1953  12  2  6 1 1 1
     1954  12  2  7 1 1 1
     1955  12  2  8 1 1 1
     1956  12  2  9 1 1 1
     1957  12  2  10 1 1 1
     1958  12  2  11 1 1 1
     1959  12  3  1 1 1 1
     1960  12  3  2 1 1 1
     1961  12  3  3 1 1 1
     1962  12  3  4 1 1 1
     1963  12  3  5 1 1 1
     1964  12  3  6 1 1 1
     1965  12  3  7 1 1 1
     1966  12  3  8 1 1 1
     1967  12  3  9 1 1 1
     1968  12  3  10 1 1 1
     1969  12  3  11 1 1 1
     1970  12  4  1 1 1 1
     1971  12  4  2 1 1 1
     1972  12  4  3 1 1 1
     1973  12  4  4 1 1 1
     1974  12  4  5 1 1 1
     1975  12  4  6 1 1 1
     1976  12  4  7 1 1 1
     1977  12  4  8 1 1 1
     1978  12  4  9 1 1 1
     1979  12  4  10 1 1 1
     1980  12  4  11 1 1 1
     1981  12  5  1 1 1 1
     1982  12  5  2 1 1 1
     1983  12  5  3 1 1 1
     1984  12  5  4 1 1 1
     1985  12  5  5 1 1 1
     1986  12  5  6 1 1 1
     1987  12  5  7 1 1 1
     1988  12  5  8 1 1 1
     1989  12  5  9 1 1 1
     1990  12  5  10 1 1 1
     1991  12  5  11 1 1 1
     1992  12  6  1 1 1 1
     1993  12  6  2 1 1 1
     1994  12  6  3 1 1 1
     1995  12  6  4 1 1 1
     1996  12  6  5 1 1 1
     1997  12  6  6 1 1 1
     1998  12  6  7 1 1 1
     1999  12  6  8 1 1 1
     2000  12  6  9 1 1 1
     2001  12  6  10 1 1 1
     2002  12  6  11 1 1 1
     2003  12  7  1 1 1 1
     2004  12  7  2 1 1 1
     2005  12  7  3 1 1 1
     2006  12  7  4 1 1 1
     2007  12  7  5 1 1 1
     2008  12  7  6 1 1 1
     2009  12  7  7 1 1 1
     2010  12  7  8 1 1 1
     2011  12  7  9 1 1 1
     2012  12  7  10 1 1 1
     2013  12  7  11 1 1 1
     2014  12  8  1 1 1 1
     2015  12  8  2 1 1 1
     2016  12  8  3 1 1 1
     2017  12  8  4 1 1 1
     2018  12  8  5 1 1 1
     2019  12  8  6 1 1 1
     2020  12  8  7 1 1 1
     2021  12  8  8 1 1 1
     2022  12  8  9 1 1 1
     2023  12  8  10 1 1 1
     2024  12  8  11 1 1 1
     2025  12  9  1 1 1 1
     2026  12  9  2 1 1 1
     2027  12  9  3 1 1 1
     2028  12  9  4 1 1 1
     2029  12  9  5 1 1 1
     2030  12  9  6 1 1 1
     2031  12  9  7 1 1 1
     2032  12  9  8 1 1 1
     2033  12  9  9 1 1 1
     2034  12  9  10 1 1 1
     2035  12  9  11 1 1 1
     2036  12  10  1 1 1 1
     2037  12  10  2 1 1 1
     2038  12  10  3 1 1 1
     2039  12  10  4 1 1 1
     2040  12  10  5 1 1 1
     2041  12  10  6 1 1 1
     2042  12  10  7 1 1 1
     2043  12  10  8 1 1 1
     2044  12  10  9 1 1 1
     2045  12  10  10 1 1 1
     2046  12  10  11 1 1 1
     2047  12  11  1 1 1 1
     2048  12  11  2 1 1 1
     2049  12  11  3 1 1 1
     2050  12  11  4 1 1 1
     2051  12  11  5 1 1 1
     2052  12  11  6 1 1 1
     2053  12  11  7 1 1 1
     2054  12  11  8 1 1 1
     2055  12  11  9 1 1 1
     2056  12  11  10 1 1 1
     2057  12  11  11 1 1 1
     2058  12  12  1 1 1 1
     2059  12  12  2 1 1 1
     2060  12  12  3 1 1 1
     2061  12  12  4 1 1 1
     2062  12  12  5 1 1 1
     2063  12  12  6 1 1 1
     2064  12  12  7 1 1 1
     2065  12  12  8 1 1 1
     2066  12  12  9 1 1 1
     2067  12  12  10 1 1 1
     2068  12  12  11 1 1 1
     2069  12  13  1 1 1 1
     2070  12  13  2 1 1 1
     2071  12  13  3 1 1 1
     2072  12  13  4 1 1 1
     2073  12  13  5 1 1 1
     2074  12  13  6 1 1 1
     2075  12  13  7 1 1 1
     2076  12  13  8 1 1 1
     2077  12  13  9 1 1 1
     2078  12  13  10 1 1 1
     2079  12  13  11 1 1 1
     2080  12  14  1 1 1 1
     2081  12  14  2 1 1 1
     2082  12  14  3 1 1 1
     2083  12  14  4 1 1 1
     2084  12  14  5 1 1 1
     2085  12  14  6 1 1 1
     2086  12  14  7 1 1 1
     2087  12  14  8 1 1 1
     2088  12  14  9 1 1 1
     2089  12  14  10 1 1 1
     2090  12  14  11 1 1 1
     2091  12  15  1 1 1 1
     2092  12  15  2 1 1 1
     2093  12  15  3 1 1 1
     2094  12  15  4 1 1 1
     2095  12  15  5 1 1 1
     2096  12  15  6 1 1 1
     2097  12  15  7 1 1 1
     2098  12  15  8 1 1 1
     2099  12  15  9 1 1 1
     2100  12  15  10 1 1 1
     2101  12  15  11 1 1 1
     2102  12  16  1 1 1 1
     2103  12  16  2 1 1 1
     2104  12  16  3 1 1 1
     2105  12  16  4 1 1 1
     2106  12  16  5 1 1 1
     2107  12  16  6 1 1 1
     2108  12  16  7 1 1 1
     2109  12  16  8 1 1 1
     2110  12  16  9 1 1 1
     2111  12  16  10 1 1 1
     2112  12  16  11 1 1 1
     2113  13  1  1 1 1 1
     2114  13  1  2 1 1 1
     2115  13  1  3 1 1 1
     2116  13  1  4 1 1 1
     2117  13  1  5 1 1 1
     2118  13  1  6 1 1 1
     2119  13  1  7 1 1 1
     2120  13  1  8 1 1 1
     2121  13  1  9 1 1 1
     2122  13  1  10 1 1 1
     2123  13  1  11 1 1 1
     2124  13  2  1 1 1 1
     2125  13  2  2 1 1 1
     2126  13  2  3 1 1 1
     2127  13  2  4 1 1 1
     2128  13  2  5 1 1 1
     2129  13  2  6 1 1 1
     2130  13  2  7 1 1 1
     2131  13  2  8 1 1 1
     2132  13  2  9 1 1 1
     2133  13  2  10 1 1 1
     2134  13  2  11 1 1 1
     2135  13  3  1 1 1 1
     2136  13  3  2 1 1 1
     2137  13  3  3 1 1 1
     2138  13  3  4 1 1 1
     2139  13  3  5 1 1 1
     2140  13  3  6 1 1 1
     2141  13  3  7 1 1 1
     2142  13  3  8 1 1 1
     2143  13  3  9 1 1 1
     2144  13  3  10 1 1 1
     2145  13  3  11 1 1 1
     2146  13  4  1 1 1 1
     2147  13  4  2 1 1 1
     2148  13  4  3 1 1 1
     2149  13  4  4 1 1 1
     2150  13  4  5 1 1 1
     2151  13  4  6 1 1 1
     2152  13  4  7 1 1 1
     2153  13  4  8 1 1 1
     2154  13  4  9 1 1 1
     2155  13  4  10 1 1 1
     2156  13  4  11 1 1 1
     2157  13  5  1 1 1 1
     2158  13  5  2 1 1 1
     2159  13  5  3 1 1 1
     2160  13  5  4 1 1 1
     2161  13  5  5 1 1 1
     2162  13  5  6 1 1 1
     2163  13  5  7 1 1 1
     2164  13  5  8 1 1 1
     2165  13  5  9 1 1 1
     2166  13  5  10 1 1 1
     2167  13  5  11 1 1 1
     2168  13  6  1 1 1 1
     2169  13  6  2 1 1 1
     2170  13  6  3 1 1 1
     2171  13  6  4 1 1 1
     2172  13  6  5 1 1 1
     2173  13  6  6 1 1 1
     2174  13  6  7 1 1 1
     2175  13  6  8 1 1 1
     2176  13  6  9 1 1 1
     2177  13  6  10 1 1 1
     2178  13  6  11 1 1 1
     2179  13  7  1 1 1 1
     2180  13  7  2 1 1 1
     2181  13  7  3 1 1 1
     2182  13  7  4 1 1 1
     2183  13  7  5 1 1 1
     2184  13  7  6 1 1 1
     2185  13  7  7 1 1 1
     2186  13  7  8 1 1 1
     2187  13  7  9 1 1 1
     2188  13  7  10 1 1 1
     2189  13  7  11 1 1 1
     2190  13  8  1 1 1 1
     2191  13  8  2 1 1 1
     2192  13  8  3 1 1 1
     2193  13  8  4 1 1 1
     2194  13  8  5 1 1 1
     2195  13  8  6 1 1 1
     2196  13  8  7 1 1 1
     2197  13  8  8 1 1 1
     2198  13  8  9 1 1 1
     2199  13  8  10 1 1 1
     2200  13  8  11 1 1 1
     2201  13  9  1 1 1 1
     2202  13  9  2 1 1 1
     2203  13  9  3 1 1 1
     2204  13  9  4 1 1 1
     2205  13  9  5 1 1 1
     2206  13  9  6 1 1 1
     2207  13  9  7 1 1 1
     2208  13  9  8 1 1 1
     2209  13  9  9 1 1 1
     2210  13  9  10 1 1 1
     2211  13  9  11 1 1 1
     2212  13  10  1 1 1 1
     2213  13  10  2 1 1 1
     2214  13  10  3 1 1 1
     2215  13  10  4 1 1 1
     2216  13  10  5 1 1 1
     2217  13  10  6 1 1 1
     2218  13  10  7 1 1 1
     2219  13  10  8 1 1 1
     2220  13  10  9 1 1 1
     2221  13  10  10 1 1 1
     2222  13  10  11 1 1 1
     2223  13  11  1 1 1 1
     2224  13  11  2 1 1 1
     2225  13  11  3 1 1 1
     2226  13  11  4 1 1 1
     2227  13  11  5 1 1 1
     2228  13  11  6 1 1 1
     2229  13  11  7 1 1 1
     2230  13  11  8 1 1 1
     2231  13  11  9 1 1 1
     2232  13  11  10 1 1 1
     2233  13  11  11 1 1 1
     2234  13  12  1 1 1 1
     2235  13  12  2 1 1 1
     2236  13  12  3 1 1 1
     2237  13  12  4 1 1 1
     2238  13  12  5 1 1 1
     2239  13  12  6 1 1 1
     2240  13  12  7 1 1 1
     2241  13  12  8 1 1 1
     2242  13  12  9 1 1 1
     2243  13  12  10 1 1 1
     2244  13  12  11 1 1 1
     2245  13  13  1 1 1 1
     2246  13  13  2 1 1 1
     2247  13  13  3 1 1 1
     2248  13  13  4 1 1 1
     2249  13  13  5 1 1 1
     2250  13  13  6 1 1 1
     2251  13  13  7 1 1 1
     2252  13  13  8 1 1 1
     2253  13  13  9 1 1 1
     2254  13  13  10 1 1 1
     2255  13  13  11 1 1 1
     2256  13  14  1 1 1 1
     2257  13  14  2 1 1 1
     2258  13  14  3 1 1 1
     2259  13  14  4 1 1 1
     2260  13  14  5 1 1 1
     2261  13  14  6 1 1 1
     2262  13  14  7 1 1 1
     2263  13  14  8 1 1 1
     2264  13  14  9 1 1 1
     2265  13  14  10 1 1 1
     2266  13  14  11 1 1 1
     2267  13  15  1 1 1 1
     2268  13  15  2 1 1 1
     2269  13  15  3 1 1 1
     2270  13  15  4 1 1 1
     2271  13  15  5 1 1 1
     2272  13  15  6 1 1 1
     2273  13  15  7 1 1 1
     2274  13  15  8 1 1 1
     2275  13  15  9 1 1 1
     2276  13  15  10 1 1 1
     2277  13  15  11 1 1 1
     2278  13  16  1 1 1 1
     2279  13  16  2 1 1 1
     2280  13  16  3 1 1 1
     2281  13  16  4 1 1 1
     2282  13  16  5 1 1 1
     2283  13  16  6 1 1 1
     2284  13  16  7 1 1 1
     2285  13  16  8 1 1 1
     2286  13  16  9 1 1 1
     2287  13  16  10 1 1 1
     2288  13  16  11 1 1 1
     2289  14  1  1 1 1 1
     2290  14  1  2 1 1 1
     2291  14  1  3 1 1 1
     2292  14  1  4 1 1 1
     2293  14  1  5 1 1 1
     2294  14  1  6 1 1 1
     2295  14  1  7 1 1 1
     2296  14  1  8 1 1 1
     2297  14  1  9 1 1 1
     2298  14  1  10 1 1 1
     2299  14  1  11 1 1 1
     2300  14  2  1 1 1 1
     2301  14  2  2 1 1 1
     2302  14  2  3 1 1 1
     2303  14  2  4 1 1 1
     2304  14  2  5 1 1 1
     2305  14  2  6 1 1 1
     2306  14  2  7 1 1 1
     2307  14  2  8 1 1 1
     2308  14  2  9 1 1 1
     2309  14  2  10 1 1 1
     2310  14  2  11 1 1 1
     2311  14  3  1 1 1 1
     2312  14  3  2 1 1 1
     2313  14  3  3 1 1 1
     2314  14  3  4 1 1 1
     2315  14  3  5 1 1 1
     2316  14  3  6 1 1 1
     2317  14  3  7 1 1 1
     2318  14  3  8 1 1 1
     2319  14  3  9 1 1 1
     2320  14  3  10 1 1 1
     2321  14  3  11 1 1 1
     2322  14  4  1 1 1 1
     2323  14  4  2 1 1 1
     2324  14  4  3 1 1 1
     2325  14  4  4 1 1 1
     2326  14  4  5 1 1 1
     2327  14  4  6 1 1 1
     2328  14  4  7 1 1 1
     2329  14  4  8 1 1 1
     2330  14  4  9 1 1 1
     2331  14  4  10 1 1 1
     2332  14  4  11 1 1 1
     2333  14  5  1 1 1 1
     2334  14  5  2 1 1 1
     2335  14  5  3 1 1 1
     2336  14  5  4 1 1 1
     2337  14  5  5 1 1 1
     2338  14  5  6 1 1 1
     2339  14  5  7 1 1 1
     2340  14  5  8 1 1 1
     2341  14  5  9 1 1 1
     2342  14  5  10 1 1 1
     2343  14  5  11 1 1 1
     2344  14  6  1 1 1 1
     2345  14  6  2 1 1 1
     2346  14  6  3 1 1 1
     2347  14  6  4 1 1 1
     2348  14  6  5 1 1 1
     2349  14  6  6 1 1 1
     2350  14  6  7 1 1 1
     2351  14  6  8 1 1 1
     2352  14  6  9 1 1 1
     2353  14  6  10 1 1 1
     2354  14  6  11 1 1 1
     2355  14  7  1 1 1 1
     2356  14  7  2 1 1 1
     2357  14  7  3 1 1 1
     2358  14  7  4 1 1 1
     2359  14  7  5 1 1 1
     2360  14  7  6 1 1 1
     2361  14  7  7 1 1 1
     2362  14  7  8 1 1 1
     2363  14  7  9 1 1 1
     2364  14  7  10 1 1 1
     2365  14  7  11 1 1 1
     2366  14  8  1 1 1 1
     2367  14  8  2 1 1 1
     2368  14  8  3 1 1 1
     2369  14  8  4 1 1 1
     2370  14  8  5 1 1 1
     2371  14  8  6 1 1 1
     2372  14  8  7 1 1 1
     2373  14  8  8 1 1 1
     2374  14  8  9 1 1 1
     2375  14  8  10 1 1 1
     2376  14  8  11 1 1 1
     2377  14  9  1 1 1 1
     2378  14  9  2 1 1 1
     2379  14  9  3 1 1 1
     2380  14  9  4 1 1 1
     2381  14  9  5 1 1 1
     2382  14  9  6 1 1 1
     2383  14  9  7 1 1 1
     2384  14  9  8 1 1 1
     2385  14  9  9 1 1 1
     2386  14  9  10 1 1 1
     2387  14  9  11 1 1 1
     2388  14  10  1 1 1 1
     2389  14  10  2 1 1 1
     2390  14  10  3 1 1 1
     2391  14  10  4 1 1 1
     2392  14  10  5 1 1 1
     2393  14  10  6 1 1 1
     2394  14  10  7 1 1 1
     2395  14  10  8 1 1 1
     2396  14  10  9 1 1 1
     2397  14  10  10 1 1 1
     2398  14  10  11 1 1 1
     2399  14  11  1 1 1 1
     2400  14  11  2 1 1 1
     2401  14  11  3 1 1 1
     2402  14  11  4 1 1 1
     2403  14  11  5 1 1 1
     2404  14  11  6 1 1 1
     2405  14  11  7 1 1 1
     2406  14  11  8 1 1 1
     2407  14  11  9 1 1 1
     2408  14  11  10 1 1 1
     2409  14  11  11 1 1 1
     2410  14  12  1 1 1 1
     2411  14  12  2 1 1 1
     2412  14  12  3 1 1 1
     2413  14  12  4 1 1 1
     2414  14  12  5 1 1 1
     2415  14  12  6 1 1 1
     2416  14  12  7 1 1 1
     2417  14  12  8 1 1 1
     2418  14  12  9 1 1 1
     2419  14  12  10 1 1 1
     2420  14  12  11 1 1 1
     2421  14  13  1 1 1 1
     2422  14  13  2 1 1 1
     2423  14  13  3 1 1 1
     2424  14  13  4 1 1 1
     2425  14  13  5 1 1 1
     2426  14  13  6 1 1 1
     2427  14  13  7 1 1 1
     2428  14  13  8 1 1 1
     2429  14  13  9 1 1 1
     2430  14  13  10 1 1 1
     2431  14  13  11 1 1 1
     2432  14  14  1 1 1 1
     2433  14  14  2 1 1 1
     2434  14  14  3 1 1 1
     2435  14  14  4 1 1 1
     2436  14  14  5 1 1 1
     2437  14  14  6 1 1 1
     2438  14  14  7 1 1 1
     2439  14  14  8 1 1 1
     2440  14  14  9 1 1 1
     2441  14  14  10 1 1 1
     2442  14  14  11 1 1 1
     2443  14  15  1 1 1 1
     2444  14  15  2 1 1 1
     2445  14  15  3 1 1 1
     2446  14  15  4 1 1 1
     2447  14  15  5 1 1 1
     2448  14  15  6 1 1 1
     2449  14  15  7 1 1 1
     2450  14  15  8 1 1 1
     2451  14  15  9 1 1 1
     2452  14  15  10 1 1 1
     2453  14  15  11 1 1 1
     2454  14  16  1 1 1 1
     2455  14  16  2 1 1 1
     2456  14  16  3 1 1 1
     2457  14  16  4 1 1 1
     2458  14  16  5 1 1 1
     2459  14  16  6 1 1 1
     2460  14  16  7 1 1 1
     2461  14  16  8 1 1 1
     2462  14  16  9 1 1 1
     2463  14  16  10 1 1 1
     2464  14  16  11 1 1 1
     2465  15  1  1 1 1 1
     2466  15  1  2 1 1 1
     2467  15  1  3 1 1 1
     2468  15  1  4 1 1 1
     2469  15  1  5 1 1 1
     2470  15  1  6 1 1 1
     2471  15  1  7 1 1 1
     2472  15  1  8 1 1 1
     2473  15  1  9 1 1 1
     2474  15  1  10 1 1 1
     2475  15  1  11 1 1 1
     2476  15  2  1 1 1 1
     2477  15  2  2 1 1 1
     2478  15  2  3 1 1 1
     2479  15  2  4 1 1 1
     2480  15  2  5 1 1 1
     2481  15  2  6 1 1 1
     2482  15  2  7 1 1 1
     2483  15  2  8 1 1 1
     2484  15  2  9 1 1 1
     2485  15  2  10 1 1 1
     2486  15  2  11 1 1 1
     2487  15  3  1 1 1 1
     2488  15  3  2 1 1 1
     2489  15  3  3 1 1 1
     2490  15  3  4 1 1 1
     2491  15  3  5 1 1 1
     2492  15  3  6 1 1 1
     2493  15  3  7 1 1 1
     2494  15  3  8 1 1 1
     2495  15  3  9 1 1 1
     2496  15  3  10 1 1 1
     2497  15  3  11 1 1 1
     2498  15  4  1 1 1 1
     2499  15  4  2 1 1 1
     2500  15  4  3 1 1 1
     2501  15  4  4 1 1 1
     2502  15  4  5 1 1 1
     2503  15  4  6 1 1 1
     2504  15  4  7 1 1 1
     2505  15  4  8 1 1 1
     2506  15  4  9 1 1 1
     2507  15  4  10 1 1 1
     2508  15  4  11 1 1 1
     2509  15  5  1 1 1 1
     2510  15  5  2 1 1 1
     2511  15  5  3 1 1 1
     2512  15  5  4 1 1 1
     2513  15  5  5 1 1 1
     2514  15  5  6 1 1 1
     2515  15  5  7 1 1 1
     2516  15  5  8 1 1 1
     2517  15  5  9 1 1 1
     2518  15  5  10 1 1 1
     2519  15  5  11 1 1 1
     2520  15  6  1 1 1 1
     2521  15  6  2 1 1 1
     2522  15  6  3 1 1 1
     2523  15  6  4 1 1 1
     2524  15  6  5 1 1 1
     2525  15  6  6 1 1 1
     2526  15  6  7 1 1 1
     2527  15  6  8 1 1 1
     2528  15  6  9 1 1 1
     2529  15  6  10 1 1 1
     2530  15  6  11 1 1 1
     2531  15  7  1 1 1 1
     2532  15  7  2 1 1 1
     2533  15  7  3 1 1 1
     2534  15  7  4 1 1 1
     2535  15  7  5 1 1 1
     2536  15  7  6 1 1 1
     2537  15  7  7 1 1 1
     2538  15  7  8 1 1 1
     2539  15  7  9 1 1 1
     2540  15  7  10 1 1 1
     2541  15  7  11 1 1 1
     2542  15  8  1 1 1 1
     2543  15  8  2 1 1 1
     2544  15  8  3 1 1 1
     2545  15  8  4 1 1 1
     2546  15  8  5 1 1 1
     2547  15  8  6 1 1 1
     2548  15  8  7 1 1 1
     2549  15  8  8 1 1 1
     2550  15  8  9 1 1 1
     2551  15  8  10 1 1 1
     2552  15  8  11 1 1 1
     2553  15  9  1 1 1 1
     2554  15  9  2 1 1 1
     2555  15  9  3 1 1 1
     2556  15  9  4 1 1 1
     2557  15  9  5 1 1 1
     2558  15  9  6 1 1 1
     2559  15  9  7 1 1 1
     2560  15  9  8 1 1 1
     2561  15  9  9 1 1 1
     2562  15  9  10 1 1 1
     2563  15  9  11 1 1 1
     2564  15  10  1 1 1 1
     2565  15  10  2 1 1 1
     2566  15  10  3 1 1 1
     2567  15  10  4 1 1 1
     2568  15  10  5 1 1 1
     2569  15  10  6 1 1 1
     2570  15  10  7 1 1 1
     2571  15  10  8 1 1 1
     2572  15  10  9 1 1 1
     2573  15  10  10 1 1 1
     2574  15  10  11 1 1 1
     2575  15  11  1 1 1 1
     2576  15  11  2 1 1 1
     2577  15  11  3 1 1 1
     2578  15  11  4 1 1 1
     2579  15  11  5 1 1 1
     2580  15  11  6 1 1 1
     2581  15  11  7 1 1 1
     2582  15  11  8 1 1 1
     2583  15  11  9 1 1 1
     2584  15  11  10 1 1 1
     2585  15  11  11 1 1 1
     2586  15  12  1 1 1 1
     2587  15  12  2 1 1 1
     2588  15  12  3 1 1 1
     2589  15  12  4 1 1 1
     2590  15  12  5 1 1 1
     2591  15  12  6 1 1 1
     2592  15  12  7 1 1 1
     2593  15  12  8 1 1 1
     2594  15  12  9 1 1 1
     2595  15  12  10 1 1 1
     2596  15  12  11 1 1 1
     2597  15  13  1 1 1 1
     2598  15  13  2 1 1 1
     2599  15  13  3 1 1 1
     2600  15  13  4 1 1 1
     2601  15  13  5 1 1 1
     2602  15  13  6 1 1 1
     2603  15  13  7 1 1 1
     2604  15  13  8 1 1 1
     2605  15  13  9 1 1 1
     2606  15  13  10 1 1 1
     2607  15  13  11 1 1 1
     2608  15  14  1 1 1 1
     2609  15  14  2 1 1 1
     2610  15  14  3 1 1 1
     2611  15  14  4 1 1 1
     2612  15  14  5 1 1 1
     2613  15  14  6 1 1 1
     2614  15  14  7 1 1 1
     2615  15  14  8 1 1 1
     2616  15  14  9 1 1 1
     2617  15  14  10 1 1 1
     2618  15  14  11 1 1 1
     2619  15  15  1 1 1 1
     2620  15  15  2 1 1 1
     2621  15  15  3 1 1 1
     2622  15  15  4 1 1 1
     2623  15  15  5 1 1 1
     2624  15  15  6 1 1 1
     2625  15  15  7 1 1 1
     2626  15  15  8 1 1 1
     2627  15  15  9 1 1 1
     2628  15  15  10 1 1 1
     2629  15  15  11 1 1 1
     2630  15  16  1 1 1 1
     2631  15  16  2 1 1 1
     2632  15  16  3 1 1 1
     2633  15  16  4 1 1 1
     2634  15  16  5 1 1 1
     2635  15  16  6 1 1 1
     2636  15  16  7 1 1 1
     2637  15  16  8 1 1 1
     2638  15  16  9 1 1 1
     2639  15  16  10 1 1 1
     2640  15  16  11 1 1 1