>GEOMETRY   rect_prism; AX,AY,AZ= 0.3736 0.3736 0.3736
     1980 = NAT 
  1.000000  0.000000  0.000000 = A_1 vector
  0.000000  1.000000  0.000000 = A_2 vector
  1.000000  1.000000  1.000000 = lattice spacings (d_x,d_y,d_z)/d
 -0.05140 -0.04785 -0.08840 = lattice offset x0(1-3) = (x_TF, y_TF, z_TF)/d for dipole 0 0 0
     JA  IX  IY  IZ ICOMP(x,y,z)
     1  1  1  1 1 1 1
     2  1  1  2 1 1 1
     3  1  1  3 1 1 1
     4  1  1  4 1 1 1
     5  1  1  5 1 1 1
     6  1  1  6 1 1 1
     7  1  1  7 1 1 1
     8  1  1  8 1 1 1
     9  1  1  9 1 1 1
     10  1  1  10 1 1 1
     11  1  1  11 1 1 1
     12  1  1  12 1 1 1
     13  1  1  13 1 1 1
     14  1  1  14 1 1 1
     15  1  1  15 1 1 1
     16  1  1  16 1 1 1
     17  1  1  17 1 1 1
     18  1  1  18 1 1 1
     19  1  2  1 1 1 1
     20  1  2  2 1 1 1
     21  1  2  3 1 1 1
     22  1  2  4 1 1 1
     23  1  2  5 1 1 1
     24  1  2  6 1 1 1
     25  1  2  7 1 1 1
     26  1  2  8 1 1 1
     27  1  2  9 1 1 1
     28  1  2  10 1 1 1
     29  1  2  11 1 1 1
     30  1  2  12 1 1 1
     31  1  2  13 1 1 1
     32  1  2  14 1 1 1
     33  1  2  15 1 1 1
     34  1  2  16 1 1 1
     35  1  2  17 1 1 1
     36  1  2  18 1 1 1
     37  1  3  1 1 1 1
     38  1  3  2 1 1 1
     39  1  3  3 1 1 1
     40  1  3  4 1 1 1
     41  1  3  5 1 1 1
     42  1  3  6 1 1 1
     43  1  3  7 1 1 1
     44  1  3  8 1 1 1
     45  1  3  9 1 1 1
     46  1  3  10 1 1 1
     47  1  3  11 1 1 1
     48  1  3  12 1 1 1
     49  1  3  13 1 1 1
     50  1  3  14 1 1 1
     51  1  3  15 1 1 1
     52  1  3  16 1 1 1
     53  1  3  17 1 1 1
     54  1  3  18 1 1 1
     55  1  4  1 1 1 1
     56  1  4  2 1 1 1
     57  1  4  3 1 1 1
     58  1  4  4 1 1 1
     59  1  4  5 1 1 1
     60  1  4  6 1 1 1
     61  1  4  7 1 1 1
     62  1  4  8 1 1 1
     63  1  4  9 1 1 1
     64  1  4  10 1 1 1
     65  1  4  11 1 1 1
     66  1  4  12 1 1 1
     67  1  4  13 1 1 1
     68  1  4  14 1 1 1
     69  1  4  15 1 1 1
     70  1  4  16 1 1 1
     71  1  4  17 1 1 1
     72  1  4  18 1 1 1
     73  1  5  1 1 1 1
     74  1  5  2 1 1 1
     75  1  5  3 1 1 1
     76  1  5  4 1 1 1
     77  1  5  5 1 1 1
     78  1  5  6 1 1 1
     79  1  5  7 1 1 1
     80  1  5  8 1 1 1
     81  1  5  9 1 1 1
     82  1  5  10 1 1 1
     83  1  5  11 1 1 1
     84  1  5  12 1 1 1
     85  1  5  13 1 1 1
     86  1  5  14 1 1 1
     87  1  5  15 1 1 1
     88  1  5  16 1 1 1
     89  1  5  17 1 1 1
     90  1  5  18 1 1 1
     91  1  6  1 1 1 1
     92  1  6  2 1 1 1
     93  1  6  3 1 1 1
     94  1  6  4 1 1 1
     95  1  6  5 1 1 1
     96  1  6  6 1 1 1
     97  1  6  7 1 1 1
     98  1  6  8 1 1 1
     99  1  6  9 1 1 1
     100  1  6  10 1 1 1
     101  1  6  11 1 1 1
     102  1  6  12 1 1 1
     103  1  6  13 1 1 1
     104  1  6  14 1 1 1
     105  1  6  15 1 1 1
     106  1  6  16 1 1 1
     107  1  6  17 1 1 1
     108  1  6  18 1 1 1
     109  1  7  1 1 1 1
     110  1  7  2 1 1 1
     111  1  7  3 1 1 1
     112  1  7  4 1 1 1
     113  1  7  5 1 1 1
     114  1  7  6 1 1 1
     115  1  7  7 1 1 1
     116  1  7  8 1 1 1
     117  1  7  9 1 1 1
     118  1  7  10 1 1 1
     119  1  7  11 1 1 1
     120  1  7  12 1 1 1
     121  1  7  13 1 1 1
     122  1  7  14 1 1 1
     123  1  7  15 1 1 1
     124  1  7  16 1 1 1
     125  1  7  17 1 1 1
     126  1  7  18 1 1 1
     127  1  8  1 1 1 1
     128  1  8  2 1 1 1
     129  1  8  3 1 1 1
     130  1  8  4 1 1 1
     131  1  8  5 1 1 1
     132  1  8  6 1 1 1
     133  1  8  7 1 1 1
     134  1  8  8 1 1 1
     135  1  8  9 1 1 1
     136  1  8  10 1 1 1
     137  1  8  11 1 1 1
     138  1  8  12 1 1 1
     139  1  8  13 1 1 1
     140  1  8  14 1 1 1
     141  1  8  15 1 1 1
     142  1  8  16 1 1 1
     143  1  8  17 1 1 1
     144  1  8  18 1 1 1
     145  1  9  1 1 1 1
     146  1  9  2 1 1 1
     147  1  9  3 1 1 1
     148  1  9  4 1 1 1
     149  1  9  5 1 1 1
     150  1  9  6 1 1 1
     151  1  9  7 1 1 1
     152  1  9  8 1 1 1
     153  1  9  9 1 1 1
     154  1  9  10 1 1 1
     155  1  9  11 1 1 1
     156  1  9  12 1 1 1
     157  1  9  13 1 1 1
     158  1  9  14 1 1 1
     159  1  9  15 1 1 1
     160  1  9  16 1 1 1
     161  1  9  17 1 1 1
     162  1  9  18 1 1 1
     163  1  10  1 1 1 1
     164  1  10  2 1 1 1
     165  1  10  3 1 1 1
     166  1  10  4 1 1 1
     167  1  10  5 1 1 1
     168  1  10  6 1 1 1
     169  1  10  7 1 1 1
     170  1  10  8 1 1 1
     171  1  10  9 1 1 1
     172  1  10  10 1 1 1
     173  1  10  11 1 1 1
     174  1  10  12 1 1 1
     175  1  10  13 1 1 1
     176  1  10  14 1 1 1
     177  1  10  15 1 1 1
     178  1  10  16 1 1 1
     179  1  10  17 1 1 1
     180  1  10  18 1 1 1
     181  2  1  1 1 1 1
     182  2  1  2 1 1 1
     183  2  1  3 1 1 1
     184  2  1  4 1 1 1
     185  2  1  5 1 1 1
     186  2  1  6 1 1 1
     187  2  1  7 1 1 1
     188  2  1  8 1 1 1
     189  2  1  9 1 1 1
     190  2  1  10 1 1 1
     191  2  1  11 1 1 1
     192  2  1  12 1 1 1
     193  2  1  13 1 1 1
     194  2  1  14 1 1 1
     195  2  1  15 1 1 1
     196  2  1  16 1 1 1
     197  2  1  17 1 1 1
     198  2  1  18 1 1 1
     199  2  2  1 1 1 1
     200  2  2  2 1 1 1
     201  2  2  3 1 1 1
     202  2  2  4 1 1 1
     203  2  2  5 1 1 1
     204  2  2  6 1 1 1
     205  2  2  7 1 1 1
     206  2  2  8 1 1 1
     207  2  2  9 1 1 1
     208  2  2  10 1 1 1
     209  2  2  11 1 1 1
     210  2  2  12 1 1 1
     211  2  2  13 1 1 1
     212  2  2  14 1 1 1
     213  2  2  15 1 1 1
     214  2  2  16 1 1 1
     215  2  2  17 1 1 1
     216  2  2  18 1 1 1
     217  2  3  1 1 1 1
     218  2  3  2 1 1 1
     219  2  3  3 1 1 1
     220  2  3  4 1 1 1
     221  2  3  5 1 1 1
     222  2  3  6 1 1 1
     223  2  3  7 1 1 1
     224  2  3  8 1 1 1
     225  2  3  9 1 1 1
     226  2  3  10 1 1 1
     227  2  3  11 1 1 1
     228  2  3  12 1 1 1
     229  2  3  13 1 1 1
     230  2  3  14 1 1 1
     231  2  3  15 1 1 1
     232  2  3  16 1 1 1
     233  2  3  17 1 1 1
     234  2  3  18 1 1 1
     235  2  4  1 1 1 1
     236  2  4  2 1 1 1
     237  2  4  3 1 1 1
     238  2  4  4 1 1 1
     239  2  4  5 1 1 1
     240  2  4  6 1 1 1
     241  2  4  7 1 1 1
     242  2  4  8 1 1 1
     243  2  4  9 1 1 1
     244  2  4  10 1 1 1
     245  2  4  11 1 1 1
     246  2  4  12 1 1 1
     247  2  4  13 1 1 1
     248  2  4  14 1 1 1
     249  2  4  15 1 1 1
     250  2  4  16 1 1 1
     251  2  4  17 1 1 1
     252  2  4  18 1 1 1
     253  2  5  1 1 1 1
     254  2  5  2 1 1 1
     255  2  5  3 1 1 1
     256  2  5  4 1 1 1
     257  2  5  5 1 1 1
     258  2  5  6 1 1 1
     259  2  5  7 1 1 1
     260  2  5  8 1 1 1
     261  2  5  9 1 1 1
     262  2  5  10 1 1 1
     263  2  5  11 1 1 1
     264  2  5  12 1 1 1
     265  2  5  13 1 1 1
     266  2  5  14 1 1 1
     267  2  5  15 1 1 1
     268  2  5  16 1 1 1
     269  2  5  17 1 1 1
     270  2  5  18 1 1 1
     271  2  6  1 1 1 1
     272  2  6  2 1 1 1
     273  2  6  3 1 1 1
     274  2  6  4 1 1 1
     275  2  6  5 1 1 1
     276  2  6  6 1 1 1
     277  2  6  7 1 1 1
     278  2  6  8 1 1 1
     279  2  6  9 1 1 1
     280  2  6  10 1 1 1
     281  2  6  11 1 1 1
     282  2  6  12 1 1 1
     283  2  6  13 1 1 1
     284  2  6  14 1 1 1
     285  2  6  15 1 1 1
     286  2  6  16 1 1 1
     287  2  6  17 1 1 1
     288  2  6  18 1 1 1
     289  2  7  1 1 1 1
     290  2  7  2 1 1 1
     291  2  7  3 1 1 1
     292  2  7  4 1 1 1
     293  2  7  5 1 1 1
     294  2  7  6 1 1 1
     295  2  7  7 1 1 1
     296  2  7  8 1 1 1
     297  2  7  9 1 1 1
     298  2  7  10 1 1 1
     299  2  7  11 1 1 1
     300  2  7  12 1 1 1
     301  2  7  13 1 1 1
     302  2  7  14 1 1 1
     303  2  7  15 1 1 1
     304  2  7  16 1 1 1
     305  2  7  17 1 1 1
     306  2  7  18 1 1 1
     307  2  8  1 1 1 1
     308  2  8  2 1 1 1
     309  2  8  3 1 1 1
     310  2  8  4 1 1 1
     311  2  8  5 1 1 1
     312  2  8  6 1 1 1
     313  2  8  7 1 1 1
     314  2  8  8 1 1 1
     315  2  8  9 1 1 1
     316  2  8  10 1 1 1
     317  2  8  11 1 1 1
     318  2  8  12 1 1 1
     319  2  8  13 1 1 1
     320  2  8  14 1 1 1
     321  2  8  15 1 1 1
     322  2  8  16 1 1 1
     323  2  8  17 1 1 1
     324  2  8  18 1 1 1
     325  2  9  1 1 1 1
     326  2  9  2 1 1 1
     327  2  9  3 1 1 1
     328  2  9  4 1 1 1
     329  2  9  5 1 1 1
     330  2  9  6 1 1 1
     331  2  9  7 1 1 1
     332  2  9  8 1 1 1
     333  2  9  9 1 1 1
     334  2  9  10 1 1 1
     335  2  9  11 1 1 1
     336  2  9  12 1 1 1
     337  2  9  13 1 1 1
     338  2  9  14 1 1 1
     339  2  9  15 1 1 1
     340  2  9  16 1 1 1
     341  2  9  17 1 1 1
     342  2  9  18 1 1 1
     343  2  10  1 1 1 1
     344  2  10  2 1 1 1
     345  2  10  3 1 1 1
     346  2  10  4 1 1 1
     347  2  10  5 1 1 1
     348  2  10  6 1 1 1
     349  2  10  7 1 1 1
     350  2  10  8 1 1 1
     351  2  10  9 1 1 1
     352  2  10  10 1 1 1
     353  2  10  11 1 1 1
     354  2  10  12 1 1 1
     355  2  10  13 1 1 1
     356  2  10  14 1 1 1
     357  2  10  15 1 1 1
     358  2  10  16 1 1 1
     359  2  10  17 1 1 1
     360  2  10  18 1 1 1
     361  3  1  1 1 1 1
     362  3  1  2 1 1 1
     363  3  1  3 1 1 1
     364  3  1  4 1 1 1
     365  3  1  5 1 1 1
     366  3  1  6 1 1 1
     367  3  1  7 1 1 1
     368  3  1  8 1 1 1
     369  3  1  9 1 1 1
     370  3  1  10 1 1 1
     371  3  1  11 1 1 1
     372  3  1  12 1 1 1
     373  3  1  13 1 1 1
     374  3  1  14 1 1 1
     375  3  1  15 1 1 1
     376  3  1  16 1 1 1
     377  3  1  17 1 1 1
     378  3  1  18 1 1 1
     379  3  2  1 1 1 1
     380  3  2  2 1 1 1
     381  3  2  3 1 1 1
     382  3  2  4 1 1 1
     383  3  2  5 1 1 1
     384  3  2  6 1 1 1
     385  3  2  7 1 1 1
     386  3  2  8 1 1 1
     387  3  2  9 1 1 1
     388  3  2  10 1 1 1
     389  3  2  11 1 1 1
     390  3  2  12 1 1 1
     391  3  2  13 1 1 1
     392  3  2  14 1 1 1
     393  3  2  15 1 1 1
     394  3  2  16 1 1 1
     395  3  2  17 1 1 1
     396  3  2  18 1 1 1
     397  3  3  1 1 1 1
     398  3  3  2 1 1 1
     399  3  3  3 1 1 1
     400  3  3  4 1 1 1
     401  3  3  5 1 1 1
     402  3  3  6 1 1 1
     403  3  3  7 1 1 1
     404  3  3  8 1 1 1
     405  3  3  9 1 1 1
     406  3  3  10 1 1 1
     407  3  3  11 1 1 1
     408  3  3  12 1 1 1
     409  3  3  13 1 1 1
     410  3  3  14 1 1 1
     411  3  3  15 1 1 1
     412  3  3  16 1 1 1
     413  3  3  17 1 1 1
     414  3  3  18 1 1 1
     415  3  4  1 1 1 1
     416  3  4  2 1 1 1
     417  3  4  3 1 1 1
     418  3  4  4 1 1 1
     419  3  4  5 1 1 1
     420  3  4  6 1 1 1
     421  3  4  7 1 1 1
     422  3  4  8 1 1 1
     423  3  4  9 1 1 1
     424  3  4  10 1 1 1
     425  3  4  11 1 1 1
     426  3  4  12 1 1 1
     427  3  4  13 1 1 1
     428  3  4  14 1 1 1
     429  3  4  15 1 1 1
     430  3  4  16 1 1 1
     431  3  4  17 1 1 1
     432  3  4  18 1 1 1
     433  3  5  1 1 1 1
     434  3  5  2 1 1 1
     435  3  5  3 1 1 1
     436  3  5  4 1 1 1
     437  3  5  5 1 1 1
     438  3  5  6 1 1 1
     439  3  5  7 1 1 1
     440  3  5  8 1 1 1
     441  3  5  9 1 1 1
     442  3  5  10 1 1 1
     443  3  5  11 1 1 1
     444  3  5  12 1 1 1
     445  3  5  13 1 1 1
     446  3  5  14 1 1 1
     447  3  5  15 1 1 1
     448  3  5  16 1 1 1
     449  3  5  17 1 1 1
     450  3  5  18 1 1 1
     451  3  6  1 1 1 1
     452  3  6  2 1 1 1
     453  3  6  3 1 1 1
     454  3  6  4 1 1 1
     455  3  6  5 1 1 1
     456  3  6  6 1 1 1
     457  3  6  7 1 1 1
     458  3  6  8 1 1 1
     459  3  6  9 1 1 1
     460  3  6  10 1 1 1
     461  3  6  11 1 1 1
     462  3  6  12 1 1 1
     463  3  6  13 1 1 1
     464  3  6  14 1 1 1
     465  3  6  15 1 1 1
     466  3  6  16 1 1 1
     467  3  6  17 1 1 1
     468  3  6  18 1 1 1
     469  3  7  1 1 1 1
     470  3  7  2 1 1 1
     471  3  7  3 1 1 1
     472  3  7  4 1 1 1
     473  3  7  5 1 1 1
     474  3  7  6 1 1 1
     475  3  7  7 1 1 1
     476  3  7  8 1 1 1
     477  3  7  9 1 1 1
     478  3  7  10 1 1 1
     479  3  7  11 1 1 1
     480  3  7  12 1 1 1
     481  3  7  13 1 1 1
     482  3  7  14 1 1 1
     483  3  7  15 1 1 1
     484  3  7  16 1 1 1
     485  3  7  17 1 1 1
     486  3  7  18 1 1 1
     487  3  8  1 1 1 1
     488  3  8  2 1 1 1
     489  3  8  3 1 1 1
     490  3  8  4 1 1 1
     491  3  8  5 1 1 1
     492  3  8  6 1 1 1
     493  3  8  7 1 1 1
     494  3  8  8 1 1 1
     495  3  8  9 1 1 1
     496  3  8  10 1 1 1
     497  3  8  11 1 1 1
     498  3  8  12 1 1 1
     499  3  8  13 1 1 1
     500  3  8  14 1 1 1
     501  3  8  15 1 1 1
     502  3  8  16 1 1 1
     503  3  8  17 1 1 1
     504  3  8  18 1 1 1
     505  3  9  1 1 1 1
     506  3  9  2 1 1 1
     507  3  9  3 1 1 1
     508  3  9  4 1 1 1
     509  3  9  5 1 1 1
     510  3  9  6 1 1 1
     511  3  9  7 1 1 1
     512  3  9  8 1 1 1
     513  3  9  9 1 1 1
     514  3  9  10 1 1 1
     515  3  9  11 1 1 1
     516  3  9  12 1 1 1
     517  3  9  13 1 1 1
     518  3  9  14 1 1 1
     519  3  9  15 1 1 1
     520  3  9  16 1 1 1
     521  3  9  17 1 1 1
     522  3  9  18 1 1 1
     523  3  10  1 1 1 1
     524  3  10  2 1 1 1
     525  3  10  3 1 1 1
     526  3  10  4 1 1 1
     527  3  10  5 1 1 1
     528  3  10  6 1 1 1
     529  3  10  7 1 1 1
     530  3  10  8 1 1 1
     531  3  10  9 1 1 1
     532  3  10  10 1 1 1
     533  3  10  11 1 1 1
     534  3  10  12 1 1 1
     535  3  10  13 1 1 1
     536  3  10  14 1 1 1
     537  3  10  15 1 1 1
     538  3  10  16 1 1 1
     539  3  10  17 1 1 1
     540  3  10  18 1 1 1
     541  4  1  1 1 1 1
     542  4  1  2 1 1 1
     543  4  1  3 1 1 1
     544  4  1  4 1 1 1
     545  4  1  5 1 1 1
     546  4  1  6 1 1 1
     547  4  1  7 1 1 1
     548  4  1  8 1 1 1
     549  4  1  9 1 1 1
     550  4  1  10 1 1 1
     551  4  1  11 1 1 1
     552  4  1  12 1 1 1
     553  4  1  13 1 1 1
     554  4  1  14 1 1 1
     555  4  1  15 1 1 1
     556  4  1  16 1 1 1
     557  4  1  17 1 1 1
     558  4  1  18 1 1 1
     559  4  2  1 1 1 1
     560  4  2  2 1 1 1
     561  4  2  3 1 1 1
     562  4  2  4 1 1 1
     563  4  2  5 1 1 1
     564  4  2  6 1 1 1
     565  4  2  7 1 1 1
     566  4  2  8 1 1 1
     567  4  2  9 1 1 1
     568  4  2  10 1 1 1
     569  4  2  11 1 1 1
     570  4  2  12 1 1 1
     571  4  2  13 1 1 1
     572  4  2  14 1 1 1
     573  4  2  15 1 1 1
     574  4  2  16 1 1 1
     575  4  2  17 1 1 1
     576  4  2  18 1 1 1
     577  4  3  1 1 1 1
     578  4  3  2 1 1 1
     579  4  3  3 1 1 1
     580  4  3  4 1 1 1
     581  4  3  5 1 1 1
     582  4  3  6 1 1 1
     583  4  3  7 1 1 1
     584  4  3  8 1 1 1
     585  4  3  9 1 1 1
     586  4  3  10 1 1 1
     587  4  3  11 1 1 1
     588  4  3  12 1 1 1
     589  4  3  13 1 1 1
     590  4  3  14 1 1 1
     591  4  3  15 1 1 1
     592  4  3  16 1 1 1
     593  4  3  17 1 1 1
     594  4  3  18 1 1 1
     595  4  4  1 1 1 1
     596  4  4  2 1 1 1
     597  4  4  3 1 1 1
     598  4  4  4 1 1 1
     599  4  4  5 1 1 1
     600  4  4  6 1 1 1
     601  4  4  7 1 1 1
     602  4  4  8 1 1 1
     603  4  4  9 1 1 1
     604  4  4  10 1 1 1
     605  4  4  11 1 1 1
     606  4  4  12 1 1 1
     607  4  4  13 1 1 1
     608  4  4  14 1 1 1
     609  4  4  15 1 1 1
     610  4  4  16 1 1 1
     611  4  4  17 1 1 1
     612  4  4  18 1 1 1
     613  4  5  1 1 1 1
     614  4  5  2 1 1 1
     615  4  5  3 1 1 1
     616  4  5  4 1 1 1
     617  4  5  5 1 1 1
     618  4  5  6 1 1 1
     619  4  5  7 1 1 1
     620  4  5  8 1 1 1
     621  4  5  9 1 1 1
     622  4  5  10 1 1 1
     623  4  5  11 1 1 1
     624  4  5  12 1 1 1
     625  4  5  13 1 1 1
     626  4  5  14 1 1 1
     627  4  5  15 1 1 1
     628  4  5  16 1 1 1
     629  4  5  17 1 1 1
     630  4  5  18 1 1 1
     631  4  6  1 1 1 1
     632  4  6  2 1 1 1
     633  4  6  3 1 1 1
     634  4  6  4 1 1 1
     635  4  6  5 1 1 1
     636  4  6  6 1 1 1
     637  4  6  7 1 1 1
     638  4  6  8 1 1 1
     639  4  6  9 1 1 1
     640  4  6  10 1 1 1
     641  4  6  11 1 1 1
     642  4  6  12 1 1 1
     643  4  6  13 1 1 1
     644  4  6  14 1 1 1
     645  4  6  15 1 1 1
     646  4  6  16 1 1 1
     647  4  6  17 1 1 1
     648  4  6  18 1 1 1
     649  4  7  1 1 1 1
     650  4  7  2 1 1 1
     651  4  7  3 1 1 1
     652  4  7  4 1 1 1
     653  4  7  5 1 1 1
     654  4  7  6 1 1 1
     655  4  7  7 1 1 1
     656  4  7  8 1 1 1
     657  4  7  9 1 1 1
     658  4  7  10 1 1 1
     659  4  7  11 1 1 1
     660  4  7  12 1 1 1
     661  4  7  13 1 1 1
     662  4  7  14 1 1 1
     663  4  7  15 1 1 1
     664  4  7  16 1 1 1
     665  4  7  17 1 1 1
     666  4  7  18 1 1 1
     667  4  8  1 1 1 1
     668  4  8  2 1 1 1
     669  4  8  3 1 1 1
     670  4  8  4 1 1 1
     671  4  8  5 1 1 1
     672  4  8  6 1 1 1
     673  4  8  7 1 1 1
     674  4  8  8 1 1 1
     675  4  8  9 1 1 1
     676  4  8  10 1 1 1
     677  4  8  11 1 1 1
     678  4  8  12 1 1 1
     679  4  8  13 1 1 1
     680  4  8  14 1 1 1
     681  4  8  15 1 1 1
     682  4  8  16 1 1 1
     683  4  8  17 1 1 1
     684  4  8  18 1 1 1
     685  4  9  1 1 1 1
     686  4  9  2 1 1 1
     687  4  9  3 1 1 1
     688  4  9  4 1 1 1
     689  4  9  5 1 1 1
     690  4  9  6 1 1 1
     691  4  9  7 1 1 1
     692  4  9  8 1 1 1
     693  4  9  9 1 1 1
     694  4  9  10 1 1 1
     695  4  9  11 1 1 1
     696  4  9  12 1 1 1
     697  4  9  13 1 1 1
     698  4  9  14 1 1 1
     699  4  9  15 1 1 1
     700  4  9  16 1 1 1
     701  4  9  17 1 1 1
     702  4  9  18 1 1 1
     703  4  10  1 1 1 1
     704  4  10  2 1 1 1
     705  4  10  3 1 1 1
     706  4  10  4 1 1 1
     707  4  10  5 1 1 1
     708  4  10  6 1 1 1
     709  4  10  7 1 1 1
     710  4  10  8 1 1 1
     711  4  10  9 1 1 1
     712  4  10  10 1 1 1
     713  4  10  11 1 1 1
     714  4  10  12 1 1 1
     715  4  10  13 1 1 1
     716  4  10  14 1 1 1
     717  4  10  15 1 1 1
     718  4  10  16 1 1 1
     719  4  10  17 1 1 1
     720  4  10  18 1 1 1
     721  5  1  1 1 1 1
     722  5  1  2 1 1 1
     723  5  1  3 1 1 1
     724  5  1  4 1 1 1
     725  5  1  5 1 1 1
     726  5  1  6 1 1 1
     727  5  1  7 1 1 1
     728  5  1  8 1 1 1
     729  5  1  9 1 1 1
     730  5  1  10 1 1 1
     731  5  1  11 1 1 1
     732  5  1  12 1 1 1
     733  5  1  13 1 1 1
     734  5  1  14 1 1 1
     735  5  1  15 1 1 1
     736  5  1  16 1 1 1
     737  5  1  17 1 1 1
     738  5  1  18 1 1 1
     739  5  2  1 1 1 1
     740  5  2  2 1 1 1
     741  5  2  3 1 1 1
     742  5  2  4 1 1 1
     743  5  2  5 1 1 1
     744  5  2  6 1 1 1
     745  5  2  7 1 1 1
     746  5  2  8 1 1 1
     747  5  2  9 1 1 1
     748  5  2  10 1 1 1
     749  5  2  11 1 1 1
     750  5  2  12 1 1 1
     751  5  2  13 1 1 1
     752  5  2  14 1 1 1
     753  5  2  15 1 1 1
     754  5  2  16 1 1 1
     755  5  2  17 1 1 1
     756  5  2  18 1 1 1
     757  5  3  1 1 1 1
     758  5  3  2 1 1 1
     759  5  3  3 1 1 1
     760  5  3  4 1 1 1
     761  5  3  5 1 1 1
     762  5  3  6 1 1 1
     763  5  3  7 1 1 1
     764  5  3  8 1 1 1
     765  5  3  9 1 1 1
     766  5  3  10 1 1 1
     767  5  3  11 1 1 1
     768  5  3  12 1 1 1
     769  5  3  13 1 1 1
     770  5  3  14 1 1 1
     771  5  3  15 1 1 1
     772  5  3  16 1 1 1
     773  5  3  17 1 1 1
     774  5  3  18 1 1 1
     775  5  4  1 1 1 1
     776  5  4  2 1 1 1
     777  5  4  3 1 1 1
     778  5  4  4 1 1 1
     779  5  4  5 1 1 1
     780  5  4  6 1 1 1
     781  5  4  7 1 1 1
     782  5  4  8 1 1 1
     783  5  4  9 1 1 1
     784  5  4  10 1 1 1
     785  5  4  11 1 1 1
     786  5  4  12 1 1 1
     787  5  4  13 1 1 1
     788  5  4  14 1 1 1
     789  5  4  15 1 1 1
     790  5  4  16 1 1 1
     791  5  4  17 1 1 1
     792  5  4  18 1 1 1
     793  5  5  1 1 1 1
     794  5  5  2 1 1 1
     795  5  5  3 1 1 1
     796  5  5  4 1 1 1
     797  5  5  5 1 1 1
     798  5  5  6 1 1 1
     799  5  5  7 1 1 1
     800  5  5  8 1 1 1
     801  5  5  9 1 1 1
     802  5  5  10 1 1 1
     803  5  5  11 1 1 1
     804  5  5  12 1 1 1
     805  5  5  13 1 1 1
     806  5  5  14 1 1 1
     807  5  5  15 1 1 1
     808  5  5  16 1 1 1
     809  5  5  17 1 1 1
     810  5  5  18 1 1 1
     811  5  6  1 1 1 1
     812  5  6  2 1 1 1
     813  5  6  3 1 1 1
     814  5  6  4 1 1 1
     815  5  6  5 1 1 1
     816  5  6  6 1 1 1
     817  5  6  7 1 1 1
     818  5  6  8 1 1 1
     819  5  6  9 1 1 1
     820  5  6  10 1 1 1
     821  5  6  11 1 1 1
     822  5  6  12 1 1 1
     823  5  6  13 1 1 1
     824  5  6  14 1 1 1
     825  5  6  15 1 1 1
     826  5  6  16 1 1 1
     827  5  6  17 1 1 1
     828  5  6  18 1 1 1
     829  5  7  1 1 1 1
     830  5  7  2 1 1 1
     831  5  7  3 1 1 1
     832  5  7  4 1 1 1
     833  5  7  5 1 1 1
     834  5  7  6 1 1 1
     835  5  7  7 1 1 1
     836  5  7  8 1 1 1
     837  5  7  9 1 1 1
     838  5  7  10 1 1 1
     839  5  7  11 1 1 1
     840  5  7  12 1 1 1
     841  5  7  13 1 1 1
     842  5  7  14 1 1 1
     843  5  7  15 1 1 1
     844  5  7  16 1 1 1
     845  5  7  17 1 1 1
     846  5  7  18 1 1 1
     847  5  8  1 1 1 1
     848  5  8  2 1 1 1
     849  5  8  3 1 1 1
     850  5  8  4 1 1 1
     851  5  8  5 1 1 1
     852  5  8  6 1 1 1
     853  5  8  7 1 1 1
     854  5  8  8 1 1 1
     855  5  8  9 1 1 1
     856  5  8  10 1 1 1
     857  5  8  11 1 1 1
     858  5  8  12 1 1 1
     859  5  8  13 1 1 1
     860  5  8  14 1 1 1
     861  5  8  15 1 1 1
     862  5  8  16 1 1 1
     863  5  8  17 1 1 1
     864  5  8  18 1 1 1
     865  5  9  1 1 1 1
     866  5  9  2 1 1 1
     867  5  9  3 1 1 1
     868  5  9  4 1 1 1
     869  5  9  5 1 1 1
     870  5  9  6 1 1 1
     871  5  9  7 1 1 1
     872  5  9  8 1 1 1
     873  5  9  9 1 1 1
     874  5  9  10 1 1 1
     875  5  9  11 1 1 1
     876  5  9  12 1 1 1
     877  5  9  13 1 1 1
     878  5  9  14 1 1 1
     879  5  9  15 1 1 1
     880  5  9  16 1 1 1
     881  5  9  17 1 1 1
     882  5  9  18 1 1 1
     883  5  10  1 1 1 1
     884  5  10  2 1 1 1
     885  5  10  3 1 1 1
     886  5  10  4 1 1 1
     887  5  10  5 1 1 1
     888  5  10  6 1 1 1
     889  5  10  7 1 1 1
     890  5  10  8 1 1 1
     891  5  10  9 1 1 1
     892  5  10  10 1 1 1
     893  5  10  11 1 1 1
     894  5  10  12 1 1 1
     895  5  10  13 1 1 1
     896  5  10  14 1 1 1
     897  5  10  15 1 1 1
     898  5  10  16 1 1 1
     899  5  10  17 1 1 1
     900  5  10  18 1 1 1
     901  6  1  1 1 1 1
     902  6  1  2 1 1 1
     903  6  1  3 1 1 1
     904  6  1  4 1 1 1
     905  6  1  5 1 1 1
     906  6  1  6 1 1 1
     907  6  1  7 1 1 1
     908  6  1  8 1 1 1
     909  6  1  9 1 1 1
     910  6  1  10 1 1 1
     911  6  1  11 1 1 1
     912  6  1  12 1 1 1
     913  6  1  13 1 1 1
     914  6  1  14 1 1 1
     915  6  1  15 1 1 1
     916  6  1  16 1 1 1
     917  6  1  17 1 1 1
     918  6  1  18 1 1 1
     919  6  2  1 1 1 1
     920  6  2  2 1 1 1
     921  6  2  3 1 1 1
     922  6  2  4 1 1 1
     923  6  2  5 1 1 1
     924  6  2  6 1 1 1
     925  6  2  7 1 1 1
     926  6  2  8 1 1 1
     927  6  2  9 1 1 1
     928  6  2  10 1 1 1
     929  6  2  11 1 1 1
     930  6  2  12 1 1 1
     931  6  2  13 1 1 1
     932  6  2  14 1 1 1
     933  6  2  15 1 1 1
     934  6  2  16 1 1 1
     935  6  2  17 1 1 1
     936  6  2  18 1 1 1
     937  6  3  1 1 1 1
     938  6  3  2 1 1 1
     939  6  3  3 1 1 1
     940  6  3  4 1 1 1
     941  6  3  5 1 1 1
     942  6  3  6 1 1 1
     943  6  3  7 1 1 1
     944  6  3  8 1 1 1
     945  6  3  9 1 1 1
     946  6  3  10 1 1 1
     947  6  3  11 1 1 1
     948  6  3  12 1 1 1
     949  6  3  13 1 1 1
     950  6  3  14 1 1 1
     951  6  3  15 1 1 1
     952  6  3  16 1 1 1
     953  6  3  17 1 1 1
     954  6  3  18 1 1 1
     955  6  4  1 1 1 1
     956  6  4  2 1 1 1
     957  6  4  3 1 1 1
     958  6  4  4 1 1 1
     959  6  4  5 1 1 1
     960  6  4  6 1 1 1
     961  6  4  7 1 1 1
     962  6  4  8 1 1 1
     963  6  4  9 1 1 1
     964  6  4  10 1 1 1
     965  6  4  11 1 1 1
     966  6  4  12 1 1 1
     967  6  4  13 1 1 1
     968  6  4  14 1 1 1
     969  6  4  15 1 1 1
     970  6  4  16 1 1 1
     971  6  4  17 1 1 1
     972  6  4  18 1 1 1
     973  6  5  1 1 1 1
     974  6  5  2 1 1 1
     975  6  5  3 1 1 1
     976  6  5  4 1 1 1
     977  6  5  5 1 1 1
     978  6  5  6 1 1 1
     979  6  5  7 1 1 1
     980  6  5  8 1 1 1
     981  6  5  9 1 1 1
     982  6  5  10 1 1 1
     983  6  5  11 1 1 1
     984  6  5  12 1 1 1
     985  6  5  13 1 1 1
     986  6  5  14 1 1 1
     987  6  5  15 1 1 1
     988  6  5  16 1 1 1
     989  6  5  17 1 1 1
     990  6  5  18 1 1 1
     991  6  6  1 1 1 1
     992  6  6  2 1 1 1
     993  6  6  3 1 1 1
     994  6  6  4 1 1 1
     995  6  6  5 1 1 1
     996  6  6  6 1 1 1
     997  6  6  7 1 1 1
     998  6  6  8 1 1 1
     999  6  6  9 1 1 1
     1000  6  6  10 1 1 1
     1001  6  6  11 1 1 1
     1002  6  6  12 1 1 1
     1003  6  6  13 1 1 1
     1004  6  6  14 1 1 1
     1005  6  6  15 1 1 1
     1006  6  6  16 1 1 1
     1007  6  6  17 1 1 1
     1008  6  6  18 1 1 1
     1009  6  7  1 1 1 1
     1010  6  7  2 1 1 1
     1011  6  7  3 1 1 1
     1012  6  7  4 1 1 1
     1013  6  7  5 1 1 1
     1014  6  7  6 1 1 1
     1015  6  7  7 1 1 1
     1016  6  7  8 1 1 1
     1017  6  7  9 1 1 1
     1018  6  7  10 1 1 1
     1019  6  7  11 1 1 1
     1020  6  7  12 1 1 1
     1021  6  7  13 1 1 1
     1022  6  7  14 1 1 1
     1023  6  7  15 1 1 1
     1024  6  7  16 1 1 1
     1025  6  7  17 1 1 1
     1026  6  7  18 1 1 1
     1027  6  8  1 1 1 1
     1028  6  8  2 1 1 1
     1029  6  8  3 1 1 1
     1030  6  8  4 1 1 1
     1031  6  8  5 1 1 1
     1032  6  8  6 1 1 1
     1033  6  8  7 1 1 1
     1034  6  8  8 1 1 1
     1035  6  8  9 1 1 1
     1036  6  8  10 1 1 1
     1037  6  8  11 1 1 1
     1038  6  8  12 1 1 1
     1039  6  8  13 1 1 1
     1040  6  8  14 1 1 1
     1041  6  8  15 1 1 1
     1042  6  8  16 1 1 1
     1043  6  8  17 1 1 1
     1044  6  8  18 1 1 1
     1045  6  9  1 1 1 1
     1046  6  9  2 1 1 1
     1047  6  9  3 1 1 1
     1048  6  9  4 1 1 1
     1049  6  9  5 1 1 1
     1050  6  9  6 1 1 1
     1051  6  9  7 1 1 1
     1052  6  9  8 1 1 1
     1053  6  9  9 1 1 1
     1054  6  9  10 1 1 1
     1055  6  9  11 1 1 1
     1056  6  9  12 1 1 1
     1057  6  9  13 1 1 1
     1058  6  9  14 1 1 1
     1059  6  9  15 1 1 1
     1060  6  9  16 1 1 1
     1061  6  9  17 1 1 1
     1062  6  9  18 1 1 1
     1063  6  10  1 1 1 1
     1064  6  10  2 1 1 1
     1065  6  10  3 1 1 1
     1066  6  10  4 1 1 1
     1067  6  10  5 1 1 1
     1068  6  10  6 1 1 1
     1069  6  10  7 1 1 1
     1070  6  10  8 1 1 1
     1071  6  10  9 1 1 1
     1072  6  10  10 1 1 1
     1073  6  10  11 1 1 1
     1074  6  10  12 1 1 1
     1075  6  10  13 1 1 1
     1076  6  10  14 1 1 1
     1077  6  10  15 1 1 1
     1078  6  10  16 1 1 1
     1079  6  10  17 1 1 1
     1080  6  10  18 1 1 1
     1081  7  1  1 1 1 1
     1082  7  1  2 1 1 1
     1083  7  1  3 1 1 1
     1084  7  1  4 1 1 1
     1085  7  1  5 1 1 1
     1086  7  1  6 1 1 1
     1087  7  1  7 1 1 1
     1088  7  1  8 1 1 1
     1089  7  1  9 1 1 1
     1090  7  1  10 1 1 1
     1091  7  1  11 1 1 1
     1092  7  1  12 1 1 1
     1093  7  1  13 1 1 1
     1094  7  1  14 1 1 1
     1095  7  1  15 1 1 1
     1096  7  1  16 1 1 1
     1097  7  1  17 1 1 1
     1098  7  1  18 1 1 1
     1099  7  2  1 1 1 1
     1100  7  2  2 1 1 1
     1101  7  2  3 1 1 1
     1102  7  2  4 1 1 1
     1103  7  2  5 1 1 1
     1104  7  2  6 1 1 1
     1105  7  2  7 1 1 1
     1106  7  2  8 1 1 1
     1107  7  2  9 1 1 1
     1108  7  2  10 1 1 1
     1109  7  2  11 1 1 1
     1110  7  2  12 1 1 1
     1111  7  2  13 1 1 1
     1112  7  2  14 1 1 1
     1113  7  2  15 1 1 1
     1114  7  2  16 1 1 1
     1115  7  2  17 1 1 1
     1116  7  2  18 1 1 1
     1117  7  3  1 1 1 1
     1118  7  3  2 1 1 1
     1119  7  3  3 1 1 1
     1120  7  3  4 1 1 1
     1121  7  3  5 1 1 1
     1122  7  3  6 1 1 1
     1123  7  3  7 1 1 1
     1124  7  3  8 1 1 1
     1125  7  3  9 1 1 1
     1126  7  3  10 1 1 1
     1127  7  3  11 1 1 1
     1128  7  3  12 1 1 1
     1129  7  3  13 1 1 1
     1130  7  3  14 1 1 1
     1131  7  3  15 1 1 1
     1132  7  3  16 1 1 1
     1133  7  3  17 1 1 1
     1134  7  3  18 1 1 1
     1135  7  4  1 1 1 1
     1136  7  4  2 1 1 1
     1137  7  4  3 1 1 1
     1138  7  4  4 1 1 1
     1139  7  4  5 1 1 1
     1140  7  4  6 1 1 1
     1141  7  4  7 1 1 1
     1142  7  4  8 1 1 1
     1143  7  4  9 1 1 1
     1144  7  4  10 1 1 1
     1145  7  4  11 1 1 1
     1146  7  4  12 1 1 1
     1147  7  4  13 1 1 1
     1148  7  4  14 1 1 1
     1149  7  4  15 1 1 1
     1150  7  4  16 1 1 1
     1151  7  4  17 1 1 1
     1152  7  4  18 1 1 1
     1153  7  5  1 1 1 1
     1154  7  5  2 1 1 1
     1155  7  5  3 1 1 1
     1156  7  5  4 1 1 1
     1157  7  5  5 1 1 1
     1158  7  5  6 1 1 1
     1159  7  5  7 1 1 1
     1160  7  5  8 1 1 1
     1161  7  5  9 1 1 1
     1162  7  5  10 1 1 1
     1163  7  5  11 1 1 1
     1164  7  5  12 1 1 1
     1165  7  5  13 1 1 1
     1166  7  5  14 1 1 1
     1167  7  5  15 1 1 1
     1168  7  5  16 1 1 1
     1169  7  5  17 1 1 1
     1170  7  5  18 1 1 1
     1171  7  6  1 1 1 1
     1172  7  6  2 1 1 1
     1173  7  6  3 1 1 1
     1174  7  6  4 1 1 1
     1175  7  6  5 1 1 1
     1176  7  6  6 1 1 1
     1177  7  6  7 1 1 1
     1178  7  6  8 1 1 1
     1179  7  6  9 1 1 1
     1180  7  6  10 1 1 1
     1181  7  6  11 1 1 1
     1182  7  6  12 1 1 1
     1183  7  6  13 1 1 1
     1184  7  6  14 1 1 1
     1185  7  6  15 1 1 1
     1186  7  6  16 1 1 1
     1187  7  6  17 1 1 1
     1188  7  6  18 1 1 1
     1189  7  7  1 1 1 1
     1190  7  7  2 1 1 1
     1191  7  7  3 1 1 1
     1192  7  7  4 1 1 1
     1193  7  7  5 1 1 1
     1194  7  7  6 1 1 1
     1195  7  7  7 1 1 1
     1196  7  7  8 1 1 1
     1197  7  7  9 1 1 1
     1198  7  7  10 1 1 1
     1199  7  7  11 1 1 1
     1200  7  7  12 1 1 1
     1201  7  7  13 1 1 1
     1202  7  7  14 1 1 1
     1203  7  7  15 1 1 1
     1204  7  7  16 1 1 1
     1205  7  7  17 1 1 1
     1206  7  7  18 1 1 1
     1207  7  8  1 1 1 1
     1208  7  8  2 1 1 1
     1209  7  8  3 1 1 1
     1210  7  8  4 1 1 1
     1211  7  8  5 1 1 1
     1212  7  8  6 1 1 1
     1213  7  8  7 1 1 1
     1214  7  8  8 1 1 1
     1215  7  8  9 1 1 1
     1216  7  8  10 1 1 1
     1217  7  8  11 1 1 1
     1218  7  8  12 1 1 1
     1219  7  8  13 1 1 1
     1220  7  8  14 1 1 1
     1221  7  8  15 1 1 1
     1222  7  8  16 1 1 1
     1223  7  8  17 1 1 1
     1224  7  8  18 1 1 1
     1225  7  9  1 1 1 1
     1226  7  9  2 1 1 1
     1227  7  9  3 1 1 1
     1228  7  9  4 1 1 1
     1229  7  9  5 1 1 1
     1230  7  9  6 1 1 1
     1231  7  9  7 1 1 1
     1232  7  9  8 1 1 1
     1233  7  9  9 1 1 1
     1234  7  9  10 1 1 1
     1235  7  9  11 1 1 1
     1236  7  9  12 1 1 1
     1237  7  9  13 1 1 1
     1238  7  9  14 1 1 1
     1239  7  9  15 1 1 1
     1240  7  9  16 1 1 1
     1241  7  9  17 1 1 1
     1242  7  9  18 1 1 1
     1243  7  10  1 1 1 1
     1244  7  10  2 1 1 1
     1245  7  10  3 1 1 1
     1246  7  10  4 1 1 1
     1247  7  10  5 1 1 1
     1248  7  10  6 1 1 1
     1249  7  10  7 1 1 1
     1250  7  10  8 1 1 1
     1251  7  10  9 1 1 1
     1252  7  10  10 1 1 1
     1253  7  10  11 1 1 1
     1254  7  10  12 1 1 1
     1255  7  10  13 1 1 1
     1256  7  10  14 1 1 1
     1257  7  10  15 1 1 1
     1258  7  10  16 1 1 1
     1259  7  10  17 1 1 1
     1260  7  10  18 1 1 1
     1261  8  1  1 1 1 1
     1262  8  1  2 1 1 1
     1263  8  1  3 1 1 1
     1264  8  1  4 1 1 1
     1265  8  1  5 1 1 1
     1266  8  1  6 1 1 1
     1267  8  1  7 1 1 1
     1268  8  1  8 1 1 1
     1269  8  1  9 1 1 1
     1270  8  1  10 1 1 1
     1271  8  1  11 1 1 1
     1272  8  1  12 1 1 1
     1273  8  1  13 1 1 1
     1274  8  1  14 1 1 1
     1275  8  1  15 1 1 1
     1276  8  1  16 1 1 1
     1277  8  1  17 1 1 1
     1278  8  1  18 1 1 1
     1279  8  2  1 1 1 1
     1280  8  2  2 1 1 1
     1281  8  2  3 1 1 1
     1282  8  2  4 1 1 1
     1283  8  2  5 1 1 1
     1284  8  2  6 1 1 1
     1285  8  2  7 1 1 1
     1286  8  2  8 1 1 1
     1287  8  2  9 1 1 1
     1288  8  2  10 1 1 1
     1289  8  2  11 1 1 1
     1290  8  2  12 1 1 1
     1291  8  2  13 1 1 1
     1292  8  2  14 1 1 1
     1293  8  2  15 1 1 1
     1294  8  2  16 1 1 1
     1295  8  2  17 1 1 1
     1296  8  2  18 1 1 1
     1297  8  3  1 1 1 1
     1298  8  3  2 1 1 1
     1299  8  3  3 1 1 1
     1300  8  3  4 1 1 1
     1301  8  3  5 1 1 1
     1302  8  3  6 1 1 1
     1303  8  3  7 1 1 1
     1304  8  3  8 1 1 1
     1305  8  3  9 1 1 1
     1306  8  3  10 1 1 1
     1307  8  3  11 1 1 1
     1308  8  3  12 1 1 1
     1309  8  3  13 1 1 1
     1310  8  3  14 1 1 1
     1311  8  3  15 1 1 1
     1312  8  3  16 1 1 1
     1313  8  3  17 1 1 1
     1314  8  3  18 1 1 1
     1315  8  4  1 1 1 1
     1316  8  4  2 1 1 1
     1317  8  4  3 1 1 1
     1318  8  4  4 1 1 1
     1319  8  4  5 1 1 1
     1320  8  4  6 1 1 1
     1321  8  4  7 1 1 1
     1322  8  4  8 1 1 1
     1323  8  4  9 1 1 1
     1324  8  4  10 1 1 1
     1325  8  4  11 1 1 1
     1326  8  4  12 1 1 1
     1327  8  4  13 1 1 1
     1328  8  4  14 1 1 1
     1329  8  4  15 1 1 1
     1330  8  4  16 1 1 1
     1331  8  4  17 1 1 1
     1332  8  4  18 1 1 1
     1333  8  5  1 1 1 1
     1334  8  5  2 1 1 1
     1335  8  5  3 1 1 1
     1336  8  5  4 1 1 1
     1337  8  5  5 1 1 1
     1338  8  5  6 1 1 1
     1339  8  5  7 1 1 1
     1340  8  5  8 1 1 1
     1341  8  5  9 1 1 1
     1342  8  5  10 1 1 1
     1343  8  5  11 1 1 1
     1344  8  5  12 1 1 1
     1345  8  5  13 1 1 1
     1346  8  5  14 1 1 1
     1347  8  5  15 1 1 1
     1348  8  5  16 1 1 1
     1349  8  5  17 1 1 1
     1350  8  5  18 1 1 1
     1351  8  6  1 1 1 1
     1352  8  6  2 1 1 1
     1353  8  6  3 1 1 1
     1354  8  6  4 1 1 1
     1355  8  6  5 1 1 1
     1356  8  6  6 1 1 1
     1357  8  6  7 1 1 1
     1358  8  6  8 1 1 1
     1359  8  6  9 1 1 1
     1360  8  6  10 1 1 1
     1361  8  6  11 1 1 1
     1362  8  6  12 1 1 1
     1363  8  6  13 1 1 1
     1364  8  6  14 1 1 1
     1365  8  6  15 1 1 1
     1366  8  6  16 1 1 1
     1367  8  6  17 1 1 1
     1368  8  6  18 1 1 1
     1369  8  7  1 1 1 1
     1370  8  7  2 1 1 1
     1371  8  7  3 1 1 1
     1372  8  7  4 1 1 1
     1373  8  7  5 1 1 1
     1374  8  7  6 1 1 1
     1375  8  7  7 1 1 1
     1376  8  7  8 1 1 1
     1377  8  7  9 1 1 1
     1378  8  7  10 1 1 1
     1379  8  7  11 1 1 1
     1380  8  7  12 1 1 1
     1381  8  7  13 1 1 1
     1382  8  7  14 1 1 1
     1383  8  7  15 1 1 1
     1384  8  7  16 1 1 1
     1385  8  7  17 1 1 1
     1386  8  7  18 1 1 1
     1387  8  8  1 1 1 1
     1388  8  8  2 1 1 1
     1389  8  8  3 1 1 1
     1390  8  8  4 1 1 1
     1391  8  8  5 1 1 1
     1392  8  8  6 1 1 1
     1393  8  8  7 1 1 1
     1394  8  8  8 1 1 1
     1395  8  8  9 1 1 1
     1396  8  8  10 1 1 1
     1397  8  8  11 1 1 1
     1398  8  8  12 1 1 1
     1399  8  8  13 1 1 1
     1400  8  8  14 1 1 1
     1401  8  8  15 1 1 1
     1402  8  8  16 1 1 1
     1403  8  8  17 1 1 1
     1404  8  8  18 1 1 1
     1405  8  9  1 1 1 1
     1406  8  9  2 1 1 1
     1407  8  9  3 1 1 1
     1408  8  9  4 1 1 1
     1409  8  9  5 1 1 1
     1410  8  9  6 1 1 1
     1411  8  9  7 1 1 1
     1412  8  9  8 1 1 1
     1413  8  9  9 1 1 1
     1414  8  9  10 1 1 1
     1415  8  9  11 1 1 1
     1416  8  9  12 1 1 1
     1417  8  9  13 1 1 1
     1418  8  9  14 1 1 1
     1419  8  9  15 1 1 1
     1420  8  9  16 1 1 1
     1421  8  9  17 1 1 1
     1422  8  9  18 1 1 1
     1423  8  10  1 1 1 1
     1424  8  10  2 1 1 1
     1425  8  10  3 1 1 1
     1426  8  10  4 1 1 1
     1427  8  10  5 1 1 1
     1428  8  10  6 1 1 1
     1429  8  10  7 1 1 1
     1430  8  10  8 1 1 1
     1431  8  10  9 1 1 1
     1432  8  10  10 1 1 1
     1433  8  10  11 1 1 1
     1434  8  10  12 1 1 1
     1435  8  10  13 1 1 1
     1436  8  10  14 1 1 1
     1437  8  10  15 1 1 1
     1438  8  10  16 1 1 1
     1439  8  10  17 1 1 1
     1440  8  10  18 1 1 1
     1441  9  1  1 1 1 1
     1442  9  1  2 1 1 1
     1443  9  1  3 1 1 1
     1444  9  1  4 1 1 1
     1445  9  1  5 1 1 1
     1446  9  1  6 1 1 1
     1447  9  1  7 1 1 1
     1448  9  1  8 1 1 1
     1449  9  1  9 1 1 1
     1450  9  1  10 1 1 1
     1451  9  1  11 1 1 1
     1452  9  1  12 1 1 1
     1453  9  1  13 1 1 1
     1454  9  1  14 1 1 1
     1455  9  1  15 1 1 1
     1456  9  1  16 1 1 1
     1457  9  1  17 1 1 1
     1458  9  1  18 1 1 1
     1459  9  2  1 1 1 1
     1460  9  2  2 1 1 1
     1461  9  2  3 1 1 1
     1462  9  2  4 1 1 1
     1463  9  2  5 1 1 1
     1464  9  2  6 1 1 1
     1465  9  2  7 1 1 1
     1466  9  2  8 1 1 1
     1467  9  2  9 1 1 1
     1468  9  2  10 1 1 1
     1469  9  2  11 1 1 1
     1470  9  2  12 1 1 1
     1471  9  2  13 1 1 1
     1472  9  2  14 1 1 1
     1473  9  2  15 1 1 1
     1474  9  2  16 1 1 1
     1475  9  2  17 1 1 1
     1476  9  2  18 1 1 1
     1477  9  3  1 1 1 1
     1478  9  3  2 1 1 1
     1479  9  3  3 1 1 1
     1480  9  3  4 1 1 1
     1481  9  3  5 1 1 1
     1482  9  3  6 1 1 1
     1483  9  3  7 1 1 1
     1484  9  3  8 1 1 1
     1485  9  3  9 1 1 1
     1486  9  3  10 1 1 1
     1487  9  3  11 1 1 1
     1488  9  3  12 1 1 1
     1489  9  3  13 1 1 1
     1490  9  3  14 1 1 1
     1491  9  3  15 1 1 1
     1492  9  3  16 1 1 1
     1493  9  3  17 1 1 1
     1494  9  3  18 1 1 1
     1495  9  4  1 1 1 1
     1496  9  4  2 1 1 1
     1497  9  4  3 1 1 1
     1498  9  4  4 1 1 1
     1499  9  4  5 1 1 1
     1500  9  4  6 1 1 1
     1501  9  4  7 1 1 1
     1502  9  4  8 1 1 1
     1503  9  4  9 1 1 1
     1504  9  4  10 1 1 1
     1505  9  4  11 1 1 1
     1506  9  4  12 1 1 1
     1507  9  4  13 1 1 1
     1508  9  4  14 1 1 1
     1509  9  4  15 1 1 1
     1510  9  4  16 1 1 1
     1511  9  4  17 1 1 1
     1512  9  4  18 1 1 1
     1513  9  5  1 1 1 1
     1514  9  5  2 1 1 1
     1515  9  5  3 1 1 1
     1516  9  5  4 1 1 1
     1517  9  5  5 1 1 1
     1518  9  5  6 1 1 1
     1519  9  5  7 1 1 1
     1520  9  5  8 1 1 1
     1521  9  5  9 1 1 1
     1522  9  5  10 1 1 1
     1523  9  5  11 1 1 1
     1524  9  5  12 1 1 1
     1525  9  5  13 1 1 1
     1526  9  5  14 1 1 1
     1527  9  5  15 1 1 1
     1528  9  5  16 1 1 1
     1529  9  5  17 1 1 1
     1530  9  5  18 1 1 1
     1531  9  6  1 1 1 1
     1532  9  6  2 1 1 1
     1533  9  6  3 1 1 1
     1534  9  6  4 1 1 1
     1535  9  6  5 1 1 1
     1536  9  6  6 1 1 1
     1537  9  6  7 1 1 1
     1538  9  6  8 1 1 1
     1539  9  6  9 1 1 1
     1540  9  6  10 1 1 1
     1541  9  6  11 1 1 1
     1542  9  6  12 1 1 1
     1543  9  6  13 1 1 1
     1544  9  6  14 1 1 1
     1545  9  6  15 1 1 1
     1546  9  6  16 1 1 1
     1547  9  6  17 1 1 1
     1548  9  6  18 1 1 1
     1549  9  7  1 1 1 1
     1550  9  7  2 1 1 1
     1551  9  7  3 1 1 1
     1552  9  7  4 1 1 1
     1553  9  7  5 1 1 1
     1554  9  7  6 1 1 1
     1555  9  7  7 1 1 1
     1556  9  7  8 1 1 1
     1557  9  7  9 1 1 1
     1558  9  7  10 1 1 1
     1559  9  7  11 1 1 1
     1560  9  7  12 1 1 1
     1561  9  7  13 1 1 1
     1562  9  7  14 1 1 1
     1563  9  7  15 1 1 1
     1564  9  7  16 1 1 1
     1565  9  7  17 1 1 1
     1566  9  7  18 1 1 1
     1567  9  8  1 1 1 1
     1568  9  8  2 1 1 1
     1569  9  8  3 1 1 1
     1570  9  8  4 1 1 1
     1571  9  8  5 1 1 1
     1572  9  8  6 1 1 1
     1573  9  8  7 1 1 1
     1574  9  8  8 1 1 1
     1575  9  8  9 1 1 1
     1576  9  8  10 1 1 1
     1577  9  8  11 1 1 1
     1578  9  8  12 1 1 1
     1579  9  8  13 1 1 1
     1580  9  8  14 1 1 1
     1581  9  8  15 1 1 1
     1582  9  8  16 1 1 1
     1583  9  8  17 1 1 1
     1584  9  8  18 1 1 1
     1585  9  9  1 1 1 1
     1586  9  9  2 1 1 1
     1587  9  9  3 1 1 1
     1588  9  9  4 1 1 1
     1589  9  9  5 1 1 1
     1590  9  9  6 1 1 1
     1591  9  9  7 1 1 1
     1592  9  9  8 1 1 1
     1593  9  9  9 1 1 1
     1594  9  9  10 1 1 1
     1595  9  9  11 1 1 1
     1596  9  9  12 1 1 1
     1597  9  9  13 1 1 1
     1598  9  9  14 1 1 1
     1599  9  9  15 1 1 1
     1600  9  9  16 1 1 1
     1601  9  9  17 1 1 1
     1602  9  9  18 1 1 1
     1603  9  10  1 1 1 1
     1604  9  10  2 1 1 1
     1605  9  10  3 1 1 1
     1606  9  10  4 1 1 1
     1607  9  10  5 1 1 1
     1608  9  10  6 1 1 1
     1609  9  10  7 1 1 1
     1610  9  10  8 1 1 1
     1611  9  10  9 1 1 1
     1612  9  10  10 1 1 1
     1613  9  10  11 1 1 1
     1614  9  10  12 1 1 1
     1615  9  10  13 1 1 1
     1616  9  10  14 1 1 1
     1617  9  10  15 1 1 1
     1618  9  10  16 1 1 1
     1619  9  10  17 1 1 1
     1620  9  10  18 1 1 1
     1621  10  1  1 1 1 1
     1622  10  1  2 1 1 1
     1623  10  1  3 1 1 1
     1624  10  1  4 1 1 1
     1625  10  1  5 1 1 1
     1626  10  1  6 1 1 1
     1627  10  1  7 1 1 1
     1628  10  1  8 1 1 1
     1629  10  1  9 1 1 1
     1630  10  1  10 1 1 1
     1631  10  1  11 1 1 1
     1632  10  1  12 1 1 1
     1633  10  1  13 1 1 1
     1634  10  1  14 1 1 1
     1635  10  1  15 1 1 1
     1636  10  1  16 1 1 1
     1637  10  1  17 1 1 1
     1638  10  1  18 1 1 1
     1639  10  2  1 1 1 1
     1640  10  2  2 1 1 1
     1641  10  2  3 1 1 1
     1642  10  2  4 1 1 1
     1643  10  2  5 1 1 1
     1644  10  2  6 1 1 1
     1645  10  2  7 1 1 1
     1646  10  2  8 1 1 1
     1647  10  2  9 1 1 1
     1648  10  2  10 1 1 1
     1649  10  2  11 1 1 1
     1650  10  2  12 1 1 1
     1651  10  2  13 1 1 1
     1652  10  2  14 1 1 1
     1653  10  2  15 1 1 1
     1654  10  2  16 1 1 1
     1655  10  2  17 1 1 1
     1656  10  2  18 1 1 1
     1657  10  3  1 1 1 1
     1658  10  3  2 1 1 1
     1659  10  3  3 1 1 1
     1660  10  3  4 1 1 1
     1661  10  3  5 1 1 1
     1662  10  3  6 1 1 1
     1663  10  3  7 1 1 1
     1664  10  3  8 1 1 1
     1665  10  3  9 1 1 1
     1666  10  3  10 1 1 1
     1667  10  3  11 1 1 1
     1668  10  3  12 1 1 1
     1669  10  3  13 1 1 1
     1670  10  3  14 1 1 1
     1671  10  3  15 1 1 1
     1672  10  3  16 1 1 1
     1673  10  3  17 1 1 1
     1674  10  3  18 1 1 1
     1675  10  4  1 1 1 1
     1676  10  4  2 1 1 1
     1677  10  4  3 1 1 1
     1678  10  4  4 1 1 1
     1679  10  4  5 1 1 1
     1680  10  4  6 1 1 1
     1681  10  4  7 1 1 1
     1682  10  4  8 1 1 1
     1683  10  4  9 1 1 1
     1684  10  4  10 1 1 1
     1685  10  4  11 1 1 1
     1686  10  4  12 1 1 1
     1687  10  4  13 1 1 1
     1688  10  4  14 1 1 1
     1689  10  4  15 1 1 1
     1690  10  4  16 1 1 1
     1691  10  4  17 1 1 1
     1692  10  4  18 1 1 1
     1693  10  5  1 1 1 1
     1694  10  5  2 1 1 1
     1695  10  5  3 1 1 1
     1696  10  5  4 1 1 1
     1697  10  5  5 1 1 1
     1698  10  5  6 1 1 1
     1699  10  5  7 1 1 1
     1700  10  5  8 1 1 1
     1701  10  5  9 1 1 1
     1702  10  5  10 1 1 1
     1703  10  5  11 1 1 1
     1704  10  5  12 1 1 1
     1705  10  5  13 1 1 1
     1706  10  5  14 1 1 1
     1707  10  5  15 1 1 1
     1708  10  5  16 1 1 1
     1709  10  5  17 1 1 1
     1710  10  5  18 1 1 1
     1711  10  6  1 1 1 1
     1712  10  6  2 1 1 1
     1713  10  6  3 1 1 1
     1714  10  6  4 1 1 1
     1715  10  6  5 1 1 1
     1716  10  6  6 1 1 1
     1717  10  6  7 1 1 1
     1718  10  6  8 1 1 1
     1719  10  6  9 1 1 1
     1720  10  6  10 1 1 1
     1721  10  6  11 1 1 1
     1722  10  6  12 1 1 1
     1723  10  6  13 1 1 1
     1724  10  6  14 1 1 1
     1725  10  6  15 1 1 1
     1726  10  6  16 1 1 1
     1727  10  6  17 1 1 1
     1728  10  6  18 1 1 1
     1729  10  7  1 1 1 1
     1730  10  7  2 1 1 1
     1731  10  7  3 1 1 1
     1732  10  7  4 1 1 1
     1733  10  7  5 1 1 1
     1734  10  7  6 1 1 1
     1735  10  7  7 1 1 1
     1736  10  7  8 1 1 1
     1737  10  7  9 1 1 1
     1738  10  7  10 1 1 1
     1739  10  7  11 1 1 1
     1740  10  7  12 1 1 1
     1741  10  7  13 1 1 1
     1742  10  7  14 1 1 1
     1743  10  7  15 1 1 1
     1744  10  7  16 1 1 1
     1745  10  7  17 1 1 1
     1746  10  7  18 1 1 1
     1747  10  8  1 1 1 1
     1748  10  8  2 1 1 1
     1749  10  8  3 1 1 1
     1750  10  8  4 1 1 1
     1751  10  8  5 1 1 1
     1752  10  8  6 1 1 1
     1753  10  8  7 1 1 1
     1754  10  8  8 1 1 1
     1755  10  8  9 1 1 1
     1756  10  8  10 1 1 1
     1757  10  8  11 1 1 1
     1758  10  8  12 1 1 1
     1759  10  8  13 1 1 1
     1760  10  8  14 1 1 1
     1761  10  8  15 1 1 1
     1762  10  8  16 1 1 1
     1763  10  8  17 1 1 1
     1764  10  8  18 1 1 1
     1765  10  9  1 1 1 1
     1766  10  9  2 1 1 1
     1767  10  9  3 1 1 1
     1768  10  9  4 1 1 1
     1769  10  9  5 1 1 1
     1770  10  9  6 1 1 1
     1771  10  9  7 1 1 1
     1772  10  9  8 1 1 1
     1773  10  9  9 1 1 1
     1774  10  9  10 1 1 1
     1775  10  9  11 1 1 1
     1776  10  9  12 1 1 1
     1777  10  9  13 1 1 1
     1778  10  9  14 1 1 1
     1779  10  9  15 1 1 1
     1780  10  9  16 1 1 1
     1781  10  9  17 1 1 1
     1782  10  9  18 1 1 1
     1783  10  10  1 1 1 1
     1784  10  10  2 1 1 1
     1785  10  10  3 1 1 1
     1786  10  10  4 1 1 1
     1787  10  10  5 1 1 1
     1788  10  10  6 1 1 1
     1789  10  10  7 1 1 1
     1790  10  10  8 1 1 1
     1791  10  10  9 1 1 1
     1792  10  10  10 1 1 1
     1793  10  10  11 1 1 1
     1794  10  10  12 1 1 1
     1795  10  10  13 1 1 1
     1796  10  10  14 1 1 1
     1797  10  10  15 1 1 1
     1798  10  10  16 1 1 1
     1799  10  10  17 1 1 1
     1800  10  10  18 1 1 1
     1801  11  1  1 1 1 1
     1802  11  1  2 1 1 1
     1803  11  1  3 1 1 1
     1804  11  1  4 1 1 1
     1805  11  1  5 1 1 1
     1806  11  1  6 1 1 1
     1807  11  1  7 1 1 1
     1808  11  1  8 1 1 1
     1809  11  1  9 1 1 1
     1810  11  1  10 1 1 1
     1811  11  1  11 1 1 1
     1812  11  1  12 1 1 1
     1813  11  1  13 1 1 1
     1814  11  1  14 1 1 1
     1815  11  1  15 1 1 1
     1816  11  1  16 1 1 1
     1817  11  1  17 1 1 1
     1818  11  1  18 1 1 1
     1819  11  2  1 1 1 1
     1820  11  2  2 1 1 1
     1821  11  2  3 1 1 1
     1822  11  2  4 1 1 1
     1823  11  2  5 1 1 1
     1824  11  2  6 1 1 1
     1825  11  2  7 1 1 1
     1826  11  2  8 1 1 1
     1827  11  2  9 1 1 1
     1828  11  2  10 1 1 1
     1829  11  2  11 1 1 1
     1830  11  2  12 1 1 1
     1831  11  2  13 1 1 1
     1832  11  2  14 1 1 1
     1833  11  2  15 1 1 1
     1834  11  2  16 1 1 1
     1835  11  2  17 1 1 1
     1836  11  2  18 1 1 1
     1837  11  3  1 1 1 1
     1838  11  3  2 1 1 1
     1839  11  3  3 1 1 1
     1840  11  3  4 1 1 1
     1841  11  3  5 1 1 1
     1842  11  3  6 1 1 1
     1843  11  3  7 1 1 1
     1844  11  3  8 1 1 1
     1845  11  3  9 1 1 1
     1846  11  3  10 1 1 1
     1847  11  3  11 1 1 1
     1848  11  3  12 1 1 1
     1849  11  3  13 1 1 1
     1850  11  3  14 1 1 1
     1851  11  3  15 1 1 1
     1852  11  3  16 1 1 1
     1853  11  3  17 1 1 1
     1854  11  3  18 1 1 1
     1855  11  4  1 1 1 1
     1856  11  4  2 1 1 1
     1857  11  4  3 1 1 1
     1858  11  4  4 1 1 1
     1859  11  4  5 1 1 1
     1860  11  4  6 1 1 1
     1861  11  4  7 1 1 1
     1862  11  4  8 1 1 1
     1863  11  4  9 1 1 1
     1864  11  4  10 1 1 1
     1865  11  4  11 1 1 1
     1866  11  4  12 1 1 1
     1867  11  4  13 1 1 1
     1868  11  4  14 1 1 1
     1869  11  4  15 1 1 1
     1870  11  4  16 1 1 1
     1871  11  4  17 1 1 1
     1872  11  4  18 1 1 1
     1873  11  5  1 1 1 1
     1874  11  5  2 1 1 1
     1875  11  5  3 1 1 1
     1876  11  5  4 1 1 1
     1877  11  5  5 1 1 1
     1878  11  5  6 1 1 1
     1879  11  5  7 1 1 1
     1880  11  5  8 1 1 1
     1881  11  5  9 1 1 1
     1882  11  5  10 1 1 1
     1883  11  5  11 1 1 1
     1884  11  5  12 1 1 1
     1885  11  5  13 1 1 1
     1886  11  5  14 1 1 1
     1887  11  5  15 1 1 1
     1888  11  5  16 1 1 1
     1889  11  5  17 1 1 1
     1890  11  5  18 1 1 1
     1891  11  6  1 1 1 1
     1892  11  6  2 1 1 1
     1893  11  6  3 1 1 1
     1894  11  6  4 1 1 1
     1895  11  6  5 1 1 1
     1896  11  6  6 1 1 1
     1897  11  6  7 1 1 1
     1898  11  6  8 1 1 1
     1899  11  6  9 1 1 1
     1900  11  6  10 1 1 1
     1901  11  6  11 1 1 1
     1902  11  6  12 1 1 1
     1903  11  6  13 1 1 1
     1904  11  6  14 1 1 1
     1905  11  6  15 1 1 1
     1906  11  6  16 1 1 1
     1907  11  6  17 1 1 1
     1908  11  6  18 1 1 1
     1909  11  7  1 1 1 1
     1910  11  7  2 1 1 1
     1911  11  7  3 1 1 1
     1912  11  7  4 1 1 1
     1913  11  7  5 1 1 1
     1914  11  7  6 1 1 1
     1915  11  7  7 1 1 1
     1916  11  7  8 1 1 1
     1917  11  7  9 1 1 1
     1918  11  7  10 1 1 1
     1919  11  7  11 1 1 1
     1920  11  7  12 1 1 1
     1921  11  7  13 1 1 1
     1922  11  7  14 1 1 1
     1923  11  7  15 1 1 1
     1924  11  7  16 1 1 1
     1925  11  7  17 1 1 1
     1926  11  7  18 1 1 1
     1927  11  8  1 1 1 1
     1928  11  8  2 1 1 1
     1929  11  8  3 1 1 1
     1930  11  8  4 1 1 1
     1931  11  8  5 1 1 1
     1932  11  8  6 1 1 1
     1933  11  8  7 1 1 1
     1934  11  8  8 1 1 1
     1935  11  8  9 1 1 1
     1936  11  8  10 1 1 1
     1937  11  8  11 1 1 1
     1938  11  8  12 1 1 1
     1939  11  8  13 1 1 1
     1940  11  8  14 1 1 1
     1941  11  8  15 1 1 1
     1942  11  8  16 1 1 1
     1943  11  8  17 1 1 1
     1944  11  8  18 1 1 1
     1945  11  9  1 1 1 1
     1946  11  9  2 1 1 1
     1947  11  9  3 1 1 1
     1948  11  9  4 1 1 1
     1949  11  9  5 1 1 1
     1950  11  9  6 1 1 1
     1951  11  9  7 1 1 1
     1952  11  9  8 1 1 1
     1953  11  9  9 1 1 1
     1954  11  9  10 1 1 1
     1955  11  9  11 1 1 1
     1956  11  9  12 1 1 1
     1957  11  9  13 1 1 1
     1958  11  9  14 1 1 1
     1959  11  9  15 1 1 1
     1960  11  9  16 1 1 1
     1961  11  9  17 1 1 1
     1962  11  9  18 1 1 1
     1963  11  10  1 1 1 1
     1964  11  10  2 1 1 1
     1965  11  10  3 1 1 1
     1966  11  10  4 1 1 1
     1967  11  10  5 1 1 1
     1968  11  10  6 1 1 1
     1969  11  10  7 1 1 1
     1970  11  10  8 1 1 1
     1971  11  10  9 1 1 1
     1972  11  10  10 1 1 1
     1973  11  10  11 1 1 1
     1974  11  10  12 1 1 1
     1975  11  10  13 1 1 1
     1976  11  10  14 1 1 1
     1977  11  10  15 1 1 1
     1978  11  10  16 1 1 1
     1979  11  10  17 1 1 1
     1980  11  10  18 1 1 1