>GEOMETRY   rect_prism; AX,AY,AZ= 0.1000 0.1000 0.1000
     360 = NAT 
  1.000000  0.000000  0.000000 = A_1 vector
  0.000000  1.000000  0.000000 = A_2 vector
  1.000000  1.000000  1.000000 = lattice spacings (d_x,d_y,d_z)/d
 -0.02500 -0.02500 -0.04500 = lattice offset x0(1-3) = (x_TF, y_TF, z_TF)/d for dipole 0 0 0
     JA  IX  IY  IZ ICOMP(x,y,z)
     1  1  1  1 1 1 1
     2  1  1  2 1 1 1
     3  1  1  3 1 1 1
     4  1  1  4 1 1 1
     5  1  1  5 1 1 1
     6  1  1  6 1 1 1
     7  1  1  7 1 1 1
     8  1  1  8 1 1 1
     9  1  1  9 1 1 1
     10  1  1  10 1 1 1
     11  1  2  1 1 1 1
     12  1  2  2 1 1 1
     13  1  2  3 1 1 1
     14  1  2  4 1 1 1
     15  1  2  5 1 1 1
     16  1  2  6 1 1 1
     17  1  2  7 1 1 1
     18  1  2  8 1 1 1
     19  1  2  9 1 1 1
     20  1  2  10 1 1 1
     21  1  3  1 1 1 1
     22  1  3  2 1 1 1
     23  1  3  3 1 1 1
     24  1  3  4 1 1 1
     25  1  3  5 1 1 1
     26  1  3  6 1 1 1
     27  1  3  7 1 1 1
     28  1  3  8 1 1 1
     29  1  3  9 1 1 1
     30  1  3  10 1 1 1
     31  1  4  1 1 1 1
     32  1  4  2 1 1 1
     33  1  4  3 1 1 1
     34  1  4  4 1 1 1
     35  1  4  5 1 1 1
     36  1  4  6 1 1 1
     37  1  4  7 1 1 1
     38  1  4  8 1 1 1
     39  1  4  9 1 1 1
     40  1  4  10 1 1 1
     41  1  5  1 1 1 1
     42  1  5  2 1 1 1
     43  1  5  3 1 1 1
     44  1  5  4 1 1 1
     45  1  5  5 1 1 1
     46  1  5  6 1 1 1
     47  1  5  7 1 1 1
     48  1  5  8 1 1 1
     49  1  5  9 1 1 1
     50  1  5  10 1 1 1
     51  1  6  1 1 1 1
     52  1  6  2 1 1 1
     53  1  6  3 1 1 1
     54  1  6  4 1 1 1
     55  1  6  5 1 1 1
     56  1  6  6 1 1 1
     57  1  6  7 1 1 1
     58  1  6  8 1 1 1
     59  1  6  9 1 1 1
     60  1  6  10 1 1 1
     61  2  1  1 1 1 1
     62  2  1  2 1 1 1
     63  2  1  3 1 1 1
     64  2  1  4 1 1 1
     65  2  1  5 1 1 1
     66  2  1  6 1 1 1
     67  2  1  7 1 1 1
     68  2  1  8 1 1 1
     69  2  1  9 1 1 1
     70  2  1  10 1 1 1
     71  2  2  1 1 1 1
     72  2  2  2 1 1 1
     73  2  2  3 1 1 1
     74  2  2  4 1 1 1
     75  2  2  5 1 1 1
     76  2  2  6 1 1 1
     77  2  2  7 1 1 1
     78  2  2  8 1 1 1
     79  2  2  9 1 1 1
     80  2  2  10 1 1 1
     81  2  3  1 1 1 1
     82  2  3  2 1 1 1
     83  2  3  3 1 1 1
     84  2  3  4 1 1 1
     85  2  3  5 1 1 1
     86  2  3  6 1 1 1
     87  2  3  7 1 1 1
     88  2  3  8 1 1 1
     89  2  3  9 1 1 1
     90  2  3  10 1 1 1
     91  2  4  1 1 1 1
     92  2  4  2 1 1 1
     93  2  4  3 1 1 1
     94  2  4  4 1 1 1
     95  2  4  5 1 1 1
     96  2  4  6 1 1 1
     97  2  4  7 1 1 1
     98  2  4  8 1 1 1
     99  2  4  9 1 1 1
     100  2  4  10 1 1 1
     101  2  5  1 1 1 1
     102  2  5  2 1 1 1
     103  2  5  3 1 1 1
     104  2  5  4 1 1 1
     105  2  5  5 1 1 1
     106  2  5  6 1 1 1
     107  2  5  7 1 1 1
     108  2  5  8 1 1 1
     109  2  5  9 1 1 1
     110  2  5  10 1 1 1
     111  2  6  1 1 1 1
     112  2  6  2 1 1 1
     113  2  6  3 1 1 1
     114  2  6  4 1 1 1
     115  2  6  5 1 1 1
     116  2  6  6 1 1 1
     117  2  6  7 1 1 1
     118  2  6  8 1 1 1
     119  2  6  9 1 1 1
     120  2  6  10 1 1 1
     121  3  1  1 1 1 1
     122  3  1  2 1 1 1
     123  3  1  3 1 1 1
     124  3  1  4 1 1 1
     125  3  1  5 1 1 1
     126  3  1  6 1 1 1
     127  3  1  7 1 1 1
     128  3  1  8 1 1 1
     129  3  1  9 1 1 1
     130  3  1  10 1 1 1
     131  3  2  1 1 1 1
     132  3  2  2 1 1 1
     133  3  2  3 1 1 1
     134  3  2  4 1 1 1
     135  3  2  5 1 1 1
     136  3  2  6 1 1 1
     137  3  2  7 1 1 1
     138  3  2  8 1 1 1
     139  3  2  9 1 1 1
     140  3  2  10 1 1 1
     141  3  3  1 1 1 1
     142  3  3  2 1 1 1
     143  3  3  3 1 1 1
     144  3  3  4 1 1 1
     145  3  3  5 1 1 1
     146  3  3  6 1 1 1
     147  3  3  7 1 1 1
     148  3  3  8 1 1 1
     149  3  3  9 1 1 1
     150  3  3  10 1 1 1
     151  3  4  1 1 1 1
     152  3  4  2 1 1 1
     153  3  4  3 1 1 1
     154  3  4  4 1 1 1
     155  3  4  5 1 1 1
     156  3  4  6 1 1 1
     157  3  4  7 1 1 1
     158  3  4  8 1 1 1
     159  3  4  9 1 1 1
     160  3  4  10 1 1 1
     161  3  5  1 1 1 1
     162  3  5  2 1 1 1
     163  3  5  3 1 1 1
     164  3  5  4 1 1 1
     165  3  5  5 1 1 1
     166  3  5  6 1 1 1
     167  3  5  7 1 1 1
     168  3  5  8 1 1 1
     169  3  5  9 1 1 1
     170  3  5  10 1 1 1
     171  3  6  1 1 1 1
     172  3  6  2 1 1 1
     173  3  6  3 1 1 1
     174  3  6  4 1 1 1
     175  3  6  5 1 1 1
     176  3  6  6 1 1 1
     177  3  6  7 1 1 1
     178  3  6  8 1 1 1
     179  3  6  9 1 1 1
     180  3  6  10 1 1 1
     181  4  1  1 1 1 1
     182  4  1  2 1 1 1
     183  4  1  3 1 1 1
     184  4  1  4 1 1 1
     185  4  1  5 1 1 1
     186  4  1  6 1 1 1
     187  4  1  7 1 1 1
     188  4  1  8 1 1 1
     189  4  1  9 1 1 1
     190  4  1  10 1 1 1
     191  4  2  1 1 1 1
     192  4  2  2 1 1 1
     193  4  2  3 1 1 1
     194  4  2  4 1 1 1
     195  4  2  5 1 1 1
     196  4  2  6 1 1 1
     197  4  2  7 1 1 1
     198  4  2  8 1 1 1
     199  4  2  9 1 1 1
     200  4  2  10 1 1 1
     201  4  3  1 1 1 1
     202  4  3  2 1 1 1
     203  4  3  3 1 1 1
     204  4  3  4 1 1 1
     205  4  3  5 1 1 1
     206  4  3  6 1 1 1
     207  4  3  7 1 1 1
     208  4  3  8 1 1 1
     209  4  3  9 1 1 1
     210  4  3  10 1 1 1
     211  4  4  1 1 1 1
     212  4  4  2 1 1 1
     213  4  4  3 1 1 1
     214  4  4  4 1 1 1
     215  4  4  5 1 1 1
     216  4  4  6 1 1 1
     217  4  4  7 1 1 1
     218  4  4  8 1 1 1
     219  4  4  9 1 1 1
     220  4  4  10 1 1 1
     221  4  5  1 1 1 1
     222  4  5  2 1 1 1
     223  4  5  3 1 1 1
     224  4  5  4 1 1 1
     225  4  5  5 1 1 1
     226  4  5  6 1 1 1
     227  4  5  7 1 1 1
     228  4  5  8 1 1 1
     229  4  5  9 1 1 1
     230  4  5  10 1 1 1
     231  4  6  1 1 1 1
     232  4  6  2 1 1 1
     233  4  6  3 1 1 1
     234  4  6  4 1 1 1
     235  4  6  5 1 1 1
     236  4  6  6 1 1 1
     237  4  6  7 1 1 1
     238  4  6  8 1 1 1
     239  4  6  9 1 1 1
     240  4  6  10 1 1 1
     241  5  1  1 1 1 1
     242  5  1  2 1 1 1
     243  5  1  3 1 1 1
     244  5  1  4 1 1 1
     245  5  1  5 1 1 1
     246  5  1  6 1 1 1
     247  5  1  7 1 1 1
     248  5  1  8 1 1 1
     249  5  1  9 1 1 1
     250  5  1  10 1 1 1
     251  5  2  1 1 1 1
     252  5  2  2 1 1 1
     253  5  2  3 1 1 1
     254  5  2  4 1 1 1
     255  5  2  5 1 1 1
     256  5  2  6 1 1 1
     257  5  2  7 1 1 1
     258  5  2  8 1 1 1
     259  5  2  9 1 1 1
     260  5  2  10 1 1 1
     261  5  3  1 1 1 1
     262  5  3  2 1 1 1
     263  5  3  3 1 1 1
     264  5  3  4 1 1 1
     265  5  3  5 1 1 1
     266  5  3  6 1 1 1
     267  5  3  7 1 1 1
     268  5  3  8 1 1 1
     269  5  3  9 1 1 1
     270  5  3  10 1 1 1
     271  5  4  1 1 1 1
     272  5  4  2 1 1 1
     273  5  4  3 1 1 1
     274  5  4  4 1 1 1
     275  5  4  5 1 1 1
     276  5  4  6 1 1 1
     277  5  4  7 1 1 1
     278  5  4  8 1 1 1
     279  5  4  9 1 1 1
     280  5  4  10 1 1 1
     281  5  5  1 1 1 1
     282  5  5  2 1 1 1
     283  5  5  3 1 1 1
     284  5  5  4 1 1 1
     285  5  5  5 1 1 1
     286  5  5  6 1 1 1
     287  5  5  7 1 1 1
     288  5  5  8 1 1 1
     289  5  5  9 1 1 1
     290  5  5  10 1 1 1
     291  5  6  1 1 1 1
     292  5  6  2 1 1 1
     293  5  6  3 1 1 1
     294  5  6  4 1 1 1
     295  5  6  5 1 1 1
     296  5  6  6 1 1 1
     297  5  6  7 1 1 1
     298  5  6  8 1 1 1
     299  5  6  9 1 1 1
     300  5  6  10 1 1 1
     301  6  1  1 1 1 1
     302  6  1  2 1 1 1
     303  6  1  3 1 1 1
     304  6  1  4 1 1 1
     305  6  1  5 1 1 1
     306  6  1  6 1 1 1
     307  6  1  7 1 1 1
     308  6  1  8 1 1 1
     309  6  1  9 1 1 1
     310  6  1  10 1 1 1
     311  6  2  1 1 1 1
     312  6  2  2 1 1 1
     313  6  2  3 1 1 1
     314  6  2  4 1 1 1
     315  6  2  5 1 1 1
     316  6  2  6 1 1 1
     317  6  2  7 1 1 1
     318  6  2  8 1 1 1
     319  6  2  9 1 1 1
     320  6  2  10 1 1 1
     321  6  3  1 1 1 1
     322  6  3  2 1 1 1
     323  6  3  3 1 1 1
     324  6  3  4 1 1 1
     325  6  3  5 1 1 1
     326  6  3  6 1 1 1
     327  6  3  7 1 1 1
     328  6  3  8 1 1 1
     329  6  3  9 1 1 1
     330  6  3  10 1 1 1
     331  6  4  1 1 1 1
     332  6  4  2 1 1 1
     333  6  4  3 1 1 1
     334  6  4  4 1 1 1
     335  6  4  5 1 1 1
     336  6  4  6 1 1 1
     337  6  4  7 1 1 1
     338  6  4  8 1 1 1
     339  6  4  9 1 1 1
     340  6  4  10 1 1 1
     341  6  5  1 1 1 1
     342  6  5  2 1 1 1
     343  6  5  3 1 1 1
     344  6  5  4 1 1 1
     345  6  5  5 1 1 1
     346  6  5  6 1 1 1
     347  6  5  7 1 1 1
     348  6  5  8 1 1 1
     349  6  5  9 1 1 1
     350  6  5  10 1 1 1
     351  6  6  1 1 1 1
     352  6  6  2 1 1 1
     353  6  6  3 1 1 1
     354  6  6  4 1 1 1
     355  6  6  5 1 1 1
     356  6  6  6 1 1 1
     357  6  6  7 1 1 1
     358  6  6  8 1 1 1
     359  6  6  9 1 1 1
     360  6  6  10 1 1 1