>GEOMETRY   rect_prism; AX,AY,AZ= 0.5554 0.5554 0.5554
     3024 = NAT 
  1.000000  0.000000  0.000000 = A_1 vector
  0.000000  1.000000  0.000000 = A_2 vector
  1.000000  1.000000  1.000000 = lattice spacings (d_x,d_y,d_z)/d
 -0.03910 -0.13385 -0.06575 = lattice offset x0(1-3) = (x_TF, y_TF, z_TF)/d for dipole 0 0 0
     JA  IX  IY  IZ ICOMP(x,y,z)
     1  1  1  1 1 1 1
     2  1  1  2 1 1 1
     3  1  1  3 1 1 1
     4  1  1  4 1 1 1
     5  1  1  5 1 1 1
     6  1  1  6 1 1 1
     7  1  1  7 1 1 1
     8  1  1  8 1 1 1
     9  1  1  9 1 1 1
     10  1  1  10 1 1 1
     11  1  1  11 1 1 1
     12  1  1  12 1 1 1
     13  1  1  13 1 1 1
     14  1  1  14 1 1 1
     15  1  2  1 1 1 1
     16  1  2  2 1 1 1
     17  1  2  3 1 1 1
     18  1  2  4 1 1 1
     19  1  2  5 1 1 1
     20  1  2  6 1 1 1
     21  1  2  7 1 1 1
     22  1  2  8 1 1 1
     23  1  2  9 1 1 1
     24  1  2  10 1 1 1
     25  1  2  11 1 1 1
     26  1  2  12 1 1 1
     27  1  2  13 1 1 1
     28  1  2  14 1 1 1
     29  1  3  1 1 1 1
     30  1  3  2 1 1 1
     31  1  3  3 1 1 1
     32  1  3  4 1 1 1
     33  1  3  5 1 1 1
     34  1  3  6 1 1 1
     35  1  3  7 1 1 1
     36  1  3  8 1 1 1
     37  1  3  9 1 1 1
     38  1  3  10 1 1 1
     39  1  3  11 1 1 1
     40  1  3  12 1 1 1
     41  1  3  13 1 1 1
     42  1  3  14 1 1 1
     43  1  4  1 1 1 1
     44  1  4  2 1 1 1
     45  1  4  3 1 1 1
     46  1  4  4 1 1 1
     47  1  4  5 1 1 1
     48  1  4  6 1 1 1
     49  1  4  7 1 1 1
     50  1  4  8 1 1 1
     51  1  4  9 1 1 1
     52  1  4  10 1 1 1
     53  1  4  11 1 1 1
     54  1  4  12 1 1 1
     55  1  4  13 1 1 1
     56  1  4  14 1 1 1
     57  1  5  1 1 1 1
     58  1  5  2 1 1 1
     59  1  5  3 1 1 1
     60  1  5  4 1 1 1
     61  1  5  5 1 1 1
     62  1  5  6 1 1 1
     63  1  5  7 1 1 1
     64  1  5  8 1 1 1
     65  1  5  9 1 1 1
     66  1  5  10 1 1 1
     67  1  5  11 1 1 1
     68  1  5  12 1 1 1
     69  1  5  13 1 1 1
     70  1  5  14 1 1 1
     71  1  6  1 1 1 1
     72  1  6  2 1 1 1
     73  1  6  3 1 1 1
     74  1  6  4 1 1 1
     75  1  6  5 1 1 1
     76  1  6  6 1 1 1
     77  1  6  7 1 1 1
     78  1  6  8 1 1 1
     79  1  6  9 1 1 1
     80  1  6  10 1 1 1
     81  1  6  11 1 1 1
     82  1  6  12 1 1 1
     83  1  6  13 1 1 1
     84  1  6  14 1 1 1
     85  1  7  1 1 1 1
     86  1  7  2 1 1 1
     87  1  7  3 1 1 1
     88  1  7  4 1 1 1
     89  1  7  5 1 1 1
     90  1  7  6 1 1 1
     91  1  7  7 1 1 1
     92  1  7  8 1 1 1
     93  1  7  9 1 1 1
     94  1  7  10 1 1 1
     95  1  7  11 1 1 1
     96  1  7  12 1 1 1
     97  1  7  13 1 1 1
     98  1  7  14 1 1 1
     99  1  8  1 1 1 1
     100  1  8  2 1 1 1
     101  1  8  3 1 1 1
     102  1  8  4 1 1 1
     103  1  8  5 1 1 1
     104  1  8  6 1 1 1
     105  1  8  7 1 1 1
     106  1  8  8 1 1 1
     107  1  8  9 1 1 1
     108  1  8  10 1 1 1
     109  1  8  11 1 1 1
     110  1  8  12 1 1 1
     111  1  8  13 1 1 1
     112  1  8  14 1 1 1
     113  1  9  1 1 1 1
     114  1  9  2 1 1 1
     115  1  9  3 1 1 1
     116  1  9  4 1 1 1
     117  1  9  5 1 1 1
     118  1  9  6 1 1 1
     119  1  9  7 1 1 1
     120  1  9  8 1 1 1
     121  1  9  9 1 1 1
     122  1  9  10 1 1 1
     123  1  9  11 1 1 1
     124  1  9  12 1 1 1
     125  1  9  13 1 1 1
     126  1  9  14 1 1 1
     127  1  10  1 1 1 1
     128  1  10  2 1 1 1
     129  1  10  3 1 1 1
     130  1  10  4 1 1 1
     131  1  10  5 1 1 1
     132  1  10  6 1 1 1
     133  1  10  7 1 1 1
     134  1  10  8 1 1 1
     135  1  10  9 1 1 1
     136  1  10  10 1 1 1
     137  1  10  11 1 1 1
     138  1  10  12 1 1 1
     139  1  10  13 1 1 1
     140  1  10  14 1 1 1
     141  1  11  1 1 1 1
     142  1  11  2 1 1 1
     143  1  11  3 1 1 1
     144  1  11  4 1 1 1
     145  1  11  5 1 1 1
     146  1  11  6 1 1 1
     147  1  11  7 1 1 1
     148  1  11  8 1 1 1
     149  1  11  9 1 1 1
     150  1  11  10 1 1 1
     151  1  11  11 1 1 1
     152  1  11  12 1 1 1
     153  1  11  13 1 1 1
     154  1  11  14 1 1 1
     155  1  12  1 1 1 1
     156  1  12  2 1 1 1
     157  1  12  3 1 1 1
     158  1  12  4 1 1 1
     159  1  12  5 1 1 1
     160  1  12  6 1 1 1
     161  1  12  7 1 1 1
     162  1  12  8 1 1 1
     163  1  12  9 1 1 1
     164  1  12  10 1 1 1
     165  1  12  11 1 1 1
     166  1  12  12 1 1 1
     167  1  12  13 1 1 1
     168  1  12  14 1 1 1
     169  1  13  1 1 1 1
     170  1  13  2 1 1 1
     171  1  13  3 1 1 1
     172  1  13  4 1 1 1
     173  1  13  5 1 1 1
     174  1  13  6 1 1 1
     175  1  13  7 1 1 1
     176  1  13  8 1 1 1
     177  1  13  9 1 1 1
     178  1  13  10 1 1 1
     179  1  13  11 1 1 1
     180  1  13  12 1 1 1
     181  1  13  13 1 1 1
     182  1  13  14 1 1 1
     183  1  14  1 1 1 1
     184  1  14  2 1 1 1
     185  1  14  3 1 1 1
     186  1  14  4 1 1 1
     187  1  14  5 1 1 1
     188  1  14  6 1 1 1
     189  1  14  7 1 1 1
     190  1  14  8 1 1 1
     191  1  14  9 1 1 1
     192  1  14  10 1 1 1
     193  1  14  11 1 1 1
     194  1  14  12 1 1 1
     195  1  14  13 1 1 1
     196  1  14  14 1 1 1
     197  1  15  1 1 1 1
     198  1  15  2 1 1 1
     199  1  15  3 1 1 1
     200  1  15  4 1 1 1
     201  1  15  5 1 1 1
     202  1  15  6 1 1 1
     203  1  15  7 1 1 1
     204  1  15  8 1 1 1
     205  1  15  9 1 1 1
     206  1  15  10 1 1 1
     207  1  15  11 1 1 1
     208  1  15  12 1 1 1
     209  1  15  13 1 1 1
     210  1  15  14 1 1 1
     211  1  16  1 1 1 1
     212  1  16  2 1 1 1
     213  1  16  3 1 1 1
     214  1  16  4 1 1 1
     215  1  16  5 1 1 1
     216  1  16  6 1 1 1
     217  1  16  7 1 1 1
     218  1  16  8 1 1 1
     219  1  16  9 1 1 1
     220  1  16  10 1 1 1
     221  1  16  11 1 1 1
     222  1  16  12 1 1 1
     223  1  16  13 1 1 1
     224  1  16  14 1 1 1
     225  1  17  1 1 1 1
     226  1  17  2 1 1 1
     227  1  17  3 1 1 1
     228  1  17  4 1 1 1
     229  1  17  5 1 1 1
     230  1  17  6 1 1 1
     231  1  17  7 1 1 1
     232  1  17  8 1 1 1
     233  1  17  9 1 1 1
     234  1  17  10 1 1 1
     235  1  17  11 1 1 1
     236  1  17  12 1 1 1
     237  1  17  13 1 1 1
     238  1  17  14 1 1 1
     239  1  18  1 1 1 1
     240  1  18  2 1 1 1
     241  1  18  3 1 1 1
     242  1  18  4 1 1 1
     243  1  18  5 1 1 1
     244  1  18  6 1 1 1
     245  1  18  7 1 1 1
     246  1  18  8 1 1 1
     247  1  18  9 1 1 1
     248  1  18  10 1 1 1
     249  1  18  11 1 1 1
     250  1  18  12 1 1 1
     251  1  18  13 1 1 1
     252  1  18  14 1 1 1
     253  1  19  1 1 1 1
     254  1  19  2 1 1 1
     255  1  19  3 1 1 1
     256  1  19  4 1 1 1
     257  1  19  5 1 1 1
     258  1  19  6 1 1 1
     259  1  19  7 1 1 1
     260  1  19  8 1 1 1
     261  1  19  9 1 1 1
     262  1  19  10 1 1 1
     263  1  19  11 1 1 1
     264  1  19  12 1 1 1
     265  1  19  13 1 1 1
     266  1  19  14 1 1 1
     267  1  20  1 1 1 1
     268  1  20  2 1 1 1
     269  1  20  3 1 1 1
     270  1  20  4 1 1 1
     271  1  20  5 1 1 1
     272  1  20  6 1 1 1
     273  1  20  7 1 1 1
     274  1  20  8 1 1 1
     275  1  20  9 1 1 1
     276  1  20  10 1 1 1
     277  1  20  11 1 1 1
     278  1  20  12 1 1 1
     279  1  20  13 1 1 1
     280  1  20  14 1 1 1
     281  1  21  1 1 1 1
     282  1  21  2 1 1 1
     283  1  21  3 1 1 1
     284  1  21  4 1 1 1
     285  1  21  5 1 1 1
     286  1  21  6 1 1 1
     287  1  21  7 1 1 1
     288  1  21  8 1 1 1
     289  1  21  9 1 1 1
     290  1  21  10 1 1 1
     291  1  21  11 1 1 1
     292  1  21  12 1 1 1
     293  1  21  13 1 1 1
     294  1  21  14 1 1 1
     295  1  22  1 1 1 1
     296  1  22  2 1 1 1
     297  1  22  3 1 1 1
     298  1  22  4 1 1 1
     299  1  22  5 1 1 1
     300  1  22  6 1 1 1
     301  1  22  7 1 1 1
     302  1  22  8 1 1 1
     303  1  22  9 1 1 1
     304  1  22  10 1 1 1
     305  1  22  11 1 1 1
     306  1  22  12 1 1 1
     307  1  22  13 1 1 1
     308  1  22  14 1 1 1
     309  1  23  1 1 1 1
     310  1  23  2 1 1 1
     311  1  23  3 1 1 1
     312  1  23  4 1 1 1
     313  1  23  5 1 1 1
     314  1  23  6 1 1 1
     315  1  23  7 1 1 1
     316  1  23  8 1 1 1
     317  1  23  9 1 1 1
     318  1  23  10 1 1 1
     319  1  23  11 1 1 1
     320  1  23  12 1 1 1
     321  1  23  13 1 1 1
     322  1  23  14 1 1 1
     323  1  24  1 1 1 1
     324  1  24  2 1 1 1
     325  1  24  3 1 1 1
     326  1  24  4 1 1 1
     327  1  24  5 1 1 1
     328  1  24  6 1 1 1
     329  1  24  7 1 1 1
     330  1  24  8 1 1 1
     331  1  24  9 1 1 1
     332  1  24  10 1 1 1
     333  1  24  11 1 1 1
     334  1  24  12 1 1 1
     335  1  24  13 1 1 1
     336  1  24  14 1 1 1
     337  1  25  1 1 1 1
     338  1  25  2 1 1 1
     339  1  25  3 1 1 1
     340  1  25  4 1 1 1
     341  1  25  5 1 1 1
     342  1  25  6 1 1 1
     343  1  25  7 1 1 1
     344  1  25  8 1 1 1
     345  1  25  9 1 1 1
     346  1  25  10 1 1 1
     347  1  25  11 1 1 1
     348  1  25  12 1 1 1
     349  1  25  13 1 1 1
     350  1  25  14 1 1 1
     351  1  26  1 1 1 1
     352  1  26  2 1 1 1
     353  1  26  3 1 1 1
     354  1  26  4 1 1 1
     355  1  26  5 1 1 1
     356  1  26  6 1 1 1
     357  1  26  7 1 1 1
     358  1  26  8 1 1 1
     359  1  26  9 1 1 1
     360  1  26  10 1 1 1
     361  1  26  11 1 1 1
     362  1  26  12 1 1 1
     363  1  26  13 1 1 1
     364  1  26  14 1 1 1
     365  1  27  1 1 1 1
     366  1  27  2 1 1 1
     367  1  27  3 1 1 1
     368  1  27  4 1 1 1
     369  1  27  5 1 1 1
     370  1  27  6 1 1 1
     371  1  27  7 1 1 1
     372  1  27  8 1 1 1
     373  1  27  9 1 1 1
     374  1  27  10 1 1 1
     375  1  27  11 1 1 1
     376  1  27  12 1 1 1
     377  1  27  13 1 1 1
     378  1  27  14 1 1 1
     379  2  1  1 1 1 1
     380  2  1  2 1 1 1
     381  2  1  3 1 1 1
     382  2  1  4 1 1 1
     383  2  1  5 1 1 1
     384  2  1  6 1 1 1
     385  2  1  7 1 1 1
     386  2  1  8 1 1 1
     387  2  1  9 1 1 1
     388  2  1  10 1 1 1
     389  2  1  11 1 1 1
     390  2  1  12 1 1 1
     391  2  1  13 1 1 1
     392  2  1  14 1 1 1
     393  2  2  1 1 1 1
     394  2  2  2 1 1 1
     395  2  2  3 1 1 1
     396  2  2  4 1 1 1
     397  2  2  5 1 1 1
     398  2  2  6 1 1 1
     399  2  2  7 1 1 1
     400  2  2  8 1 1 1
     401  2  2  9 1 1 1
     402  2  2  10 1 1 1
     403  2  2  11 1 1 1
     404  2  2  12 1 1 1
     405  2  2  13 1 1 1
     406  2  2  14 1 1 1
     407  2  3  1 1 1 1
     408  2  3  2 1 1 1
     409  2  3  3 1 1 1
     410  2  3  4 1 1 1
     411  2  3  5 1 1 1
     412  2  3  6 1 1 1
     413  2  3  7 1 1 1
     414  2  3  8 1 1 1
     415  2  3  9 1 1 1
     416  2  3  10 1 1 1
     417  2  3  11 1 1 1
     418  2  3  12 1 1 1
     419  2  3  13 1 1 1
     420  2  3  14 1 1 1
     421  2  4  1 1 1 1
     422  2  4  2 1 1 1
     423  2  4  3 1 1 1
     424  2  4  4 1 1 1
     425  2  4  5 1 1 1
     426  2  4  6 1 1 1
     427  2  4  7 1 1 1
     428  2  4  8 1 1 1
     429  2  4  9 1 1 1
     430  2  4  10 1 1 1
     431  2  4  11 1 1 1
     432  2  4  12 1 1 1
     433  2  4  13 1 1 1
     434  2  4  14 1 1 1
     435  2  5  1 1 1 1
     436  2  5  2 1 1 1
     437  2  5  3 1 1 1
     438  2  5  4 1 1 1
     439  2  5  5 1 1 1
     440  2  5  6 1 1 1
     441  2  5  7 1 1 1
     442  2  5  8 1 1 1
     443  2  5  9 1 1 1
     444  2  5  10 1 1 1
     445  2  5  11 1 1 1
     446  2  5  12 1 1 1
     447  2  5  13 1 1 1
     448  2  5  14 1 1 1
     449  2  6  1 1 1 1
     450  2  6  2 1 1 1
     451  2  6  3 1 1 1
     452  2  6  4 1 1 1
     453  2  6  5 1 1 1
     454  2  6  6 1 1 1
     455  2  6  7 1 1 1
     456  2  6  8 1 1 1
     457  2  6  9 1 1 1
     458  2  6  10 1 1 1
     459  2  6  11 1 1 1
     460  2  6  12 1 1 1
     461  2  6  13 1 1 1
     462  2  6  14 1 1 1
     463  2  7  1 1 1 1
     464  2  7  2 1 1 1
     465  2  7  3 1 1 1
     466  2  7  4 1 1 1
     467  2  7  5 1 1 1
     468  2  7  6 1 1 1
     469  2  7  7 1 1 1
     470  2  7  8 1 1 1
     471  2  7  9 1 1 1
     472  2  7  10 1 1 1
     473  2  7  11 1 1 1
     474  2  7  12 1 1 1
     475  2  7  13 1 1 1
     476  2  7  14 1 1 1
     477  2  8  1 1 1 1
     478  2  8  2 1 1 1
     479  2  8  3 1 1 1
     480  2  8  4 1 1 1
     481  2  8  5 1 1 1
     482  2  8  6 1 1 1
     483  2  8  7 1 1 1
     484  2  8  8 1 1 1
     485  2  8  9 1 1 1
     486  2  8  10 1 1 1
     487  2  8  11 1 1 1
     488  2  8  12 1 1 1
     489  2  8  13 1 1 1
     490  2  8  14 1 1 1
     491  2  9  1 1 1 1
     492  2  9  2 1 1 1
     493  2  9  3 1 1 1
     494  2  9  4 1 1 1
     495  2  9  5 1 1 1
     496  2  9  6 1 1 1
     497  2  9  7 1 1 1
     498  2  9  8 1 1 1
     499  2  9  9 1 1 1
     500  2  9  10 1 1 1
     501  2  9  11 1 1 1
     502  2  9  12 1 1 1
     503  2  9  13 1 1 1
     504  2  9  14 1 1 1
     505  2  10  1 1 1 1
     506  2  10  2 1 1 1
     507  2  10  3 1 1 1
     508  2  10  4 1 1 1
     509  2  10  5 1 1 1
     510  2  10  6 1 1 1
     511  2  10  7 1 1 1
     512  2  10  8 1 1 1
     513  2  10  9 1 1 1
     514  2  10  10 1 1 1
     515  2  10  11 1 1 1
     516  2  10  12 1 1 1
     517  2  10  13 1 1 1
     518  2  10  14 1 1 1
     519  2  11  1 1 1 1
     520  2  11  2 1 1 1
     521  2  11  3 1 1 1
     522  2  11  4 1 1 1
     523  2  11  5 1 1 1
     524  2  11  6 1 1 1
     525  2  11  7 1 1 1
     526  2  11  8 1 1 1
     527  2  11  9 1 1 1
     528  2  11  10 1 1 1
     529  2  11  11 1 1 1
     530  2  11  12 1 1 1
     531  2  11  13 1 1 1
     532  2  11  14 1 1 1
     533  2  12  1 1 1 1
     534  2  12  2 1 1 1
     535  2  12  3 1 1 1
     536  2  12  4 1 1 1
     537  2  12  5 1 1 1
     538  2  12  6 1 1 1
     539  2  12  7 1 1 1
     540  2  12  8 1 1 1
     541  2  12  9 1 1 1
     542  2  12  10 1 1 1
     543  2  12  11 1 1 1
     544  2  12  12 1 1 1
     545  2  12  13 1 1 1
     546  2  12  14 1 1 1
     547  2  13  1 1 1 1
     548  2  13  2 1 1 1
     549  2  13  3 1 1 1
     550  2  13  4 1 1 1
     551  2  13  5 1 1 1
     552  2  13  6 1 1 1
     553  2  13  7 1 1 1
     554  2  13  8 1 1 1
     555  2  13  9 1 1 1
     556  2  13  10 1 1 1
     557  2  13  11 1 1 1
     558  2  13  12 1 1 1
     559  2  13  13 1 1 1
     560  2  13  14 1 1 1
     561  2  14  1 1 1 1
     562  2  14  2 1 1 1
     563  2  14  3 1 1 1
     564  2  14  4 1 1 1
     565  2  14  5 1 1 1
     566  2  14  6 1 1 1
     567  2  14  7 1 1 1
     568  2  14  8 1 1 1
     569  2  14  9 1 1 1
     570  2  14  10 1 1 1
     571  2  14  11 1 1 1
     572  2  14  12 1 1 1
     573  2  14  13 1 1 1
     574  2  14  14 1 1 1
     575  2  15  1 1 1 1
     576  2  15  2 1 1 1
     577  2  15  3 1 1 1
     578  2  15  4 1 1 1
     579  2  15  5 1 1 1
     580  2  15  6 1 1 1
     581  2  15  7 1 1 1
     582  2  15  8 1 1 1
     583  2  15  9 1 1 1
     584  2  15  10 1 1 1
     585  2  15  11 1 1 1
     586  2  15  12 1 1 1
     587  2  15  13 1 1 1
     588  2  15  14 1 1 1
     589  2  16  1 1 1 1
     590  2  16  2 1 1 1
     591  2  16  3 1 1 1
     592  2  16  4 1 1 1
     593  2  16  5 1 1 1
     594  2  16  6 1 1 1
     595  2  16  7 1 1 1
     596  2  16  8 1 1 1
     597  2  16  9 1 1 1
     598  2  16  10 1 1 1
     599  2  16  11 1 1 1
     600  2  16  12 1 1 1
     601  2  16  13 1 1 1
     602  2  16  14 1 1 1
     603  2  17  1 1 1 1
     604  2  17  2 1 1 1
     605  2  17  3 1 1 1
     606  2  17  4 1 1 1
     607  2  17  5 1 1 1
     608  2  17  6 1 1 1
     609  2  17  7 1 1 1
     610  2  17  8 1 1 1
     611  2  17  9 1 1 1
     612  2  17  10 1 1 1
     613  2  17  11 1 1 1
     614  2  17  12 1 1 1
     615  2  17  13 1 1 1
     616  2  17  14 1 1 1
     617  2  18  1 1 1 1
     618  2  18  2 1 1 1
     619  2  18  3 1 1 1
     620  2  18  4 1 1 1
     621  2  18  5 1 1 1
     622  2  18  6 1 1 1
     623  2  18  7 1 1 1
     624  2  18  8 1 1 1
     625  2  18  9 1 1 1
     626  2  18  10 1 1 1
     627  2  18  11 1 1 1
     628  2  18  12 1 1 1
     629  2  18  13 1 1 1
     630  2  18  14 1 1 1
     631  2  19  1 1 1 1
     632  2  19  2 1 1 1
     633  2  19  3 1 1 1
     634  2  19  4 1 1 1
     635  2  19  5 1 1 1
     636  2  19  6 1 1 1
     637  2  19  7 1 1 1
     638  2  19  8 1 1 1
     639  2  19  9 1 1 1
     640  2  19  10 1 1 1
     641  2  19  11 1 1 1
     642  2  19  12 1 1 1
     643  2  19  13 1 1 1
     644  2  19  14 1 1 1
     645  2  20  1 1 1 1
     646  2  20  2 1 1 1
     647  2  20  3 1 1 1
     648  2  20  4 1 1 1
     649  2  20  5 1 1 1
     650  2  20  6 1 1 1
     651  2  20  7 1 1 1
     652  2  20  8 1 1 1
     653  2  20  9 1 1 1
     654  2  20  10 1 1 1
     655  2  20  11 1 1 1
     656  2  20  12 1 1 1
     657  2  20  13 1 1 1
     658  2  20  14 1 1 1
     659  2  21  1 1 1 1
     660  2  21  2 1 1 1
     661  2  21  3 1 1 1
     662  2  21  4 1 1 1
     663  2  21  5 1 1 1
     664  2  21  6 1 1 1
     665  2  21  7 1 1 1
     666  2  21  8 1 1 1
     667  2  21  9 1 1 1
     668  2  21  10 1 1 1
     669  2  21  11 1 1 1
     670  2  21  12 1 1 1
     671  2  21  13 1 1 1
     672  2  21  14 1 1 1
     673  2  22  1 1 1 1
     674  2  22  2 1 1 1
     675  2  22  3 1 1 1
     676  2  22  4 1 1 1
     677  2  22  5 1 1 1
     678  2  22  6 1 1 1
     679  2  22  7 1 1 1
     680  2  22  8 1 1 1
     681  2  22  9 1 1 1
     682  2  22  10 1 1 1
     683  2  22  11 1 1 1
     684  2  22  12 1 1 1
     685  2  22  13 1 1 1
     686  2  22  14 1 1 1
     687  2  23  1 1 1 1
     688  2  23  2 1 1 1
     689  2  23  3 1 1 1
     690  2  23  4 1 1 1
     691  2  23  5 1 1 1
     692  2  23  6 1 1 1
     693  2  23  7 1 1 1
     694  2  23  8 1 1 1
     695  2  23  9 1 1 1
     696  2  23  10 1 1 1
     697  2  23  11 1 1 1
     698  2  23  12 1 1 1
     699  2  23  13 1 1 1
     700  2  23  14 1 1 1
     701  2  24  1 1 1 1
     702  2  24  2 1 1 1
     703  2  24  3 1 1 1
     704  2  24  4 1 1 1
     705  2  24  5 1 1 1
     706  2  24  6 1 1 1
     707  2  24  7 1 1 1
     708  2  24  8 1 1 1
     709  2  24  9 1 1 1
     710  2  24  10 1 1 1
     711  2  24  11 1 1 1
     712  2  24  12 1 1 1
     713  2  24  13 1 1 1
     714  2  24  14 1 1 1
     715  2  25  1 1 1 1
     716  2  25  2 1 1 1
     717  2  25  3 1 1 1
     718  2  25  4 1 1 1
     719  2  25  5 1 1 1
     720  2  25  6 1 1 1
     721  2  25  7 1 1 1
     722  2  25  8 1 1 1
     723  2  25  9 1 1 1
     724  2  25  10 1 1 1
     725  2  25  11 1 1 1
     726  2  25  12 1 1 1
     727  2  25  13 1 1 1
     728  2  25  14 1 1 1
     729  2  26  1 1 1 1
     730  2  26  2 1 1 1
     731  2  26  3 1 1 1
     732  2  26  4 1 1 1
     733  2  26  5 1 1 1
     734  2  26  6 1 1 1
     735  2  26  7 1 1 1
     736  2  26  8 1 1 1
     737  2  26  9 1 1 1
     738  2  26  10 1 1 1
     739  2  26  11 1 1 1
     740  2  26  12 1 1 1
     741  2  26  13 1 1 1
     742  2  26  14 1 1 1
     743  2  27  1 1 1 1
     744  2  27  2 1 1 1
     745  2  27  3 1 1 1
     746  2  27  4 1 1 1
     747  2  27  5 1 1 1
     748  2  27  6 1 1 1
     749  2  27  7 1 1 1
     750  2  27  8 1 1 1
     751  2  27  9 1 1 1
     752  2  27  10 1 1 1
     753  2  27  11 1 1 1
     754  2  27  12 1 1 1
     755  2  27  13 1 1 1
     756  2  27  14 1 1 1
     757  3  1  1 1 1 1
     758  3  1  2 1 1 1
     759  3  1  3 1 1 1
     760  3  1  4 1 1 1
     761  3  1  5 1 1 1
     762  3  1  6 1 1 1
     763  3  1  7 1 1 1
     764  3  1  8 1 1 1
     765  3  1  9 1 1 1
     766  3  1  10 1 1 1
     767  3  1  11 1 1 1
     768  3  1  12 1 1 1
     769  3  1  13 1 1 1
     770  3  1  14 1 1 1
     771  3  2  1 1 1 1
     772  3  2  2 1 1 1
     773  3  2  3 1 1 1
     774  3  2  4 1 1 1
     775  3  2  5 1 1 1
     776  3  2  6 1 1 1
     777  3  2  7 1 1 1
     778  3  2  8 1 1 1
     779  3  2  9 1 1 1
     780  3  2  10 1 1 1
     781  3  2  11 1 1 1
     782  3  2  12 1 1 1
     783  3  2  13 1 1 1
     784  3  2  14 1 1 1
     785  3  3  1 1 1 1
     786  3  3  2 1 1 1
     787  3  3  3 1 1 1
     788  3  3  4 1 1 1
     789  3  3  5 1 1 1
     790  3  3  6 1 1 1
     791  3  3  7 1 1 1
     792  3  3  8 1 1 1
     793  3  3  9 1 1 1
     794  3  3  10 1 1 1
     795  3  3  11 1 1 1
     796  3  3  12 1 1 1
     797  3  3  13 1 1 1
     798  3  3  14 1 1 1
     799  3  4  1 1 1 1
     800  3  4  2 1 1 1
     801  3  4  3 1 1 1
     802  3  4  4 1 1 1
     803  3  4  5 1 1 1
     804  3  4  6 1 1 1
     805  3  4  7 1 1 1
     806  3  4  8 1 1 1
     807  3  4  9 1 1 1
     808  3  4  10 1 1 1
     809  3  4  11 1 1 1
     810  3  4  12 1 1 1
     811  3  4  13 1 1 1
     812  3  4  14 1 1 1
     813  3  5  1 1 1 1
     814  3  5  2 1 1 1
     815  3  5  3 1 1 1
     816  3  5  4 1 1 1
     817  3  5  5 1 1 1
     818  3  5  6 1 1 1
     819  3  5  7 1 1 1
     820  3  5  8 1 1 1
     821  3  5  9 1 1 1
     822  3  5  10 1 1 1
     823  3  5  11 1 1 1
     824  3  5  12 1 1 1
     825  3  5  13 1 1 1
     826  3  5  14 1 1 1
     827  3  6  1 1 1 1
     828  3  6  2 1 1 1
     829  3  6  3 1 1 1
     830  3  6  4 1 1 1
     831  3  6  5 1 1 1
     832  3  6  6 1 1 1
     833  3  6  7 1 1 1
     834  3  6  8 1 1 1
     835  3  6  9 1 1 1
     836  3  6  10 1 1 1
     837  3  6  11 1 1 1
     838  3  6  12 1 1 1
     839  3  6  13 1 1 1
     840  3  6  14 1 1 1
     841  3  7  1 1 1 1
     842  3  7  2 1 1 1
     843  3  7  3 1 1 1
     844  3  7  4 1 1 1
     845  3  7  5 1 1 1
     846  3  7  6 1 1 1
     847  3  7  7 1 1 1
     848  3  7  8 1 1 1
     849  3  7  9 1 1 1
     850  3  7  10 1 1 1
     851  3  7  11 1 1 1
     852  3  7  12 1 1 1
     853  3  7  13 1 1 1
     854  3  7  14 1 1 1
     855  3  8  1 1 1 1
     856  3  8  2 1 1 1
     857  3  8  3 1 1 1
     858  3  8  4 1 1 1
     859  3  8  5 1 1 1
     860  3  8  6 1 1 1
     861  3  8  7 1 1 1
     862  3  8  8 1 1 1
     863  3  8  9 1 1 1
     864  3  8  10 1 1 1
     865  3  8  11 1 1 1
     866  3  8  12 1 1 1
     867  3  8  13 1 1 1
     868  3  8  14 1 1 1
     869  3  9  1 1 1 1
     870  3  9  2 1 1 1
     871  3  9  3 1 1 1
     872  3  9  4 1 1 1
     873  3  9  5 1 1 1
     874  3  9  6 1 1 1
     875  3  9  7 1 1 1
     876  3  9  8 1 1 1
     877  3  9  9 1 1 1
     878  3  9  10 1 1 1
     879  3  9  11 1 1 1
     880  3  9  12 1 1 1
     881  3  9  13 1 1 1
     882  3  9  14 1 1 1
     883  3  10  1 1 1 1
     884  3  10  2 1 1 1
     885  3  10  3 1 1 1
     886  3  10  4 1 1 1
     887  3  10  5 1 1 1
     888  3  10  6 1 1 1
     889  3  10  7 1 1 1
     890  3  10  8 1 1 1
     891  3  10  9 1 1 1
     892  3  10  10 1 1 1
     893  3  10  11 1 1 1
     894  3  10  12 1 1 1
     895  3  10  13 1 1 1
     896  3  10  14 1 1 1
     897  3  11  1 1 1 1
     898  3  11  2 1 1 1
     899  3  11  3 1 1 1
     900  3  11  4 1 1 1
     901  3  11  5 1 1 1
     902  3  11  6 1 1 1
     903  3  11  7 1 1 1
     904  3  11  8 1 1 1
     905  3  11  9 1 1 1
     906  3  11  10 1 1 1
     907  3  11  11 1 1 1
     908  3  11  12 1 1 1
     909  3  11  13 1 1 1
     910  3  11  14 1 1 1
     911  3  12  1 1 1 1
     912  3  12  2 1 1 1
     913  3  12  3 1 1 1
     914  3  12  4 1 1 1
     915  3  12  5 1 1 1
     916  3  12  6 1 1 1
     917  3  12  7 1 1 1
     918  3  12  8 1 1 1
     919  3  12  9 1 1 1
     920  3  12  10 1 1 1
     921  3  12  11 1 1 1
     922  3  12  12 1 1 1
     923  3  12  13 1 1 1
     924  3  12  14 1 1 1
     925  3  13  1 1 1 1
     926  3  13  2 1 1 1
     927  3  13  3 1 1 1
     928  3  13  4 1 1 1
     929  3  13  5 1 1 1
     930  3  13  6 1 1 1
     931  3  13  7 1 1 1
     932  3  13  8 1 1 1
     933  3  13  9 1 1 1
     934  3  13  10 1 1 1
     935  3  13  11 1 1 1
     936  3  13  12 1 1 1
     937  3  13  13 1 1 1
     938  3  13  14 1 1 1
     939  3  14  1 1 1 1
     940  3  14  2 1 1 1
     941  3  14  3 1 1 1
     942  3  14  4 1 1 1
     943  3  14  5 1 1 1
     944  3  14  6 1 1 1
     945  3  14  7 1 1 1
     946  3  14  8 1 1 1
     947  3  14  9 1 1 1
     948  3  14  10 1 1 1
     949  3  14  11 1 1 1
     950  3  14  12 1 1 1
     951  3  14  13 1 1 1
     952  3  14  14 1 1 1
     953  3  15  1 1 1 1
     954  3  15  2 1 1 1
     955  3  15  3 1 1 1
     956  3  15  4 1 1 1
     957  3  15  5 1 1 1
     958  3  15  6 1 1 1
     959  3  15  7 1 1 1
     960  3  15  8 1 1 1
     961  3  15  9 1 1 1
     962  3  15  10 1 1 1
     963  3  15  11 1 1 1
     964  3  15  12 1 1 1
     965  3  15  13 1 1 1
     966  3  15  14 1 1 1
     967  3  16  1 1 1 1
     968  3  16  2 1 1 1
     969  3  16  3 1 1 1
     970  3  16  4 1 1 1
     971  3  16  5 1 1 1
     972  3  16  6 1 1 1
     973  3  16  7 1 1 1
     974  3  16  8 1 1 1
     975  3  16  9 1 1 1
     976  3  16  10 1 1 1
     977  3  16  11 1 1 1
     978  3  16  12 1 1 1
     979  3  16  13 1 1 1
     980  3  16  14 1 1 1
     981  3  17  1 1 1 1
     982  3  17  2 1 1 1
     983  3  17  3 1 1 1
     984  3  17  4 1 1 1
     985  3  17  5 1 1 1
     986  3  17  6 1 1 1
     987  3  17  7 1 1 1
     988  3  17  8 1 1 1
     989  3  17  9 1 1 1
     990  3  17  10 1 1 1
     991  3  17  11 1 1 1
     992  3  17  12 1 1 1
     993  3  17  13 1 1 1
     994  3  17  14 1 1 1
     995  3  18  1 1 1 1
     996  3  18  2 1 1 1
     997  3  18  3 1 1 1
     998  3  18  4 1 1 1
     999  3  18  5 1 1 1
     1000  3  18  6 1 1 1
     1001  3  18  7 1 1 1
     1002  3  18  8 1 1 1
     1003  3  18  9 1 1 1
     1004  3  18  10 1 1 1
     1005  3  18  11 1 1 1
     1006  3  18  12 1 1 1
     1007  3  18  13 1 1 1
     1008  3  18  14 1 1 1
     1009  3  19  1 1 1 1
     1010  3  19  2 1 1 1
     1011  3  19  3 1 1 1
     1012  3  19  4 1 1 1
     1013  3  19  5 1 1 1
     1014  3  19  6 1 1 1
     1015  3  19  7 1 1 1
     1016  3  19  8 1 1 1
     1017  3  19  9 1 1 1
     1018  3  19  10 1 1 1
     1019  3  19  11 1 1 1
     1020  3  19  12 1 1 1
     1021  3  19  13 1 1 1
     1022  3  19  14 1 1 1
     1023  3  20  1 1 1 1
     1024  3  20  2 1 1 1
     1025  3  20  3 1 1 1
     1026  3  20  4 1 1 1
     1027  3  20  5 1 1 1
     1028  3  20  6 1 1 1
     1029  3  20  7 1 1 1
     1030  3  20  8 1 1 1
     1031  3  20  9 1 1 1
     1032  3  20  10 1 1 1
     1033  3  20  11 1 1 1
     1034  3  20  12 1 1 1
     1035  3  20  13 1 1 1
     1036  3  20  14 1 1 1
     1037  3  21  1 1 1 1
     1038  3  21  2 1 1 1
     1039  3  21  3 1 1 1
     1040  3  21  4 1 1 1
     1041  3  21  5 1 1 1
     1042  3  21  6 1 1 1
     1043  3  21  7 1 1 1
     1044  3  21  8 1 1 1
     1045  3  21  9 1 1 1
     1046  3  21  10 1 1 1
     1047  3  21  11 1 1 1
     1048  3  21  12 1 1 1
     1049  3  21  13 1 1 1
     1050  3  21  14 1 1 1
     1051  3  22  1 1 1 1
     1052  3  22  2 1 1 1
     1053  3  22  3 1 1 1
     1054  3  22  4 1 1 1
     1055  3  22  5 1 1 1
     1056  3  22  6 1 1 1
     1057  3  22  7 1 1 1
     1058  3  22  8 1 1 1
     1059  3  22  9 1 1 1
     1060  3  22  10 1 1 1
     1061  3  22  11 1 1 1
     1062  3  22  12 1 1 1
     1063  3  22  13 1 1 1
     1064  3  22  14 1 1 1
     1065  3  23  1 1 1 1
     1066  3  23  2 1 1 1
     1067  3  23  3 1 1 1
     1068  3  23  4 1 1 1
     1069  3  23  5 1 1 1
     1070  3  23  6 1 1 1
     1071  3  23  7 1 1 1
     1072  3  23  8 1 1 1
     1073  3  23  9 1 1 1
     1074  3  23  10 1 1 1
     1075  3  23  11 1 1 1
     1076  3  23  12 1 1 1
     1077  3  23  13 1 1 1
     1078  3  23  14 1 1 1
     1079  3  24  1 1 1 1
     1080  3  24  2 1 1 1
     1081  3  24  3 1 1 1
     1082  3  24  4 1 1 1
     1083  3  24  5 1 1 1
     1084  3  24  6 1 1 1
     1085  3  24  7 1 1 1
     1086  3  24  8 1 1 1
     1087  3  24  9 1 1 1
     1088  3  24  10 1 1 1
     1089  3  24  11 1 1 1
     1090  3  24  12 1 1 1
     1091  3  24  13 1 1 1
     1092  3  24  14 1 1 1
     1093  3  25  1 1 1 1
     1094  3  25  2 1 1 1
     1095  3  25  3 1 1 1
     1096  3  25  4 1 1 1
     1097  3  25  5 1 1 1
     1098  3  25  6 1 1 1
     1099  3  25  7 1 1 1
     1100  3  25  8 1 1 1
     1101  3  25  9 1 1 1
     1102  3  25  10 1 1 1
     1103  3  25  11 1 1 1
     1104  3  25  12 1 1 1
     1105  3  25  13 1 1 1
     1106  3  25  14 1 1 1
     1107  3  26  1 1 1 1
     1108  3  26  2 1 1 1
     1109  3  26  3 1 1 1
     1110  3  26  4 1 1 1
     1111  3  26  5 1 1 1
     1112  3  26  6 1 1 1
     1113  3  26  7 1 1 1
     1114  3  26  8 1 1 1
     1115  3  26  9 1 1 1
     1116  3  26  10 1 1 1
     1117  3  26  11 1 1 1
     1118  3  26  12 1 1 1
     1119  3  26  13 1 1 1
     1120  3  26  14 1 1 1
     1121  3  27  1 1 1 1
     1122  3  27  2 1 1 1
     1123  3  27  3 1 1 1
     1124  3  27  4 1 1 1
     1125  3  27  5 1 1 1
     1126  3  27  6 1 1 1
     1127  3  27  7 1 1 1
     1128  3  27  8 1 1 1
     1129  3  27  9 1 1 1
     1130  3  27  10 1 1 1
     1131  3  27  11 1 1 1
     1132  3  27  12 1 1 1
     1133  3  27  13 1 1 1
     1134  3  27  14 1 1 1
     1135  4  1  1 1 1 1
     1136  4  1  2 1 1 1
     1137  4  1  3 1 1 1
     1138  4  1  4 1 1 1
     1139  4  1  5 1 1 1
     1140  4  1  6 1 1 1
     1141  4  1  7 1 1 1
     1142  4  1  8 1 1 1
     1143  4  1  9 1 1 1
     1144  4  1  10 1 1 1
     1145  4  1  11 1 1 1
     1146  4  1  12 1 1 1
     1147  4  1  13 1 1 1
     1148  4  1  14 1 1 1
     1149  4  2  1 1 1 1
     1150  4  2  2 1 1 1
     1151  4  2  3 1 1 1
     1152  4  2  4 1 1 1
     1153  4  2  5 1 1 1
     1154  4  2  6 1 1 1
     1155  4  2  7 1 1 1
     1156  4  2  8 1 1 1
     1157  4  2  9 1 1 1
     1158  4  2  10 1 1 1
     1159  4  2  11 1 1 1
     1160  4  2  12 1 1 1
     1161  4  2  13 1 1 1
     1162  4  2  14 1 1 1
     1163  4  3  1 1 1 1
     1164  4  3  2 1 1 1
     1165  4  3  3 1 1 1
     1166  4  3  4 1 1 1
     1167  4  3  5 1 1 1
     1168  4  3  6 1 1 1
     1169  4  3  7 1 1 1
     1170  4  3  8 1 1 1
     1171  4  3  9 1 1 1
     1172  4  3  10 1 1 1
     1173  4  3  11 1 1 1
     1174  4  3  12 1 1 1
     1175  4  3  13 1 1 1
     1176  4  3  14 1 1 1
     1177  4  4  1 1 1 1
     1178  4  4  2 1 1 1
     1179  4  4  3 1 1 1
     1180  4  4  4 1 1 1
     1181  4  4  5 1 1 1
     1182  4  4  6 1 1 1
     1183  4  4  7 1 1 1
     1184  4  4  8 1 1 1
     1185  4  4  9 1 1 1
     1186  4  4  10 1 1 1
     1187  4  4  11 1 1 1
     1188  4  4  12 1 1 1
     1189  4  4  13 1 1 1
     1190  4  4  14 1 1 1
     1191  4  5  1 1 1 1
     1192  4  5  2 1 1 1
     1193  4  5  3 1 1 1
     1194  4  5  4 1 1 1
     1195  4  5  5 1 1 1
     1196  4  5  6 1 1 1
     1197  4  5  7 1 1 1
     1198  4  5  8 1 1 1
     1199  4  5  9 1 1 1
     1200  4  5  10 1 1 1
     1201  4  5  11 1 1 1
     1202  4  5  12 1 1 1
     1203  4  5  13 1 1 1
     1204  4  5  14 1 1 1
     1205  4  6  1 1 1 1
     1206  4  6  2 1 1 1
     1207  4  6  3 1 1 1
     1208  4  6  4 1 1 1
     1209  4  6  5 1 1 1
     1210  4  6  6 1 1 1
     1211  4  6  7 1 1 1
     1212  4  6  8 1 1 1
     1213  4  6  9 1 1 1
     1214  4  6  10 1 1 1
     1215  4  6  11 1 1 1
     1216  4  6  12 1 1 1
     1217  4  6  13 1 1 1
     1218  4  6  14 1 1 1
     1219  4  7  1 1 1 1
     1220  4  7  2 1 1 1
     1221  4  7  3 1 1 1
     1222  4  7  4 1 1 1
     1223  4  7  5 1 1 1
     1224  4  7  6 1 1 1
     1225  4  7  7 1 1 1
     1226  4  7  8 1 1 1
     1227  4  7  9 1 1 1
     1228  4  7  10 1 1 1
     1229  4  7  11 1 1 1
     1230  4  7  12 1 1 1
     1231  4  7  13 1 1 1
     1232  4  7  14 1 1 1
     1233  4  8  1 1 1 1
     1234  4  8  2 1 1 1
     1235  4  8  3 1 1 1
     1236  4  8  4 1 1 1
     1237  4  8  5 1 1 1
     1238  4  8  6 1 1 1
     1239  4  8  7 1 1 1
     1240  4  8  8 1 1 1
     1241  4  8  9 1 1 1
     1242  4  8  10 1 1 1
     1243  4  8  11 1 1 1
     1244  4  8  12 1 1 1
     1245  4  8  13 1 1 1
     1246  4  8  14 1 1 1
     1247  4  9  1 1 1 1
     1248  4  9  2 1 1 1
     1249  4  9  3 1 1 1
     1250  4  9  4 1 1 1
     1251  4  9  5 1 1 1
     1252  4  9  6 1 1 1
     1253  4  9  7 1 1 1
     1254  4  9  8 1 1 1
     1255  4  9  9 1 1 1
     1256  4  9  10 1 1 1
     1257  4  9  11 1 1 1
     1258  4  9  12 1 1 1
     1259  4  9  13 1 1 1
     1260  4  9  14 1 1 1
     1261  4  10  1 1 1 1
     1262  4  10  2 1 1 1
     1263  4  10  3 1 1 1
     1264  4  10  4 1 1 1
     1265  4  10  5 1 1 1
     1266  4  10  6 1 1 1
     1267  4  10  7 1 1 1
     1268  4  10  8 1 1 1
     1269  4  10  9 1 1 1
     1270  4  10  10 1 1 1
     1271  4  10  11 1 1 1
     1272  4  10  12 1 1 1
     1273  4  10  13 1 1 1
     1274  4  10  14 1 1 1
     1275  4  11  1 1 1 1
     1276  4  11  2 1 1 1
     1277  4  11  3 1 1 1
     1278  4  11  4 1 1 1
     1279  4  11  5 1 1 1
     1280  4  11  6 1 1 1
     1281  4  11  7 1 1 1
     1282  4  11  8 1 1 1
     1283  4  11  9 1 1 1
     1284  4  11  10 1 1 1
     1285  4  11  11 1 1 1
     1286  4  11  12 1 1 1
     1287  4  11  13 1 1 1
     1288  4  11  14 1 1 1
     1289  4  12  1 1 1 1
     1290  4  12  2 1 1 1
     1291  4  12  3 1 1 1
     1292  4  12  4 1 1 1
     1293  4  12  5 1 1 1
     1294  4  12  6 1 1 1
     1295  4  12  7 1 1 1
     1296  4  12  8 1 1 1
     1297  4  12  9 1 1 1
     1298  4  12  10 1 1 1
     1299  4  12  11 1 1 1
     1300  4  12  12 1 1 1
     1301  4  12  13 1 1 1
     1302  4  12  14 1 1 1
     1303  4  13  1 1 1 1
     1304  4  13  2 1 1 1
     1305  4  13  3 1 1 1
     1306  4  13  4 1 1 1
     1307  4  13  5 1 1 1
     1308  4  13  6 1 1 1
     1309  4  13  7 1 1 1
     1310  4  13  8 1 1 1
     1311  4  13  9 1 1 1
     1312  4  13  10 1 1 1
     1313  4  13  11 1 1 1
     1314  4  13  12 1 1 1
     1315  4  13  13 1 1 1
     1316  4  13  14 1 1 1
     1317  4  14  1 1 1 1
     1318  4  14  2 1 1 1
     1319  4  14  3 1 1 1
     1320  4  14  4 1 1 1
     1321  4  14  5 1 1 1
     1322  4  14  6 1 1 1
     1323  4  14  7 1 1 1
     1324  4  14  8 1 1 1
     1325  4  14  9 1 1 1
     1326  4  14  10 1 1 1
     1327  4  14  11 1 1 1
     1328  4  14  12 1 1 1
     1329  4  14  13 1 1 1
     1330  4  14  14 1 1 1
     1331  4  15  1 1 1 1
     1332  4  15  2 1 1 1
     1333  4  15  3 1 1 1
     1334  4  15  4 1 1 1
     1335  4  15  5 1 1 1
     1336  4  15  6 1 1 1
     1337  4  15  7 1 1 1
     1338  4  15  8 1 1 1
     1339  4  15  9 1 1 1
     1340  4  15  10 1 1 1
     1341  4  15  11 1 1 1
     1342  4  15  12 1 1 1
     1343  4  15  13 1 1 1
     1344  4  15  14 1 1 1
     1345  4  16  1 1 1 1
     1346  4  16  2 1 1 1
     1347  4  16  3 1 1 1
     1348  4  16  4 1 1 1
     1349  4  16  5 1 1 1
     1350  4  16  6 1 1 1
     1351  4  16  7 1 1 1
     1352  4  16  8 1 1 1
     1353  4  16  9 1 1 1
     1354  4  16  10 1 1 1
     1355  4  16  11 1 1 1
     1356  4  16  12 1 1 1
     1357  4  16  13 1 1 1
     1358  4  16  14 1 1 1
     1359  4  17  1 1 1 1
     1360  4  17  2 1 1 1
     1361  4  17  3 1 1 1
     1362  4  17  4 1 1 1
     1363  4  17  5 1 1 1
     1364  4  17  6 1 1 1
     1365  4  17  7 1 1 1
     1366  4  17  8 1 1 1
     1367  4  17  9 1 1 1
     1368  4  17  10 1 1 1
     1369  4  17  11 1 1 1
     1370  4  17  12 1 1 1
     1371  4  17  13 1 1 1
     1372  4  17  14 1 1 1
     1373  4  18  1 1 1 1
     1374  4  18  2 1 1 1
     1375  4  18  3 1 1 1
     1376  4  18  4 1 1 1
     1377  4  18  5 1 1 1
     1378  4  18  6 1 1 1
     1379  4  18  7 1 1 1
     1380  4  18  8 1 1 1
     1381  4  18  9 1 1 1
     1382  4  18  10 1 1 1
     1383  4  18  11 1 1 1
     1384  4  18  12 1 1 1
     1385  4  18  13 1 1 1
     1386  4  18  14 1 1 1
     1387  4  19  1 1 1 1
     1388  4  19  2 1 1 1
     1389  4  19  3 1 1 1
     1390  4  19  4 1 1 1
     1391  4  19  5 1 1 1
     1392  4  19  6 1 1 1
     1393  4  19  7 1 1 1
     1394  4  19  8 1 1 1
     1395  4  19  9 1 1 1
     1396  4  19  10 1 1 1
     1397  4  19  11 1 1 1
     1398  4  19  12 1 1 1
     1399  4  19  13 1 1 1
     1400  4  19  14 1 1 1
     1401  4  20  1 1 1 1
     1402  4  20  2 1 1 1
     1403  4  20  3 1 1 1
     1404  4  20  4 1 1 1
     1405  4  20  5 1 1 1
     1406  4  20  6 1 1 1
     1407  4  20  7 1 1 1
     1408  4  20  8 1 1 1
     1409  4  20  9 1 1 1
     1410  4  20  10 1 1 1
     1411  4  20  11 1 1 1
     1412  4  20  12 1 1 1
     1413  4  20  13 1 1 1
     1414  4  20  14 1 1 1
     1415  4  21  1 1 1 1
     1416  4  21  2 1 1 1
     1417  4  21  3 1 1 1
     1418  4  21  4 1 1 1
     1419  4  21  5 1 1 1
     1420  4  21  6 1 1 1
     1421  4  21  7 1 1 1
     1422  4  21  8 1 1 1
     1423  4  21  9 1 1 1
     1424  4  21  10 1 1 1
     1425  4  21  11 1 1 1
     1426  4  21  12 1 1 1
     1427  4  21  13 1 1 1
     1428  4  21  14 1 1 1
     1429  4  22  1 1 1 1
     1430  4  22  2 1 1 1
     1431  4  22  3 1 1 1
     1432  4  22  4 1 1 1
     1433  4  22  5 1 1 1
     1434  4  22  6 1 1 1
     1435  4  22  7 1 1 1
     1436  4  22  8 1 1 1
     1437  4  22  9 1 1 1
     1438  4  22  10 1 1 1
     1439  4  22  11 1 1 1
     1440  4  22  12 1 1 1
     1441  4  22  13 1 1 1
     1442  4  22  14 1 1 1
     1443  4  23  1 1 1 1
     1444  4  23  2 1 1 1
     1445  4  23  3 1 1 1
     1446  4  23  4 1 1 1
     1447  4  23  5 1 1 1
     1448  4  23  6 1 1 1
     1449  4  23  7 1 1 1
     1450  4  23  8 1 1 1
     1451  4  23  9 1 1 1
     1452  4  23  10 1 1 1
     1453  4  23  11 1 1 1
     1454  4  23  12 1 1 1
     1455  4  23  13 1 1 1
     1456  4  23  14 1 1 1
     1457  4  24  1 1 1 1
     1458  4  24  2 1 1 1
     1459  4  24  3 1 1 1
     1460  4  24  4 1 1 1
     1461  4  24  5 1 1 1
     1462  4  24  6 1 1 1
     1463  4  24  7 1 1 1
     1464  4  24  8 1 1 1
     1465  4  24  9 1 1 1
     1466  4  24  10 1 1 1
     1467  4  24  11 1 1 1
     1468  4  24  12 1 1 1
     1469  4  24  13 1 1 1
     1470  4  24  14 1 1 1
     1471  4  25  1 1 1 1
     1472  4  25  2 1 1 1
     1473  4  25  3 1 1 1
     1474  4  25  4 1 1 1
     1475  4  25  5 1 1 1
     1476  4  25  6 1 1 1
     1477  4  25  7 1 1 1
     1478  4  25  8 1 1 1
     1479  4  25  9 1 1 1
     1480  4  25  10 1 1 1
     1481  4  25  11 1 1 1
     1482  4  25  12 1 1 1
     1483  4  25  13 1 1 1
     1484  4  25  14 1 1 1
     1485  4  26  1 1 1 1
     1486  4  26  2 1 1 1
     1487  4  26  3 1 1 1
     1488  4  26  4 1 1 1
     1489  4  26  5 1 1 1
     1490  4  26  6 1 1 1
     1491  4  26  7 1 1 1
     1492  4  26  8 1 1 1
     1493  4  26  9 1 1 1
     1494  4  26  10 1 1 1
     1495  4  26  11 1 1 1
     1496  4  26  12 1 1 1
     1497  4  26  13 1 1 1
     1498  4  26  14 1 1 1
     1499  4  27  1 1 1 1
     1500  4  27  2 1 1 1
     1501  4  27  3 1 1 1
     1502  4  27  4 1 1 1
     1503  4  27  5 1 1 1
     1504  4  27  6 1 1 1
     1505  4  27  7 1 1 1
     1506  4  27  8 1 1 1
     1507  4  27  9 1 1 1
     1508  4  27  10 1 1 1
     1509  4  27  11 1 1 1
     1510  4  27  12 1 1 1
     1511  4  27  13 1 1 1
     1512  4  27  14 1 1 1
     1513  5  1  1 1 1 1
     1514  5  1  2 1 1 1
     1515  5  1  3 1 1 1
     1516  5  1  4 1 1 1
     1517  5  1  5 1 1 1
     1518  5  1  6 1 1 1
     1519  5  1  7 1 1 1
     1520  5  1  8 1 1 1
     1521  5  1  9 1 1 1
     1522  5  1  10 1 1 1
     1523  5  1  11 1 1 1
     1524  5  1  12 1 1 1
     1525  5  1  13 1 1 1
     1526  5  1  14 1 1 1
     1527  5  2  1 1 1 1
     1528  5  2  2 1 1 1
     1529  5  2  3 1 1 1
     1530  5  2  4 1 1 1
     1531  5  2  5 1 1 1
     1532  5  2  6 1 1 1
     1533  5  2  7 1 1 1
     1534  5  2  8 1 1 1
     1535  5  2  9 1 1 1
     1536  5  2  10 1 1 1
     1537  5  2  11 1 1 1
     1538  5  2  12 1 1 1
     1539  5  2  13 1 1 1
     1540  5  2  14 1 1 1
     1541  5  3  1 1 1 1
     1542  5  3  2 1 1 1
     1543  5  3  3 1 1 1
     1544  5  3  4 1 1 1
     1545  5  3  5 1 1 1
     1546  5  3  6 1 1 1
     1547  5  3  7 1 1 1
     1548  5  3  8 1 1 1
     1549  5  3  9 1 1 1
     1550  5  3  10 1 1 1
     1551  5  3  11 1 1 1
     1552  5  3  12 1 1 1
     1553  5  3  13 1 1 1
     1554  5  3  14 1 1 1
     1555  5  4  1 1 1 1
     1556  5  4  2 1 1 1
     1557  5  4  3 1 1 1
     1558  5  4  4 1 1 1
     1559  5  4  5 1 1 1
     1560  5  4  6 1 1 1
     1561  5  4  7 1 1 1
     1562  5  4  8 1 1 1
     1563  5  4  9 1 1 1
     1564  5  4  10 1 1 1
     1565  5  4  11 1 1 1
     1566  5  4  12 1 1 1
     1567  5  4  13 1 1 1
     1568  5  4  14 1 1 1
     1569  5  5  1 1 1 1
     1570  5  5  2 1 1 1
     1571  5  5  3 1 1 1
     1572  5  5  4 1 1 1
     1573  5  5  5 1 1 1
     1574  5  5  6 1 1 1
     1575  5  5  7 1 1 1
     1576  5  5  8 1 1 1
     1577  5  5  9 1 1 1
     1578  5  5  10 1 1 1
     1579  5  5  11 1 1 1
     1580  5  5  12 1 1 1
     1581  5  5  13 1 1 1
     1582  5  5  14 1 1 1
     1583  5  6  1 1 1 1
     1584  5  6  2 1 1 1
     1585  5  6  3 1 1 1
     1586  5  6  4 1 1 1
     1587  5  6  5 1 1 1
     1588  5  6  6 1 1 1
     1589  5  6  7 1 1 1
     1590  5  6  8 1 1 1
     1591  5  6  9 1 1 1
     1592  5  6  10 1 1 1
     1593  5  6  11 1 1 1
     1594  5  6  12 1 1 1
     1595  5  6  13 1 1 1
     1596  5  6  14 1 1 1
     1597  5  7  1 1 1 1
     1598  5  7  2 1 1 1
     1599  5  7  3 1 1 1
     1600  5  7  4 1 1 1
     1601  5  7  5 1 1 1
     1602  5  7  6 1 1 1
     1603  5  7  7 1 1 1
     1604  5  7  8 1 1 1
     1605  5  7  9 1 1 1
     1606  5  7  10 1 1 1
     1607  5  7  11 1 1 1
     1608  5  7  12 1 1 1
     1609  5  7  13 1 1 1
     1610  5  7  14 1 1 1
     1611  5  8  1 1 1 1
     1612  5  8  2 1 1 1
     1613  5  8  3 1 1 1
     1614  5  8  4 1 1 1
     1615  5  8  5 1 1 1
     1616  5  8  6 1 1 1
     1617  5  8  7 1 1 1
     1618  5  8  8 1 1 1
     1619  5  8  9 1 1 1
     1620  5  8  10 1 1 1
     1621  5  8  11 1 1 1
     1622  5  8  12 1 1 1
     1623  5  8  13 1 1 1
     1624  5  8  14 1 1 1
     1625  5  9  1 1 1 1
     1626  5  9  2 1 1 1
     1627  5  9  3 1 1 1
     1628  5  9  4 1 1 1
     1629  5  9  5 1 1 1
     1630  5  9  6 1 1 1
     1631  5  9  7 1 1 1
     1632  5  9  8 1 1 1
     1633  5  9  9 1 1 1
     1634  5  9  10 1 1 1
     1635  5  9  11 1 1 1
     1636  5  9  12 1 1 1
     1637  5  9  13 1 1 1
     1638  5  9  14 1 1 1
     1639  5  10  1 1 1 1
     1640  5  10  2 1 1 1
     1641  5  10  3 1 1 1
     1642  5  10  4 1 1 1
     1643  5  10  5 1 1 1
     1644  5  10  6 1 1 1
     1645  5  10  7 1 1 1
     1646  5  10  8 1 1 1
     1647  5  10  9 1 1 1
     1648  5  10  10 1 1 1
     1649  5  10  11 1 1 1
     1650  5  10  12 1 1 1
     1651  5  10  13 1 1 1
     1652  5  10  14 1 1 1
     1653  5  11  1 1 1 1
     1654  5  11  2 1 1 1
     1655  5  11  3 1 1 1
     1656  5  11  4 1 1 1
     1657  5  11  5 1 1 1
     1658  5  11  6 1 1 1
     1659  5  11  7 1 1 1
     1660  5  11  8 1 1 1
     1661  5  11  9 1 1 1
     1662  5  11  10 1 1 1
     1663  5  11  11 1 1 1
     1664  5  11  12 1 1 1
     1665  5  11  13 1 1 1
     1666  5  11  14 1 1 1
     1667  5  12  1 1 1 1
     1668  5  12  2 1 1 1
     1669  5  12  3 1 1 1
     1670  5  12  4 1 1 1
     1671  5  12  5 1 1 1
     1672  5  12  6 1 1 1
     1673  5  12  7 1 1 1
     1674  5  12  8 1 1 1
     1675  5  12  9 1 1 1
     1676  5  12  10 1 1 1
     1677  5  12  11 1 1 1
     1678  5  12  12 1 1 1
     1679  5  12  13 1 1 1
     1680  5  12  14 1 1 1
     1681  5  13  1 1 1 1
     1682  5  13  2 1 1 1
     1683  5  13  3 1 1 1
     1684  5  13  4 1 1 1
     1685  5  13  5 1 1 1
     1686  5  13  6 1 1 1
     1687  5  13  7 1 1 1
     1688  5  13  8 1 1 1
     1689  5  13  9 1 1 1
     1690  5  13  10 1 1 1
     1691  5  13  11 1 1 1
     1692  5  13  12 1 1 1
     1693  5  13  13 1 1 1
     1694  5  13  14 1 1 1
     1695  5  14  1 1 1 1
     1696  5  14  2 1 1 1
     1697  5  14  3 1 1 1
     1698  5  14  4 1 1 1
     1699  5  14  5 1 1 1
     1700  5  14  6 1 1 1
     1701  5  14  7 1 1 1
     1702  5  14  8 1 1 1
     1703  5  14  9 1 1 1
     1704  5  14  10 1 1 1
     1705  5  14  11 1 1 1
     1706  5  14  12 1 1 1
     1707  5  14  13 1 1 1
     1708  5  14  14 1 1 1
     1709  5  15  1 1 1 1
     1710  5  15  2 1 1 1
     1711  5  15  3 1 1 1
     1712  5  15  4 1 1 1
     1713  5  15  5 1 1 1
     1714  5  15  6 1 1 1
     1715  5  15  7 1 1 1
     1716  5  15  8 1 1 1
     1717  5  15  9 1 1 1
     1718  5  15  10 1 1 1
     1719  5  15  11 1 1 1
     1720  5  15  12 1 1 1
     1721  5  15  13 1 1 1
     1722  5  15  14 1 1 1
     1723  5  16  1 1 1 1
     1724  5  16  2 1 1 1
     1725  5  16  3 1 1 1
     1726  5  16  4 1 1 1
     1727  5  16  5 1 1 1
     1728  5  16  6 1 1 1
     1729  5  16  7 1 1 1
     1730  5  16  8 1 1 1
     1731  5  16  9 1 1 1
     1732  5  16  10 1 1 1
     1733  5  16  11 1 1 1
     1734  5  16  12 1 1 1
     1735  5  16  13 1 1 1
     1736  5  16  14 1 1 1
     1737  5  17  1 1 1 1
     1738  5  17  2 1 1 1
     1739  5  17  3 1 1 1
     1740  5  17  4 1 1 1
     1741  5  17  5 1 1 1
     1742  5  17  6 1 1 1
     1743  5  17  7 1 1 1
     1744  5  17  8 1 1 1
     1745  5  17  9 1 1 1
     1746  5  17  10 1 1 1
     1747  5  17  11 1 1 1
     1748  5  17  12 1 1 1
     1749  5  17  13 1 1 1
     1750  5  17  14 1 1 1
     1751  5  18  1 1 1 1
     1752  5  18  2 1 1 1
     1753  5  18  3 1 1 1
     1754  5  18  4 1 1 1
     1755  5  18  5 1 1 1
     1756  5  18  6 1 1 1
     1757  5  18  7 1 1 1
     1758  5  18  8 1 1 1
     1759  5  18  9 1 1 1
     1760  5  18  10 1 1 1
     1761  5  18  11 1 1 1
     1762  5  18  12 1 1 1
     1763  5  18  13 1 1 1
     1764  5  18  14 1 1 1
     1765  5  19  1 1 1 1
     1766  5  19  2 1 1 1
     1767  5  19  3 1 1 1
     1768  5  19  4 1 1 1
     1769  5  19  5 1 1 1
     1770  5  19  6 1 1 1
     1771  5  19  7 1 1 1
     1772  5  19  8 1 1 1
     1773  5  19  9 1 1 1
     1774  5  19  10 1 1 1
     1775  5  19  11 1 1 1
     1776  5  19  12 1 1 1
     1777  5  19  13 1 1 1
     1778  5  19  14 1 1 1
     1779  5  20  1 1 1 1
     1780  5  20  2 1 1 1
     1781  5  20  3 1 1 1
     1782  5  20  4 1 1 1
     1783  5  20  5 1 1 1
     1784  5  20  6 1 1 1
     1785  5  20  7 1 1 1
     1786  5  20  8 1 1 1
     1787  5  20  9 1 1 1
     1788  5  20  10 1 1 1
     1789  5  20  11 1 1 1
     1790  5  20  12 1 1 1
     1791  5  20  13 1 1 1
     1792  5  20  14 1 1 1
     1793  5  21  1 1 1 1
     1794  5  21  2 1 1 1
     1795  5  21  3 1 1 1
     1796  5  21  4 1 1 1
     1797  5  21  5 1 1 1
     1798  5  21  6 1 1 1
     1799  5  21  7 1 1 1
     1800  5  21  8 1 1 1
     1801  5  21  9 1 1 1
     1802  5  21  10 1 1 1
     1803  5  21  11 1 1 1
     1804  5  21  12 1 1 1
     1805  5  21  13 1 1 1
     1806  5  21  14 1 1 1
     1807  5  22  1 1 1 1
     1808  5  22  2 1 1 1
     1809  5  22  3 1 1 1
     1810  5  22  4 1 1 1
     1811  5  22  5 1 1 1
     1812  5  22  6 1 1 1
     1813  5  22  7 1 1 1
     1814  5  22  8 1 1 1
     1815  5  22  9 1 1 1
     1816  5  22  10 1 1 1
     1817  5  22  11 1 1 1
     1818  5  22  12 1 1 1
     1819  5  22  13 1 1 1
     1820  5  22  14 1 1 1
     1821  5  23  1 1 1 1
     1822  5  23  2 1 1 1
     1823  5  23  3 1 1 1
     1824  5  23  4 1 1 1
     1825  5  23  5 1 1 1
     1826  5  23  6 1 1 1
     1827  5  23  7 1 1 1
     1828  5  23  8 1 1 1
     1829  5  23  9 1 1 1
     1830  5  23  10 1 1 1
     1831  5  23  11 1 1 1
     1832  5  23  12 1 1 1
     1833  5  23  13 1 1 1
     1834  5  23  14 1 1 1
     1835  5  24  1 1 1 1
     1836  5  24  2 1 1 1
     1837  5  24  3 1 1 1
     1838  5  24  4 1 1 1
     1839  5  24  5 1 1 1
     1840  5  24  6 1 1 1
     1841  5  24  7 1 1 1
     1842  5  24  8 1 1 1
     1843  5  24  9 1 1 1
     1844  5  24  10 1 1 1
     1845  5  24  11 1 1 1
     1846  5  24  12 1 1 1
     1847  5  24  13 1 1 1
     1848  5  24  14 1 1 1
     1849  5  25  1 1 1 1
     1850  5  25  2 1 1 1
     1851  5  25  3 1 1 1
     1852  5  25  4 1 1 1
     1853  5  25  5 1 1 1
     1854  5  25  6 1 1 1
     1855  5  25  7 1 1 1
     1856  5  25  8 1 1 1
     1857  5  25  9 1 1 1
     1858  5  25  10 1 1 1
     1859  5  25  11 1 1 1
     1860  5  25  12 1 1 1
     1861  5  25  13 1 1 1
     1862  5  25  14 1 1 1
     1863  5  26  1 1 1 1
     1864  5  26  2 1 1 1
     1865  5  26  3 1 1 1
     1866  5  26  4 1 1 1
     1867  5  26  5 1 1 1
     1868  5  26  6 1 1 1
     1869  5  26  7 1 1 1
     1870  5  26  8 1 1 1
     1871  5  26  9 1 1 1
     1872  5  26  10 1 1 1
     1873  5  26  11 1 1 1
     1874  5  26  12 1 1 1
     1875  5  26  13 1 1 1
     1876  5  26  14 1 1 1
     1877  5  27  1 1 1 1
     1878  5  27  2 1 1 1
     1879  5  27  3 1 1 1
     1880  5  27  4 1 1 1
     1881  5  27  5 1 1 1
     1882  5  27  6 1 1 1
     1883  5  27  7 1 1 1
     1884  5  27  8 1 1 1
     1885  5  27  9 1 1 1
     1886  5  27  10 1 1 1
     1887  5  27  11 1 1 1
     1888  5  27  12 1 1 1
     1889  5  27  13 1 1 1
     1890  5  27  14 1 1 1
     1891  6  1  1 1 1 1
     1892  6  1  2 1 1 1
     1893  6  1  3 1 1 1
     1894  6  1  4 1 1 1
     1895  6  1  5 1 1 1
     1896  6  1  6 1 1 1
     1897  6  1  7 1 1 1
     1898  6  1  8 1 1 1
     1899  6  1  9 1 1 1
     1900  6  1  10 1 1 1
     1901  6  1  11 1 1 1
     1902  6  1  12 1 1 1
     1903  6  1  13 1 1 1
     1904  6  1  14 1 1 1
     1905  6  2  1 1 1 1
     1906  6  2  2 1 1 1
     1907  6  2  3 1 1 1
     1908  6  2  4 1 1 1
     1909  6  2  5 1 1 1
     1910  6  2  6 1 1 1
     1911  6  2  7 1 1 1
     1912  6  2  8 1 1 1
     1913  6  2  9 1 1 1
     1914  6  2  10 1 1 1
     1915  6  2  11 1 1 1
     1916  6  2  12 1 1 1
     1917  6  2  13 1 1 1
     1918  6  2  14 1 1 1
     1919  6  3  1 1 1 1
     1920  6  3  2 1 1 1
     1921  6  3  3 1 1 1
     1922  6  3  4 1 1 1
     1923  6  3  5 1 1 1
     1924  6  3  6 1 1 1
     1925  6  3  7 1 1 1
     1926  6  3  8 1 1 1
     1927  6  3  9 1 1 1
     1928  6  3  10 1 1 1
     1929  6  3  11 1 1 1
     1930  6  3  12 1 1 1
     1931  6  3  13 1 1 1
     1932  6  3  14 1 1 1
     1933  6  4  1 1 1 1
     1934  6  4  2 1 1 1
     1935  6  4  3 1 1 1
     1936  6  4  4 1 1 1
     1937  6  4  5 1 1 1
     1938  6  4  6 1 1 1
     1939  6  4  7 1 1 1
     1940  6  4  8 1 1 1
     1941  6  4  9 1 1 1
     1942  6  4  10 1 1 1
     1943  6  4  11 1 1 1
     1944  6  4  12 1 1 1
     1945  6  4  13 1 1 1
     1946  6  4  14 1 1 1
     1947  6  5  1 1 1 1
     1948  6  5  2 1 1 1
     1949  6  5  3 1 1 1
     1950  6  5  4 1 1 1
     1951  6  5  5 1 1 1
     1952  6  5  6 1 1 1
     1953  6  5  7 1 1 1
     1954  6  5  8 1 1 1
     1955  6  5  9 1 1 1
     1956  6  5  10 1 1 1
     1957  6  5  11 1 1 1
     1958  6  5  12 1 1 1
     1959  6  5  13 1 1 1
     1960  6  5  14 1 1 1
     1961  6  6  1 1 1 1
     1962  6  6  2 1 1 1
     1963  6  6  3 1 1 1
     1964  6  6  4 1 1 1
     1965  6  6  5 1 1 1
     1966  6  6  6 1 1 1
     1967  6  6  7 1 1 1
     1968  6  6  8 1 1 1
     1969  6  6  9 1 1 1
     1970  6  6  10 1 1 1
     1971  6  6  11 1 1 1
     1972  6  6  12 1 1 1
     1973  6  6  13 1 1 1
     1974  6  6  14 1 1 1
     1975  6  7  1 1 1 1
     1976  6  7  2 1 1 1
     1977  6  7  3 1 1 1
     1978  6  7  4 1 1 1
     1979  6  7  5 1 1 1
     1980  6  7  6 1 1 1
     1981  6  7  7 1 1 1
     1982  6  7  8 1 1 1
     1983  6  7  9 1 1 1
     1984  6  7  10 1 1 1
     1985  6  7  11 1 1 1
     1986  6  7  12 1 1 1
     1987  6  7  13 1 1 1
     1988  6  7  14 1 1 1
     1989  6  8  1 1 1 1
     1990  6  8  2 1 1 1
     1991  6  8  3 1 1 1
     1992  6  8  4 1 1 1
     1993  6  8  5 1 1 1
     1994  6  8  6 1 1 1
     1995  6  8  7 1 1 1
     1996  6  8  8 1 1 1
     1997  6  8  9 1 1 1
     1998  6  8  10 1 1 1
     1999  6  8  11 1 1 1
     2000  6  8  12 1 1 1
     2001  6  8  13 1 1 1
     2002  6  8  14 1 1 1
     2003  6  9  1 1 1 1
     2004  6  9  2 1 1 1
     2005  6  9  3 1 1 1
     2006  6  9  4 1 1 1
     2007  6  9  5 1 1 1
     2008  6  9  6 1 1 1
     2009  6  9  7 1 1 1
     2010  6  9  8 1 1 1
     2011  6  9  9 1 1 1
     2012  6  9  10 1 1 1
     2013  6  9  11 1 1 1
     2014  6  9  12 1 1 1
     2015  6  9  13 1 1 1
     2016  6  9  14 1 1 1
     2017  6  10  1 1 1 1
     2018  6  10  2 1 1 1
     2019  6  10  3 1 1 1
     2020  6  10  4 1 1 1
     2021  6  10  5 1 1 1
     2022  6  10  6 1 1 1
     2023  6  10  7 1 1 1
     2024  6  10  8 1 1 1
     2025  6  10  9 1 1 1
     2026  6  10  10 1 1 1
     2027  6  10  11 1 1 1
     2028  6  10  12 1 1 1
     2029  6  10  13 1 1 1
     2030  6  10  14 1 1 1
     2031  6  11  1 1 1 1
     2032  6  11  2 1 1 1
     2033  6  11  3 1 1 1
     2034  6  11  4 1 1 1
     2035  6  11  5 1 1 1
     2036  6  11  6 1 1 1
     2037  6  11  7 1 1 1
     2038  6  11  8 1 1 1
     2039  6  11  9 1 1 1
     2040  6  11  10 1 1 1
     2041  6  11  11 1 1 1
     2042  6  11  12 1 1 1
     2043  6  11  13 1 1 1
     2044  6  11  14 1 1 1
     2045  6  12  1 1 1 1
     2046  6  12  2 1 1 1
     2047  6  12  3 1 1 1
     2048  6  12  4 1 1 1
     2049  6  12  5 1 1 1
     2050  6  12  6 1 1 1
     2051  6  12  7 1 1 1
     2052  6  12  8 1 1 1
     2053  6  12  9 1 1 1
     2054  6  12  10 1 1 1
     2055  6  12  11 1 1 1
     2056  6  12  12 1 1 1
     2057  6  12  13 1 1 1
     2058  6  12  14 1 1 1
     2059  6  13  1 1 1 1
     2060  6  13  2 1 1 1
     2061  6  13  3 1 1 1
     2062  6  13  4 1 1 1
     2063  6  13  5 1 1 1
     2064  6  13  6 1 1 1
     2065  6  13  7 1 1 1
     2066  6  13  8 1 1 1
     2067  6  13  9 1 1 1
     2068  6  13  10 1 1 1
     2069  6  13  11 1 1 1
     2070  6  13  12 1 1 1
     2071  6  13  13 1 1 1
     2072  6  13  14 1 1 1
     2073  6  14  1 1 1 1
     2074  6  14  2 1 1 1
     2075  6  14  3 1 1 1
     2076  6  14  4 1 1 1
     2077  6  14  5 1 1 1
     2078  6  14  6 1 1 1
     2079  6  14  7 1 1 1
     2080  6  14  8 1 1 1
     2081  6  14  9 1 1 1
     2082  6  14  10 1 1 1
     2083  6  14  11 1 1 1
     2084  6  14  12 1 1 1
     2085  6  14  13 1 1 1
     2086  6  14  14 1 1 1
     2087  6  15  1 1 1 1
     2088  6  15  2 1 1 1
     2089  6  15  3 1 1 1
     2090  6  15  4 1 1 1
     2091  6  15  5 1 1 1
     2092  6  15  6 1 1 1
     2093  6  15  7 1 1 1
     2094  6  15  8 1 1 1
     2095  6  15  9 1 1 1
     2096  6  15  10 1 1 1
     2097  6  15  11 1 1 1
     2098  6  15  12 1 1 1
     2099  6  15  13 1 1 1
     2100  6  15  14 1 1 1
     2101  6  16  1 1 1 1
     2102  6  16  2 1 1 1
     2103  6  16  3 1 1 1
     2104  6  16  4 1 1 1
     2105  6  16  5 1 1 1
     2106  6  16  6 1 1 1
     2107  6  16  7 1 1 1
     2108  6  16  8 1 1 1
     2109  6  16  9 1 1 1
     2110  6  16  10 1 1 1
     2111  6  16  11 1 1 1
     2112  6  16  12 1 1 1
     2113  6  16  13 1 1 1
     2114  6  16  14 1 1 1
     2115  6  17  1 1 1 1
     2116  6  17  2 1 1 1
     2117  6  17  3 1 1 1
     2118  6  17  4 1 1 1
     2119  6  17  5 1 1 1
     2120  6  17  6 1 1 1
     2121  6  17  7 1 1 1
     2122  6  17  8 1 1 1
     2123  6  17  9 1 1 1
     2124  6  17  10 1 1 1
     2125  6  17  11 1 1 1
     2126  6  17  12 1 1 1
     2127  6  17  13 1 1 1
     2128  6  17  14 1 1 1
     2129  6  18  1 1 1 1
     2130  6  18  2 1 1 1
     2131  6  18  3 1 1 1
     2132  6  18  4 1 1 1
     2133  6  18  5 1 1 1
     2134  6  18  6 1 1 1
     2135  6  18  7 1 1 1
     2136  6  18  8 1 1 1
     2137  6  18  9 1 1 1
     2138  6  18  10 1 1 1
     2139  6  18  11 1 1 1
     2140  6  18  12 1 1 1
     2141  6  18  13 1 1 1
     2142  6  18  14 1 1 1
     2143  6  19  1 1 1 1
     2144  6  19  2 1 1 1
     2145  6  19  3 1 1 1
     2146  6  19  4 1 1 1
     2147  6  19  5 1 1 1
     2148  6  19  6 1 1 1
     2149  6  19  7 1 1 1
     2150  6  19  8 1 1 1
     2151  6  19  9 1 1 1
     2152  6  19  10 1 1 1
     2153  6  19  11 1 1 1
     2154  6  19  12 1 1 1
     2155  6  19  13 1 1 1
     2156  6  19  14 1 1 1
     2157  6  20  1 1 1 1
     2158  6  20  2 1 1 1
     2159  6  20  3 1 1 1
     2160  6  20  4 1 1 1
     2161  6  20  5 1 1 1
     2162  6  20  6 1 1 1
     2163  6  20  7 1 1 1
     2164  6  20  8 1 1 1
     2165  6  20  9 1 1 1
     2166  6  20  10 1 1 1
     2167  6  20  11 1 1 1
     2168  6  20  12 1 1 1
     2169  6  20  13 1 1 1
     2170  6  20  14 1 1 1
     2171  6  21  1 1 1 1
     2172  6  21  2 1 1 1
     2173  6  21  3 1 1 1
     2174  6  21  4 1 1 1
     2175  6  21  5 1 1 1
     2176  6  21  6 1 1 1
     2177  6  21  7 1 1 1
     2178  6  21  8 1 1 1
     2179  6  21  9 1 1 1
     2180  6  21  10 1 1 1
     2181  6  21  11 1 1 1
     2182  6  21  12 1 1 1
     2183  6  21  13 1 1 1
     2184  6  21  14 1 1 1
     2185  6  22  1 1 1 1
     2186  6  22  2 1 1 1
     2187  6  22  3 1 1 1
     2188  6  22  4 1 1 1
     2189  6  22  5 1 1 1
     2190  6  22  6 1 1 1
     2191  6  22  7 1 1 1
     2192  6  22  8 1 1 1
     2193  6  22  9 1 1 1
     2194  6  22  10 1 1 1
     2195  6  22  11 1 1 1
     2196  6  22  12 1 1 1
     2197  6  22  13 1 1 1
     2198  6  22  14 1 1 1
     2199  6  23  1 1 1 1
     2200  6  23  2 1 1 1
     2201  6  23  3 1 1 1
     2202  6  23  4 1 1 1
     2203  6  23  5 1 1 1
     2204  6  23  6 1 1 1
     2205  6  23  7 1 1 1
     2206  6  23  8 1 1 1
     2207  6  23  9 1 1 1
     2208  6  23  10 1 1 1
     2209  6  23  11 1 1 1
     2210  6  23  12 1 1 1
     2211  6  23  13 1 1 1
     2212  6  23  14 1 1 1
     2213  6  24  1 1 1 1
     2214  6  24  2 1 1 1
     2215  6  24  3 1 1 1
     2216  6  24  4 1 1 1
     2217  6  24  5 1 1 1
     2218  6  24  6 1 1 1
     2219  6  24  7 1 1 1
     2220  6  24  8 1 1 1
     2221  6  24  9 1 1 1
     2222  6  24  10 1 1 1
     2223  6  24  11 1 1 1
     2224  6  24  12 1 1 1
     2225  6  24  13 1 1 1
     2226  6  24  14 1 1 1
     2227  6  25  1 1 1 1
     2228  6  25  2 1 1 1
     2229  6  25  3 1 1 1
     2230  6  25  4 1 1 1
     2231  6  25  5 1 1 1
     2232  6  25  6 1 1 1
     2233  6  25  7 1 1 1
     2234  6  25  8 1 1 1
     2235  6  25  9 1 1 1
     2236  6  25  10 1 1 1
     2237  6  25  11 1 1 1
     2238  6  25  12 1 1 1
     2239  6  25  13 1 1 1
     2240  6  25  14 1 1 1
     2241  6  26  1 1 1 1
     2242  6  26  2 1 1 1
     2243  6  26  3 1 1 1
     2244  6  26  4 1 1 1
     2245  6  26  5 1 1 1
     2246  6  26  6 1 1 1
     2247  6  26  7 1 1 1
     2248  6  26  8 1 1 1
     2249  6  26  9 1 1 1
     2250  6  26  10 1 1 1
     2251  6  26  11 1 1 1
     2252  6  26  12 1 1 1
     2253  6  26  13 1 1 1
     2254  6  26  14 1 1 1
     2255  6  27  1 1 1 1
     2256  6  27  2 1 1 1
     2257  6  27  3 1 1 1
     2258  6  27  4 1 1 1
     2259  6  27  5 1 1 1
     2260  6  27  6 1 1 1
     2261  6  27  7 1 1 1
     2262  6  27  8 1 1 1
     2263  6  27  9 1 1 1
     2264  6  27  10 1 1 1
     2265  6  27  11 1 1 1
     2266  6  27  12 1 1 1
     2267  6  27  13 1 1 1
     2268  6  27  14 1 1 1
     2269  7  1  1 1 1 1
     2270  7  1  2 1 1 1
     2271  7  1  3 1 1 1
     2272  7  1  4 1 1 1
     2273  7  1  5 1 1 1
     2274  7  1  6 1 1 1
     2275  7  1  7 1 1 1
     2276  7  1  8 1 1 1
     2277  7  1  9 1 1 1
     2278  7  1  10 1 1 1
     2279  7  1  11 1 1 1
     2280  7  1  12 1 1 1
     2281  7  1  13 1 1 1
     2282  7  1  14 1 1 1
     2283  7  2  1 1 1 1
     2284  7  2  2 1 1 1
     2285  7  2  3 1 1 1
     2286  7  2  4 1 1 1
     2287  7  2  5 1 1 1
     2288  7  2  6 1 1 1
     2289  7  2  7 1 1 1
     2290  7  2  8 1 1 1
     2291  7  2  9 1 1 1
     2292  7  2  10 1 1 1
     2293  7  2  11 1 1 1
     2294  7  2  12 1 1 1
     2295  7  2  13 1 1 1
     2296  7  2  14 1 1 1
     2297  7  3  1 1 1 1
     2298  7  3  2 1 1 1
     2299  7  3  3 1 1 1
     2300  7  3  4 1 1 1
     2301  7  3  5 1 1 1
     2302  7  3  6 1 1 1
     2303  7  3  7 1 1 1
     2304  7  3  8 1 1 1
     2305  7  3  9 1 1 1
     2306  7  3  10 1 1 1
     2307  7  3  11 1 1 1
     2308  7  3  12 1 1 1
     2309  7  3  13 1 1 1
     2310  7  3  14 1 1 1
     2311  7  4  1 1 1 1
     2312  7  4  2 1 1 1
     2313  7  4  3 1 1 1
     2314  7  4  4 1 1 1
     2315  7  4  5 1 1 1
     2316  7  4  6 1 1 1
     2317  7  4  7 1 1 1
     2318  7  4  8 1 1 1
     2319  7  4  9 1 1 1
     2320  7  4  10 1 1 1
     2321  7  4  11 1 1 1
     2322  7  4  12 1 1 1
     2323  7  4  13 1 1 1
     2324  7  4  14 1 1 1
     2325  7  5  1 1 1 1
     2326  7  5  2 1 1 1
     2327  7  5  3 1 1 1
     2328  7  5  4 1 1 1
     2329  7  5  5 1 1 1
     2330  7  5  6 1 1 1
     2331  7  5  7 1 1 1
     2332  7  5  8 1 1 1
     2333  7  5  9 1 1 1
     2334  7  5  10 1 1 1
     2335  7  5  11 1 1 1
     2336  7  5  12 1 1 1
     2337  7  5  13 1 1 1
     2338  7  5  14 1 1 1
     2339  7  6  1 1 1 1
     2340  7  6  2 1 1 1
     2341  7  6  3 1 1 1
     2342  7  6  4 1 1 1
     2343  7  6  5 1 1 1
     2344  7  6  6 1 1 1
     2345  7  6  7 1 1 1
     2346  7  6  8 1 1 1
     2347  7  6  9 1 1 1
     2348  7  6  10 1 1 1
     2349  7  6  11 1 1 1
     2350  7  6  12 1 1 1
     2351  7  6  13 1 1 1
     2352  7  6  14 1 1 1
     2353  7  7  1 1 1 1
     2354  7  7  2 1 1 1
     2355  7  7  3 1 1 1
     2356  7  7  4 1 1 1
     2357  7  7  5 1 1 1
     2358  7  7  6 1 1 1
     2359  7  7  7 1 1 1
     2360  7  7  8 1 1 1
     2361  7  7  9 1 1 1
     2362  7  7  10 1 1 1
     2363  7  7  11 1 1 1
     2364  7  7  12 1 1 1
     2365  7  7  13 1 1 1
     2366  7  7  14 1 1 1
     2367  7  8  1 1 1 1
     2368  7  8  2 1 1 1
     2369  7  8  3 1 1 1
     2370  7  8  4 1 1 1
     2371  7  8  5 1 1 1
     2372  7  8  6 1 1 1
     2373  7  8  7 1 1 1
     2374  7  8  8 1 1 1
     2375  7  8  9 1 1 1
     2376  7  8  10 1 1 1
     2377  7  8  11 1 1 1
     2378  7  8  12 1 1 1
     2379  7  8  13 1 1 1
     2380  7  8  14 1 1 1
     2381  7  9  1 1 1 1
     2382  7  9  2 1 1 1
     2383  7  9  3 1 1 1
     2384  7  9  4 1 1 1
     2385  7  9  5 1 1 1
     2386  7  9  6 1 1 1
     2387  7  9  7 1 1 1
     2388  7  9  8 1 1 1
     2389  7  9  9 1 1 1
     2390  7  9  10 1 1 1
     2391  7  9  11 1 1 1
     2392  7  9  12 1 1 1
     2393  7  9  13 1 1 1
     2394  7  9  14 1 1 1
     2395  7  10  1 1 1 1
     2396  7  10  2 1 1 1
     2397  7  10  3 1 1 1
     2398  7  10  4 1 1 1
     2399  7  10  5 1 1 1
     2400  7  10  6 1 1 1
     2401  7  10  7 1 1 1
     2402  7  10  8 1 1 1
     2403  7  10  9 1 1 1
     2404  7  10  10 1 1 1
     2405  7  10  11 1 1 1
     2406  7  10  12 1 1 1
     2407  7  10  13 1 1 1
     2408  7  10  14 1 1 1
     2409  7  11  1 1 1 1
     2410  7  11  2 1 1 1
     2411  7  11  3 1 1 1
     2412  7  11  4 1 1 1
     2413  7  11  5 1 1 1
     2414  7  11  6 1 1 1
     2415  7  11  7 1 1 1
     2416  7  11  8 1 1 1
     2417  7  11  9 1 1 1
     2418  7  11  10 1 1 1
     2419  7  11  11 1 1 1
     2420  7  11  12 1 1 1
     2421  7  11  13 1 1 1
     2422  7  11  14 1 1 1
     2423  7  12  1 1 1 1
     2424  7  12  2 1 1 1
     2425  7  12  3 1 1 1
     2426  7  12  4 1 1 1
     2427  7  12  5 1 1 1
     2428  7  12  6 1 1 1
     2429  7  12  7 1 1 1
     2430  7  12  8 1 1 1
     2431  7  12  9 1 1 1
     2432  7  12  10 1 1 1
     2433  7  12  11 1 1 1
     2434  7  12  12 1 1 1
     2435  7  12  13 1 1 1
     2436  7  12  14 1 1 1
     2437  7  13  1 1 1 1
     2438  7  13  2 1 1 1
     2439  7  13  3 1 1 1
     2440  7  13  4 1 1 1
     2441  7  13  5 1 1 1
     2442  7  13  6 1 1 1
     2443  7  13  7 1 1 1
     2444  7  13  8 1 1 1
     2445  7  13  9 1 1 1
     2446  7  13  10 1 1 1
     2447  7  13  11 1 1 1
     2448  7  13  12 1 1 1
     2449  7  13  13 1 1 1
     2450  7  13  14 1 1 1
     2451  7  14  1 1 1 1
     2452  7  14  2 1 1 1
     2453  7  14  3 1 1 1
     2454  7  14  4 1 1 1
     2455  7  14  5 1 1 1
     2456  7  14  6 1 1 1
     2457  7  14  7 1 1 1
     2458  7  14  8 1 1 1
     2459  7  14  9 1 1 1
     2460  7  14  10 1 1 1
     2461  7  14  11 1 1 1
     2462  7  14  12 1 1 1
     2463  7  14  13 1 1 1
     2464  7  14  14 1 1 1
     2465  7  15  1 1 1 1
     2466  7  15  2 1 1 1
     2467  7  15  3 1 1 1
     2468  7  15  4 1 1 1
     2469  7  15  5 1 1 1
     2470  7  15  6 1 1 1
     2471  7  15  7 1 1 1
     2472  7  15  8 1 1 1
     2473  7  15  9 1 1 1
     2474  7  15  10 1 1 1
     2475  7  15  11 1 1 1
     2476  7  15  12 1 1 1
     2477  7  15  13 1 1 1
     2478  7  15  14 1 1 1
     2479  7  16  1 1 1 1
     2480  7  16  2 1 1 1
     2481  7  16  3 1 1 1
     2482  7  16  4 1 1 1
     2483  7  16  5 1 1 1
     2484  7  16  6 1 1 1
     2485  7  16  7 1 1 1
     2486  7  16  8 1 1 1
     2487  7  16  9 1 1 1
     2488  7  16  10 1 1 1
     2489  7  16  11 1 1 1
     2490  7  16  12 1 1 1
     2491  7  16  13 1 1 1
     2492  7  16  14 1 1 1
     2493  7  17  1 1 1 1
     2494  7  17  2 1 1 1
     2495  7  17  3 1 1 1
     2496  7  17  4 1 1 1
     2497  7  17  5 1 1 1
     2498  7  17  6 1 1 1
     2499  7  17  7 1 1 1
     2500  7  17  8 1 1 1
     2501  7  17  9 1 1 1
     2502  7  17  10 1 1 1
     2503  7  17  11 1 1 1
     2504  7  17  12 1 1 1
     2505  7  17  13 1 1 1
     2506  7  17  14 1 1 1
     2507  7  18  1 1 1 1
     2508  7  18  2 1 1 1
     2509  7  18  3 1 1 1
     2510  7  18  4 1 1 1
     2511  7  18  5 1 1 1
     2512  7  18  6 1 1 1
     2513  7  18  7 1 1 1
     2514  7  18  8 1 1 1
     2515  7  18  9 1 1 1
     2516  7  18  10 1 1 1
     2517  7  18  11 1 1 1
     2518  7  18  12 1 1 1
     2519  7  18  13 1 1 1
     2520  7  18  14 1 1 1
     2521  7  19  1 1 1 1
     2522  7  19  2 1 1 1
     2523  7  19  3 1 1 1
     2524  7  19  4 1 1 1
     2525  7  19  5 1 1 1
     2526  7  19  6 1 1 1
     2527  7  19  7 1 1 1
     2528  7  19  8 1 1 1
     2529  7  19  9 1 1 1
     2530  7  19  10 1 1 1
     2531  7  19  11 1 1 1
     2532  7  19  12 1 1 1
     2533  7  19  13 1 1 1
     2534  7  19  14 1 1 1
     2535  7  20  1 1 1 1
     2536  7  20  2 1 1 1
     2537  7  20  3 1 1 1
     2538  7  20  4 1 1 1
     2539  7  20  5 1 1 1
     2540  7  20  6 1 1 1
     2541  7  20  7 1 1 1
     2542  7  20  8 1 1 1
     2543  7  20  9 1 1 1
     2544  7  20  10 1 1 1
     2545  7  20  11 1 1 1
     2546  7  20  12 1 1 1
     2547  7  20  13 1 1 1
     2548  7  20  14 1 1 1
     2549  7  21  1 1 1 1
     2550  7  21  2 1 1 1
     2551  7  21  3 1 1 1
     2552  7  21  4 1 1 1
     2553  7  21  5 1 1 1
     2554  7  21  6 1 1 1
     2555  7  21  7 1 1 1
     2556  7  21  8 1 1 1
     2557  7  21  9 1 1 1
     2558  7  21  10 1 1 1
     2559  7  21  11 1 1 1
     2560  7  21  12 1 1 1
     2561  7  21  13 1 1 1
     2562  7  21  14 1 1 1
     2563  7  22  1 1 1 1
     2564  7  22  2 1 1 1
     2565  7  22  3 1 1 1
     2566  7  22  4 1 1 1
     2567  7  22  5 1 1 1
     2568  7  22  6 1 1 1
     2569  7  22  7 1 1 1
     2570  7  22  8 1 1 1
     2571  7  22  9 1 1 1
     2572  7  22  10 1 1 1
     2573  7  22  11 1 1 1
     2574  7  22  12 1 1 1
     2575  7  22  13 1 1 1
     2576  7  22  14 1 1 1
     2577  7  23  1 1 1 1
     2578  7  23  2 1 1 1
     2579  7  23  3 1 1 1
     2580  7  23  4 1 1 1
     2581  7  23  5 1 1 1
     2582  7  23  6 1 1 1
     2583  7  23  7 1 1 1
     2584  7  23  8 1 1 1
     2585  7  23  9 1 1 1
     2586  7  23  10 1 1 1
     2587  7  23  11 1 1 1
     2588  7  23  12 1 1 1
     2589  7  23  13 1 1 1
     2590  7  23  14 1 1 1
     2591  7  24  1 1 1 1
     2592  7  24  2 1 1 1
     2593  7  24  3 1 1 1
     2594  7  24  4 1 1 1
     2595  7  24  5 1 1 1
     2596  7  24  6 1 1 1
     2597  7  24  7 1 1 1
     2598  7  24  8 1 1 1
     2599  7  24  9 1 1 1
     2600  7  24  10 1 1 1
     2601  7  24  11 1 1 1
     2602  7  24  12 1 1 1
     2603  7  24  13 1 1 1
     2604  7  24  14 1 1 1
     2605  7  25  1 1 1 1
     2606  7  25  2 1 1 1
     2607  7  25  3 1 1 1
     2608  7  25  4 1 1 1
     2609  7  25  5 1 1 1
     2610  7  25  6 1 1 1
     2611  7  25  7 1 1 1
     2612  7  25  8 1 1 1
     2613  7  25  9 1 1 1
     2614  7  25  10 1 1 1
     2615  7  25  11 1 1 1
     2616  7  25  12 1 1 1
     2617  7  25  13 1 1 1
     2618  7  25  14 1 1 1
     2619  7  26  1 1 1 1
     2620  7  26  2 1 1 1
     2621  7  26  3 1 1 1
     2622  7  26  4 1 1 1
     2623  7  26  5 1 1 1
     2624  7  26  6 1 1 1
     2625  7  26  7 1 1 1
     2626  7  26  8 1 1 1
     2627  7  26  9 1 1 1
     2628  7  26  10 1 1 1
     2629  7  26  11 1 1 1
     2630  7  26  12 1 1 1
     2631  7  26  13 1 1 1
     2632  7  26  14 1 1 1
     2633  7  27  1 1 1 1
     2634  7  27  2 1 1 1
     2635  7  27  3 1 1 1
     2636  7  27  4 1 1 1
     2637  7  27  5 1 1 1
     2638  7  27  6 1 1 1
     2639  7  27  7 1 1 1
     2640  7  27  8 1 1 1
     2641  7  27  9 1 1 1
     2642  7  27  10 1 1 1
     2643  7  27  11 1 1 1
     2644  7  27  12 1 1 1
     2645  7  27  13 1 1 1
     2646  7  27  14 1 1 1
     2647  8  1  1 1 1 1
     2648  8  1  2 1 1 1
     2649  8  1  3 1 1 1
     2650  8  1  4 1 1 1
     2651  8  1  5 1 1 1
     2652  8  1  6 1 1 1
     2653  8  1  7 1 1 1
     2654  8  1  8 1 1 1
     2655  8  1  9 1 1 1
     2656  8  1  10 1 1 1
     2657  8  1  11 1 1 1
     2658  8  1  12 1 1 1
     2659  8  1  13 1 1 1
     2660  8  1  14 1 1 1
     2661  8  2  1 1 1 1
     2662  8  2  2 1 1 1
     2663  8  2  3 1 1 1
     2664  8  2  4 1 1 1
     2665  8  2  5 1 1 1
     2666  8  2  6 1 1 1
     2667  8  2  7 1 1 1
     2668  8  2  8 1 1 1
     2669  8  2  9 1 1 1
     2670  8  2  10 1 1 1
     2671  8  2  11 1 1 1
     2672  8  2  12 1 1 1
     2673  8  2  13 1 1 1
     2674  8  2  14 1 1 1
     2675  8  3  1 1 1 1
     2676  8  3  2 1 1 1
     2677  8  3  3 1 1 1
     2678  8  3  4 1 1 1
     2679  8  3  5 1 1 1
     2680  8  3  6 1 1 1
     2681  8  3  7 1 1 1
     2682  8  3  8 1 1 1
     2683  8  3  9 1 1 1
     2684  8  3  10 1 1 1
     2685  8  3  11 1 1 1
     2686  8  3  12 1 1 1
     2687  8  3  13 1 1 1
     2688  8  3  14 1 1 1
     2689  8  4  1 1 1 1
     2690  8  4  2 1 1 1
     2691  8  4  3 1 1 1
     2692  8  4  4 1 1 1
     2693  8  4  5 1 1 1
     2694  8  4  6 1 1 1
     2695  8  4  7 1 1 1
     2696  8  4  8 1 1 1
     2697  8  4  9 1 1 1
     2698  8  4  10 1 1 1
     2699  8  4  11 1 1 1
     2700  8  4  12 1 1 1
     2701  8  4  13 1 1 1
     2702  8  4  14 1 1 1
     2703  8  5  1 1 1 1
     2704  8  5  2 1 1 1
     2705  8  5  3 1 1 1
     2706  8  5  4 1 1 1
     2707  8  5  5 1 1 1
     2708  8  5  6 1 1 1
     2709  8  5  7 1 1 1
     2710  8  5  8 1 1 1
     2711  8  5  9 1 1 1
     2712  8  5  10 1 1 1
     2713  8  5  11 1 1 1
     2714  8  5  12 1 1 1
     2715  8  5  13 1 1 1
     2716  8  5  14 1 1 1
     2717  8  6  1 1 1 1
     2718  8  6  2 1 1 1
     2719  8  6  3 1 1 1
     2720  8  6  4 1 1 1
     2721  8  6  5 1 1 1
     2722  8  6  6 1 1 1
     2723  8  6  7 1 1 1
     2724  8  6  8 1 1 1
     2725  8  6  9 1 1 1
     2726  8  6  10 1 1 1
     2727  8  6  11 1 1 1
     2728  8  6  12 1 1 1
     2729  8  6  13 1 1 1
     2730  8  6  14 1 1 1
     2731  8  7  1 1 1 1
     2732  8  7  2 1 1 1
     2733  8  7  3 1 1 1
     2734  8  7  4 1 1 1
     2735  8  7  5 1 1 1
     2736  8  7  6 1 1 1
     2737  8  7  7 1 1 1
     2738  8  7  8 1 1 1
     2739  8  7  9 1 1 1
     2740  8  7  10 1 1 1
     2741  8  7  11 1 1 1
     2742  8  7  12 1 1 1
     2743  8  7  13 1 1 1
     2744  8  7  14 1 1 1
     2745  8  8  1 1 1 1
     2746  8  8  2 1 1 1
     2747  8  8  3 1 1 1
     2748  8  8  4 1 1 1
     2749  8  8  5 1 1 1
     2750  8  8  6 1 1 1
     2751  8  8  7 1 1 1
     2752  8  8  8 1 1 1
     2753  8  8  9 1 1 1
     2754  8  8  10 1 1 1
     2755  8  8  11 1 1 1
     2756  8  8  12 1 1 1
     2757  8  8  13 1 1 1
     2758  8  8  14 1 1 1
     2759  8  9  1 1 1 1
     2760  8  9  2 1 1 1
     2761  8  9  3 1 1 1
     2762  8  9  4 1 1 1
     2763  8  9  5 1 1 1
     2764  8  9  6 1 1 1
     2765  8  9  7 1 1 1
     2766  8  9  8 1 1 1
     2767  8  9  9 1 1 1
     2768  8  9  10 1 1 1
     2769  8  9  11 1 1 1
     2770  8  9  12 1 1 1
     2771  8  9  13 1 1 1
     2772  8  9  14 1 1 1
     2773  8  10  1 1 1 1
     2774  8  10  2 1 1 1
     2775  8  10  3 1 1 1
     2776  8  10  4 1 1 1
     2777  8  10  5 1 1 1
     2778  8  10  6 1 1 1
     2779  8  10  7 1 1 1
     2780  8  10  8 1 1 1
     2781  8  10  9 1 1 1
     2782  8  10  10 1 1 1
     2783  8  10  11 1 1 1
     2784  8  10  12 1 1 1
     2785  8  10  13 1 1 1
     2786  8  10  14 1 1 1
     2787  8  11  1 1 1 1
     2788  8  11  2 1 1 1
     2789  8  11  3 1 1 1
     2790  8  11  4 1 1 1
     2791  8  11  5 1 1 1
     2792  8  11  6 1 1 1
     2793  8  11  7 1 1 1
     2794  8  11  8 1 1 1
     2795  8  11  9 1 1 1
     2796  8  11  10 1 1 1
     2797  8  11  11 1 1 1
     2798  8  11  12 1 1 1
     2799  8  11  13 1 1 1
     2800  8  11  14 1 1 1
     2801  8  12  1 1 1 1
     2802  8  12  2 1 1 1
     2803  8  12  3 1 1 1
     2804  8  12  4 1 1 1
     2805  8  12  5 1 1 1
     2806  8  12  6 1 1 1
     2807  8  12  7 1 1 1
     2808  8  12  8 1 1 1
     2809  8  12  9 1 1 1
     2810  8  12  10 1 1 1
     2811  8  12  11 1 1 1
     2812  8  12  12 1 1 1
     2813  8  12  13 1 1 1
     2814  8  12  14 1 1 1
     2815  8  13  1 1 1 1
     2816  8  13  2 1 1 1
     2817  8  13  3 1 1 1
     2818  8  13  4 1 1 1
     2819  8  13  5 1 1 1
     2820  8  13  6 1 1 1
     2821  8  13  7 1 1 1
     2822  8  13  8 1 1 1
     2823  8  13  9 1 1 1
     2824  8  13  10 1 1 1
     2825  8  13  11 1 1 1
     2826  8  13  12 1 1 1
     2827  8  13  13 1 1 1
     2828  8  13  14 1 1 1
     2829  8  14  1 1 1 1
     2830  8  14  2 1 1 1
     2831  8  14  3 1 1 1
     2832  8  14  4 1 1 1
     2833  8  14  5 1 1 1
     2834  8  14  6 1 1 1
     2835  8  14  7 1 1 1
     2836  8  14  8 1 1 1
     2837  8  14  9 1 1 1
     2838  8  14  10 1 1 1
     2839  8  14  11 1 1 1
     2840  8  14  12 1 1 1
     2841  8  14  13 1 1 1
     2842  8  14  14 1 1 1
     2843  8  15  1 1 1 1
     2844  8  15  2 1 1 1
     2845  8  15  3 1 1 1
     2846  8  15  4 1 1 1
     2847  8  15  5 1 1 1
     2848  8  15  6 1 1 1
     2849  8  15  7 1 1 1
     2850  8  15  8 1 1 1
     2851  8  15  9 1 1 1
     2852  8  15  10 1 1 1
     2853  8  15  11 1 1 1
     2854  8  15  12 1 1 1
     2855  8  15  13 1 1 1
     2856  8  15  14 1 1 1
     2857  8  16  1 1 1 1
     2858  8  16  2 1 1 1
     2859  8  16  3 1 1 1
     2860  8  16  4 1 1 1
     2861  8  16  5 1 1 1
     2862  8  16  6 1 1 1
     2863  8  16  7 1 1 1
     2864  8  16  8 1 1 1
     2865  8  16  9 1 1 1
     2866  8  16  10 1 1 1
     2867  8  16  11 1 1 1
     2868  8  16  12 1 1 1
     2869  8  16  13 1 1 1
     2870  8  16  14 1 1 1
     2871  8  17  1 1 1 1
     2872  8  17  2 1 1 1
     2873  8  17  3 1 1 1
     2874  8  17  4 1 1 1
     2875  8  17  5 1 1 1
     2876  8  17  6 1 1 1
     2877  8  17  7 1 1 1
     2878  8  17  8 1 1 1
     2879  8  17  9 1 1 1
     2880  8  17  10 1 1 1
     2881  8  17  11 1 1 1
     2882  8  17  12 1 1 1
     2883  8  17  13 1 1 1
     2884  8  17  14 1 1 1
     2885  8  18  1 1 1 1
     2886  8  18  2 1 1 1
     2887  8  18  3 1 1 1
     2888  8  18  4 1 1 1
     2889  8  18  5 1 1 1
     2890  8  18  6 1 1 1
     2891  8  18  7 1 1 1
     2892  8  18  8 1 1 1
     2893  8  18  9 1 1 1
     2894  8  18  10 1 1 1
     2895  8  18  11 1 1 1
     2896  8  18  12 1 1 1
     2897  8  18  13 1 1 1
     2898  8  18  14 1 1 1
     2899  8  19  1 1 1 1
     2900  8  19  2 1 1 1
     2901  8  19  3 1 1 1
     2902  8  19  4 1 1 1
     2903  8  19  5 1 1 1
     2904  8  19  6 1 1 1
     2905  8  19  7 1 1 1
     2906  8  19  8 1 1 1
     2907  8  19  9 1 1 1
     2908  8  19  10 1 1 1
     2909  8  19  11 1 1 1
     2910  8  19  12 1 1 1
     2911  8  19  13 1 1 1
     2912  8  19  14 1 1 1
     2913  8  20  1 1 1 1
     2914  8  20  2 1 1 1
     2915  8  20  3 1 1 1
     2916  8  20  4 1 1 1
     2917  8  20  5 1 1 1
     2918  8  20  6 1 1 1
     2919  8  20  7 1 1 1
     2920  8  20  8 1 1 1
     2921  8  20  9 1 1 1
     2922  8  20  10 1 1 1
     2923  8  20  11 1 1 1
     2924  8  20  12 1 1 1
     2925  8  20  13 1 1 1
     2926  8  20  14 1 1 1
     2927  8  21  1 1 1 1
     2928  8  21  2 1 1 1
     2929  8  21  3 1 1 1
     2930  8  21  4 1 1 1
     2931  8  21  5 1 1 1
     2932  8  21  6 1 1 1
     2933  8  21  7 1 1 1
     2934  8  21  8 1 1 1
     2935  8  21  9 1 1 1
     2936  8  21  10 1 1 1
     2937  8  21  11 1 1 1
     2938  8  21  12 1 1 1
     2939  8  21  13 1 1 1
     2940  8  21  14 1 1 1
     2941  8  22  1 1 1 1
     2942  8  22  2 1 1 1
     2943  8  22  3 1 1 1
     2944  8  22  4 1 1 1
     2945  8  22  5 1 1 1
     2946  8  22  6 1 1 1
     2947  8  22  7 1 1 1
     2948  8  22  8 1 1 1
     2949  8  22  9 1 1 1
     2950  8  22  10 1 1 1
     2951  8  22  11 1 1 1
     2952  8  22  12 1 1 1
     2953  8  22  13 1 1 1
     2954  8  22  14 1 1 1
     2955  8  23  1 1 1 1
     2956  8  23  2 1 1 1
     2957  8  23  3 1 1 1
     2958  8  23  4 1 1 1
     2959  8  23  5 1 1 1
     2960  8  23  6 1 1 1
     2961  8  23  7 1 1 1
     2962  8  23  8 1 1 1
     2963  8  23  9 1 1 1
     2964  8  23  10 1 1 1
     2965  8  23  11 1 1 1
     2966  8  23  12 1 1 1
     2967  8  23  13 1 1 1
     2968  8  23  14 1 1 1
     2969  8  24  1 1 1 1
     2970  8  24  2 1 1 1
     2971  8  24  3 1 1 1
     2972  8  24  4 1 1 1
     2973  8  24  5 1 1 1
     2974  8  24  6 1 1 1
     2975  8  24  7 1 1 1
     2976  8  24  8 1 1 1
     2977  8  24  9 1 1 1
     2978  8  24  10 1 1 1
     2979  8  24  11 1 1 1
     2980  8  24  12 1 1 1
     2981  8  24  13 1 1 1
     2982  8  24  14 1 1 1
     2983  8  25  1 1 1 1
     2984  8  25  2 1 1 1
     2985  8  25  3 1 1 1
     2986  8  25  4 1 1 1
     2987  8  25  5 1 1 1
     2988  8  25  6 1 1 1
     2989  8  25  7 1 1 1
     2990  8  25  8 1 1 1
     2991  8  25  9 1 1 1
     2992  8  25  10 1 1 1
     2993  8  25  11 1 1 1
     2994  8  25  12 1 1 1
     2995  8  25  13 1 1 1
     2996  8  25  14 1 1 1
     2997  8  26  1 1 1 1
     2998  8  26  2 1 1 1
     2999  8  26  3 1 1 1
     3000  8  26  4 1 1 1
     3001  8  26  5 1 1 1
     3002  8  26  6 1 1 1
     3003  8  26  7 1 1 1
     3004  8  26  8 1 1 1
     3005  8  26  9 1 1 1
     3006  8  26  10 1 1 1
     3007  8  26  11 1 1 1
     3008  8  26  12 1 1 1
     3009  8  26  13 1 1 1
     3010  8  26  14 1 1 1
     3011  8  27  1 1 1 1
     3012  8  27  2 1 1 1
     3013  8  27  3 1 1 1
     3014  8  27  4 1 1 1
     3015  8  27  5 1 1 1
     3016  8  27  6 1 1 1
     3017  8  27  7 1 1 1
     3018  8  27  8 1 1 1
     3019  8  27  9 1 1 1
     3020  8  27  10 1 1 1
     3021  8  27  11 1 1 1
     3022  8  27  12 1 1 1
     3023  8  27  13 1 1 1
     3024  8  27  14 1 1 1