>GEOMETRY   rect_prism; AX,AY,AZ= 0.5378 0.5378 0.5378
     1144 = NAT 
  1.000000  0.000000  0.000000 = A_1 vector
  0.000000  1.000000  0.000000 = A_2 vector
  1.000000  1.000000  1.000000 = lattice spacings (d_x,d_y,d_z)/d
 -0.00940 -0.10810 -0.12945 = lattice offset x0(1-3) = (x_TF, y_TF, z_TF)/d for dipole 0 0 0
     JA  IX  IY  IZ ICOMP(x,y,z)
     1  1  1  1 1 1 1
     2  1  1  2 1 1 1
     3  1  1  3 1 1 1
     4  1  1  4 1 1 1
     5  1  1  5 1 1 1
     6  1  1  6 1 1 1
     7  1  1  7 1 1 1
     8  1  1  8 1 1 1
     9  1  1  9 1 1 1
     10  1  1  10 1 1 1
     11  1  1  11 1 1 1
     12  1  1  12 1 1 1
     13  1  1  13 1 1 1
     14  1  1  14 1 1 1
     15  1  1  15 1 1 1
     16  1  1  16 1 1 1
     17  1  1  17 1 1 1
     18  1  1  18 1 1 1
     19  1  1  19 1 1 1
     20  1  1  20 1 1 1
     21  1  1  21 1 1 1
     22  1  1  22 1 1 1
     23  1  1  23 1 1 1
     24  1  1  24 1 1 1
     25  1  1  25 1 1 1
     26  1  1  26 1 1 1
     27  1  2  1 1 1 1
     28  1  2  2 1 1 1
     29  1  2  3 1 1 1
     30  1  2  4 1 1 1
     31  1  2  5 1 1 1
     32  1  2  6 1 1 1
     33  1  2  7 1 1 1
     34  1  2  8 1 1 1
     35  1  2  9 1 1 1
     36  1  2  10 1 1 1
     37  1  2  11 1 1 1
     38  1  2  12 1 1 1
     39  1  2  13 1 1 1
     40  1  2  14 1 1 1
     41  1  2  15 1 1 1
     42  1  2  16 1 1 1
     43  1  2  17 1 1 1
     44  1  2  18 1 1 1
     45  1  2  19 1 1 1
     46  1  2  20 1 1 1
     47  1  2  21 1 1 1
     48  1  2  22 1 1 1
     49  1  2  23 1 1 1
     50  1  2  24 1 1 1
     51  1  2  25 1 1 1
     52  1  2  26 1 1 1
     53  1  3  1 1 1 1
     54  1  3  2 1 1 1
     55  1  3  3 1 1 1
     56  1  3  4 1 1 1
     57  1  3  5 1 1 1
     58  1  3  6 1 1 1
     59  1  3  7 1 1 1
     60  1  3  8 1 1 1
     61  1  3  9 1 1 1
     62  1  3  10 1 1 1
     63  1  3  11 1 1 1
     64  1  3  12 1 1 1
     65  1  3  13 1 1 1
     66  1  3  14 1 1 1
     67  1  3  15 1 1 1
     68  1  3  16 1 1 1
     69  1  3  17 1 1 1
     70  1  3  18 1 1 1
     71  1  3  19 1 1 1
     72  1  3  20 1 1 1
     73  1  3  21 1 1 1
     74  1  3  22 1 1 1
     75  1  3  23 1 1 1
     76  1  3  24 1 1 1
     77  1  3  25 1 1 1
     78  1  3  26 1 1 1
     79  1  4  1 1 1 1
     80  1  4  2 1 1 1
     81  1  4  3 1 1 1
     82  1  4  4 1 1 1
     83  1  4  5 1 1 1
     84  1  4  6 1 1 1
     85  1  4  7 1 1 1
     86  1  4  8 1 1 1
     87  1  4  9 1 1 1
     88  1  4  10 1 1 1
     89  1  4  11 1 1 1
     90  1  4  12 1 1 1
     91  1  4  13 1 1 1
     92  1  4  14 1 1 1
     93  1  4  15 1 1 1
     94  1  4  16 1 1 1
     95  1  4  17 1 1 1
     96  1  4  18 1 1 1
     97  1  4  19 1 1 1
     98  1  4  20 1 1 1
     99  1  4  21 1 1 1
     100  1  4  22 1 1 1
     101  1  4  23 1 1 1
     102  1  4  24 1 1 1
     103  1  4  25 1 1 1
     104  1  4  26 1 1 1
     105  1  5  1 1 1 1
     106  1  5  2 1 1 1
     107  1  5  3 1 1 1
     108  1  5  4 1 1 1
     109  1  5  5 1 1 1
     110  1  5  6 1 1 1
     111  1  5  7 1 1 1
     112  1  5  8 1 1 1
     113  1  5  9 1 1 1
     114  1  5  10 1 1 1
     115  1  5  11 1 1 1
     116  1  5  12 1 1 1
     117  1  5  13 1 1 1
     118  1  5  14 1 1 1
     119  1  5  15 1 1 1
     120  1  5  16 1 1 1
     121  1  5  17 1 1 1
     122  1  5  18 1 1 1
     123  1  5  19 1 1 1
     124  1  5  20 1 1 1
     125  1  5  21 1 1 1
     126  1  5  22 1 1 1
     127  1  5  23 1 1 1
     128  1  5  24 1 1 1
     129  1  5  25 1 1 1
     130  1  5  26 1 1 1
     131  1  6  1 1 1 1
     132  1  6  2 1 1 1
     133  1  6  3 1 1 1
     134  1  6  4 1 1 1
     135  1  6  5 1 1 1
     136  1  6  6 1 1 1
     137  1  6  7 1 1 1
     138  1  6  8 1 1 1
     139  1  6  9 1 1 1
     140  1  6  10 1 1 1
     141  1  6  11 1 1 1
     142  1  6  12 1 1 1
     143  1  6  13 1 1 1
     144  1  6  14 1 1 1
     145  1  6  15 1 1 1
     146  1  6  16 1 1 1
     147  1  6  17 1 1 1
     148  1  6  18 1 1 1
     149  1  6  19 1 1 1
     150  1  6  20 1 1 1
     151  1  6  21 1 1 1
     152  1  6  22 1 1 1
     153  1  6  23 1 1 1
     154  1  6  24 1 1 1
     155  1  6  25 1 1 1
     156  1  6  26 1 1 1
     157  1  7  1 1 1 1
     158  1  7  2 1 1 1
     159  1  7  3 1 1 1
     160  1  7  4 1 1 1
     161  1  7  5 1 1 1
     162  1  7  6 1 1 1
     163  1  7  7 1 1 1
     164  1  7  8 1 1 1
     165  1  7  9 1 1 1
     166  1  7  10 1 1 1
     167  1  7  11 1 1 1
     168  1  7  12 1 1 1
     169  1  7  13 1 1 1
     170  1  7  14 1 1 1
     171  1  7  15 1 1 1
     172  1  7  16 1 1 1
     173  1  7  17 1 1 1
     174  1  7  18 1 1 1
     175  1  7  19 1 1 1
     176  1  7  20 1 1 1
     177  1  7  21 1 1 1
     178  1  7  22 1 1 1
     179  1  7  23 1 1 1
     180  1  7  24 1 1 1
     181  1  7  25 1 1 1
     182  1  7  26 1 1 1
     183  1  8  1 1 1 1
     184  1  8  2 1 1 1
     185  1  8  3 1 1 1
     186  1  8  4 1 1 1
     187  1  8  5 1 1 1
     188  1  8  6 1 1 1
     189  1  8  7 1 1 1
     190  1  8  8 1 1 1
     191  1  8  9 1 1 1
     192  1  8  10 1 1 1
     193  1  8  11 1 1 1
     194  1  8  12 1 1 1
     195  1  8  13 1 1 1
     196  1  8  14 1 1 1
     197  1  8  15 1 1 1
     198  1  8  16 1 1 1
     199  1  8  17 1 1 1
     200  1  8  18 1 1 1
     201  1  8  19 1 1 1
     202  1  8  20 1 1 1
     203  1  8  21 1 1 1
     204  1  8  22 1 1 1
     205  1  8  23 1 1 1
     206  1  8  24 1 1 1
     207  1  8  25 1 1 1
     208  1  8  26 1 1 1
     209  1  9  1 1 1 1
     210  1  9  2 1 1 1
     211  1  9  3 1 1 1
     212  1  9  4 1 1 1
     213  1  9  5 1 1 1
     214  1  9  6 1 1 1
     215  1  9  7 1 1 1
     216  1  9  8 1 1 1
     217  1  9  9 1 1 1
     218  1  9  10 1 1 1
     219  1  9  11 1 1 1
     220  1  9  12 1 1 1
     221  1  9  13 1 1 1
     222  1  9  14 1 1 1
     223  1  9  15 1 1 1
     224  1  9  16 1 1 1
     225  1  9  17 1 1 1
     226  1  9  18 1 1 1
     227  1  9  19 1 1 1
     228  1  9  20 1 1 1
     229  1  9  21 1 1 1
     230  1  9  22 1 1 1
     231  1  9  23 1 1 1
     232  1  9  24 1 1 1
     233  1  9  25 1 1 1
     234  1  9  26 1 1 1
     235  1  10  1 1 1 1
     236  1  10  2 1 1 1
     237  1  10  3 1 1 1
     238  1  10  4 1 1 1
     239  1  10  5 1 1 1
     240  1  10  6 1 1 1
     241  1  10  7 1 1 1
     242  1  10  8 1 1 1
     243  1  10  9 1 1 1
     244  1  10  10 1 1 1
     245  1  10  11 1 1 1
     246  1  10  12 1 1 1
     247  1  10  13 1 1 1
     248  1  10  14 1 1 1
     249  1  10  15 1 1 1
     250  1  10  16 1 1 1
     251  1  10  17 1 1 1
     252  1  10  18 1 1 1
     253  1  10  19 1 1 1
     254  1  10  20 1 1 1
     255  1  10  21 1 1 1
     256  1  10  22 1 1 1
     257  1  10  23 1 1 1
     258  1  10  24 1 1 1
     259  1  10  25 1 1 1
     260  1  10  26 1 1 1
     261  1  11  1 1 1 1
     262  1  11  2 1 1 1
     263  1  11  3 1 1 1
     264  1  11  4 1 1 1
     265  1  11  5 1 1 1
     266  1  11  6 1 1 1
     267  1  11  7 1 1 1
     268  1  11  8 1 1 1
     269  1  11  9 1 1 1
     270  1  11  10 1 1 1
     271  1  11  11 1 1 1
     272  1  11  12 1 1 1
     273  1  11  13 1 1 1
     274  1  11  14 1 1 1
     275  1  11  15 1 1 1
     276  1  11  16 1 1 1
     277  1  11  17 1 1 1
     278  1  11  18 1 1 1
     279  1  11  19 1 1 1
     280  1  11  20 1 1 1
     281  1  11  21 1 1 1
     282  1  11  22 1 1 1
     283  1  11  23 1 1 1
     284  1  11  24 1 1 1
     285  1  11  25 1 1 1
     286  1  11  26 1 1 1
     287  1  12  1 1 1 1
     288  1  12  2 1 1 1
     289  1  12  3 1 1 1
     290  1  12  4 1 1 1
     291  1  12  5 1 1 1
     292  1  12  6 1 1 1
     293  1  12  7 1 1 1
     294  1  12  8 1 1 1
     295  1  12  9 1 1 1
     296  1  12  10 1 1 1
     297  1  12  11 1 1 1
     298  1  12  12 1 1 1
     299  1  12  13 1 1 1
     300  1  12  14 1 1 1
     301  1  12  15 1 1 1
     302  1  12  16 1 1 1
     303  1  12  17 1 1 1
     304  1  12  18 1 1 1
     305  1  12  19 1 1 1
     306  1  12  20 1 1 1
     307  1  12  21 1 1 1
     308  1  12  22 1 1 1
     309  1  12  23 1 1 1
     310  1  12  24 1 1 1
     311  1  12  25 1 1 1
     312  1  12  26 1 1 1
     313  1  13  1 1 1 1
     314  1  13  2 1 1 1
     315  1  13  3 1 1 1
     316  1  13  4 1 1 1
     317  1  13  5 1 1 1
     318  1  13  6 1 1 1
     319  1  13  7 1 1 1
     320  1  13  8 1 1 1
     321  1  13  9 1 1 1
     322  1  13  10 1 1 1
     323  1  13  11 1 1 1
     324  1  13  12 1 1 1
     325  1  13  13 1 1 1
     326  1  13  14 1 1 1
     327  1  13  15 1 1 1
     328  1  13  16 1 1 1
     329  1  13  17 1 1 1
     330  1  13  18 1 1 1
     331  1  13  19 1 1 1
     332  1  13  20 1 1 1
     333  1  13  21 1 1 1
     334  1  13  22 1 1 1
     335  1  13  23 1 1 1
     336  1  13  24 1 1 1
     337  1  13  25 1 1 1
     338  1  13  26 1 1 1
     339  1  14  1 1 1 1
     340  1  14  2 1 1 1
     341  1  14  3 1 1 1
     342  1  14  4 1 1 1
     343  1  14  5 1 1 1
     344  1  14  6 1 1 1
     345  1  14  7 1 1 1
     346  1  14  8 1 1 1
     347  1  14  9 1 1 1
     348  1  14  10 1 1 1
     349  1  14  11 1 1 1
     350  1  14  12 1 1 1
     351  1  14  13 1 1 1
     352  1  14  14 1 1 1
     353  1  14  15 1 1 1
     354  1  14  16 1 1 1
     355  1  14  17 1 1 1
     356  1  14  18 1 1 1
     357  1  14  19 1 1 1
     358  1  14  20 1 1 1
     359  1  14  21 1 1 1
     360  1  14  22 1 1 1
     361  1  14  23 1 1 1
     362  1  14  24 1 1 1
     363  1  14  25 1 1 1
     364  1  14  26 1 1 1
     365  1  15  1 1 1 1
     366  1  15  2 1 1 1
     367  1  15  3 1 1 1
     368  1  15  4 1 1 1
     369  1  15  5 1 1 1
     370  1  15  6 1 1 1
     371  1  15  7 1 1 1
     372  1  15  8 1 1 1
     373  1  15  9 1 1 1
     374  1  15  10 1 1 1
     375  1  15  11 1 1 1
     376  1  15  12 1 1 1
     377  1  15  13 1 1 1
     378  1  15  14 1 1 1
     379  1  15  15 1 1 1
     380  1  15  16 1 1 1
     381  1  15  17 1 1 1
     382  1  15  18 1 1 1
     383  1  15  19 1 1 1
     384  1  15  20 1 1 1
     385  1  15  21 1 1 1
     386  1  15  22 1 1 1
     387  1  15  23 1 1 1
     388  1  15  24 1 1 1
     389  1  15  25 1 1 1
     390  1  15  26 1 1 1
     391  1  16  1 1 1 1
     392  1  16  2 1 1 1
     393  1  16  3 1 1 1
     394  1  16  4 1 1 1
     395  1  16  5 1 1 1
     396  1  16  6 1 1 1
     397  1  16  7 1 1 1
     398  1  16  8 1 1 1
     399  1  16  9 1 1 1
     400  1  16  10 1 1 1
     401  1  16  11 1 1 1
     402  1  16  12 1 1 1
     403  1  16  13 1 1 1
     404  1  16  14 1 1 1
     405  1  16  15 1 1 1
     406  1  16  16 1 1 1
     407  1  16  17 1 1 1
     408  1  16  18 1 1 1
     409  1  16  19 1 1 1
     410  1  16  20 1 1 1
     411  1  16  21 1 1 1
     412  1  16  22 1 1 1
     413  1  16  23 1 1 1
     414  1  16  24 1 1 1
     415  1  16  25 1 1 1
     416  1  16  26 1 1 1
     417  1  17  1 1 1 1
     418  1  17  2 1 1 1
     419  1  17  3 1 1 1
     420  1  17  4 1 1 1
     421  1  17  5 1 1 1
     422  1  17  6 1 1 1
     423  1  17  7 1 1 1
     424  1  17  8 1 1 1
     425  1  17  9 1 1 1
     426  1  17  10 1 1 1
     427  1  17  11 1 1 1
     428  1  17  12 1 1 1
     429  1  17  13 1 1 1
     430  1  17  14 1 1 1
     431  1  17  15 1 1 1
     432  1  17  16 1 1 1
     433  1  17  17 1 1 1
     434  1  17  18 1 1 1
     435  1  17  19 1 1 1
     436  1  17  20 1 1 1
     437  1  17  21 1 1 1
     438  1  17  22 1 1 1
     439  1  17  23 1 1 1
     440  1  17  24 1 1 1
     441  1  17  25 1 1 1
     442  1  17  26 1 1 1
     443  1  18  1 1 1 1
     444  1  18  2 1 1 1
     445  1  18  3 1 1 1
     446  1  18  4 1 1 1
     447  1  18  5 1 1 1
     448  1  18  6 1 1 1
     449  1  18  7 1 1 1
     450  1  18  8 1 1 1
     451  1  18  9 1 1 1
     452  1  18  10 1 1 1
     453  1  18  11 1 1 1
     454  1  18  12 1 1 1
     455  1  18  13 1 1 1
     456  1  18  14 1 1 1
     457  1  18  15 1 1 1
     458  1  18  16 1 1 1
     459  1  18  17 1 1 1
     460  1  18  18 1 1 1
     461  1  18  19 1 1 1
     462  1  18  20 1 1 1
     463  1  18  21 1 1 1
     464  1  18  22 1 1 1
     465  1  18  23 1 1 1
     466  1  18  24 1 1 1
     467  1  18  25 1 1 1
     468  1  18  26 1 1 1
     469  1  19  1 1 1 1
     470  1  19  2 1 1 1
     471  1  19  3 1 1 1
     472  1  19  4 1 1 1
     473  1  19  5 1 1 1
     474  1  19  6 1 1 1
     475  1  19  7 1 1 1
     476  1  19  8 1 1 1
     477  1  19  9 1 1 1
     478  1  19  10 1 1 1
     479  1  19  11 1 1 1
     480  1  19  12 1 1 1
     481  1  19  13 1 1 1
     482  1  19  14 1 1 1
     483  1  19  15 1 1 1
     484  1  19  16 1 1 1
     485  1  19  17 1 1 1
     486  1  19  18 1 1 1
     487  1  19  19 1 1 1
     488  1  19  20 1 1 1
     489  1  19  21 1 1 1
     490  1  19  22 1 1 1
     491  1  19  23 1 1 1
     492  1  19  24 1 1 1
     493  1  19  25 1 1 1
     494  1  19  26 1 1 1
     495  1  20  1 1 1 1
     496  1  20  2 1 1 1
     497  1  20  3 1 1 1
     498  1  20  4 1 1 1
     499  1  20  5 1 1 1
     500  1  20  6 1 1 1
     501  1  20  7 1 1 1
     502  1  20  8 1 1 1
     503  1  20  9 1 1 1
     504  1  20  10 1 1 1
     505  1  20  11 1 1 1
     506  1  20  12 1 1 1
     507  1  20  13 1 1 1
     508  1  20  14 1 1 1
     509  1  20  15 1 1 1
     510  1  20  16 1 1 1
     511  1  20  17 1 1 1
     512  1  20  18 1 1 1
     513  1  20  19 1 1 1
     514  1  20  20 1 1 1
     515  1  20  21 1 1 1
     516  1  20  22 1 1 1
     517  1  20  23 1 1 1
     518  1  20  24 1 1 1
     519  1  20  25 1 1 1
     520  1  20  26 1 1 1
     521  1  21  1 1 1 1
     522  1  21  2 1 1 1
     523  1  21  3 1 1 1
     524  1  21  4 1 1 1
     525  1  21  5 1 1 1
     526  1  21  6 1 1 1
     527  1  21  7 1 1 1
     528  1  21  8 1 1 1
     529  1  21  9 1 1 1
     530  1  21  10 1 1 1
     531  1  21  11 1 1 1
     532  1  21  12 1 1 1
     533  1  21  13 1 1 1
     534  1  21  14 1 1 1
     535  1  21  15 1 1 1
     536  1  21  16 1 1 1
     537  1  21  17 1 1 1
     538  1  21  18 1 1 1
     539  1  21  19 1 1 1
     540  1  21  20 1 1 1
     541  1  21  21 1 1 1
     542  1  21  22 1 1 1
     543  1  21  23 1 1 1
     544  1  21  24 1 1 1
     545  1  21  25 1 1 1
     546  1  21  26 1 1 1
     547  1  22  1 1 1 1
     548  1  22  2 1 1 1
     549  1  22  3 1 1 1
     550  1  22  4 1 1 1
     551  1  22  5 1 1 1
     552  1  22  6 1 1 1
     553  1  22  7 1 1 1
     554  1  22  8 1 1 1
     555  1  22  9 1 1 1
     556  1  22  10 1 1 1
     557  1  22  11 1 1 1
     558  1  22  12 1 1 1
     559  1  22  13 1 1 1
     560  1  22  14 1 1 1
     561  1  22  15 1 1 1
     562  1  22  16 1 1 1
     563  1  22  17 1 1 1
     564  1  22  18 1 1 1
     565  1  22  19 1 1 1
     566  1  22  20 1 1 1
     567  1  22  21 1 1 1
     568  1  22  22 1 1 1
     569  1  22  23 1 1 1
     570  1  22  24 1 1 1
     571  1  22  25 1 1 1
     572  1  22  26 1 1 1
     573  2  1  1 1 1 1
     574  2  1  2 1 1 1
     575  2  1  3 1 1 1
     576  2  1  4 1 1 1
     577  2  1  5 1 1 1
     578  2  1  6 1 1 1
     579  2  1  7 1 1 1
     580  2  1  8 1 1 1
     581  2  1  9 1 1 1
     582  2  1  10 1 1 1
     583  2  1  11 1 1 1
     584  2  1  12 1 1 1
     585  2  1  13 1 1 1
     586  2  1  14 1 1 1
     587  2  1  15 1 1 1
     588  2  1  16 1 1 1
     589  2  1  17 1 1 1
     590  2  1  18 1 1 1
     591  2  1  19 1 1 1
     592  2  1  20 1 1 1
     593  2  1  21 1 1 1
     594  2  1  22 1 1 1
     595  2  1  23 1 1 1
     596  2  1  24 1 1 1
     597  2  1  25 1 1 1
     598  2  1  26 1 1 1
     599  2  2  1 1 1 1
     600  2  2  2 1 1 1
     601  2  2  3 1 1 1
     602  2  2  4 1 1 1
     603  2  2  5 1 1 1
     604  2  2  6 1 1 1
     605  2  2  7 1 1 1
     606  2  2  8 1 1 1
     607  2  2  9 1 1 1
     608  2  2  10 1 1 1
     609  2  2  11 1 1 1
     610  2  2  12 1 1 1
     611  2  2  13 1 1 1
     612  2  2  14 1 1 1
     613  2  2  15 1 1 1
     614  2  2  16 1 1 1
     615  2  2  17 1 1 1
     616  2  2  18 1 1 1
     617  2  2  19 1 1 1
     618  2  2  20 1 1 1
     619  2  2  21 1 1 1
     620  2  2  22 1 1 1
     621  2  2  23 1 1 1
     622  2  2  24 1 1 1
     623  2  2  25 1 1 1
     624  2  2  26 1 1 1
     625  2  3  1 1 1 1
     626  2  3  2 1 1 1
     627  2  3  3 1 1 1
     628  2  3  4 1 1 1
     629  2  3  5 1 1 1
     630  2  3  6 1 1 1
     631  2  3  7 1 1 1
     632  2  3  8 1 1 1
     633  2  3  9 1 1 1
     634  2  3  10 1 1 1
     635  2  3  11 1 1 1
     636  2  3  12 1 1 1
     637  2  3  13 1 1 1
     638  2  3  14 1 1 1
     639  2  3  15 1 1 1
     640  2  3  16 1 1 1
     641  2  3  17 1 1 1
     642  2  3  18 1 1 1
     643  2  3  19 1 1 1
     644  2  3  20 1 1 1
     645  2  3  21 1 1 1
     646  2  3  22 1 1 1
     647  2  3  23 1 1 1
     648  2  3  24 1 1 1
     649  2  3  25 1 1 1
     650  2  3  26 1 1 1
     651  2  4  1 1 1 1
     652  2  4  2 1 1 1
     653  2  4  3 1 1 1
     654  2  4  4 1 1 1
     655  2  4  5 1 1 1
     656  2  4  6 1 1 1
     657  2  4  7 1 1 1
     658  2  4  8 1 1 1
     659  2  4  9 1 1 1
     660  2  4  10 1 1 1
     661  2  4  11 1 1 1
     662  2  4  12 1 1 1
     663  2  4  13 1 1 1
     664  2  4  14 1 1 1
     665  2  4  15 1 1 1
     666  2  4  16 1 1 1
     667  2  4  17 1 1 1
     668  2  4  18 1 1 1
     669  2  4  19 1 1 1
     670  2  4  20 1 1 1
     671  2  4  21 1 1 1
     672  2  4  22 1 1 1
     673  2  4  23 1 1 1
     674  2  4  24 1 1 1
     675  2  4  25 1 1 1
     676  2  4  26 1 1 1
     677  2  5  1 1 1 1
     678  2  5  2 1 1 1
     679  2  5  3 1 1 1
     680  2  5  4 1 1 1
     681  2  5  5 1 1 1
     682  2  5  6 1 1 1
     683  2  5  7 1 1 1
     684  2  5  8 1 1 1
     685  2  5  9 1 1 1
     686  2  5  10 1 1 1
     687  2  5  11 1 1 1
     688  2  5  12 1 1 1
     689  2  5  13 1 1 1
     690  2  5  14 1 1 1
     691  2  5  15 1 1 1
     692  2  5  16 1 1 1
     693  2  5  17 1 1 1
     694  2  5  18 1 1 1
     695  2  5  19 1 1 1
     696  2  5  20 1 1 1
     697  2  5  21 1 1 1
     698  2  5  22 1 1 1
     699  2  5  23 1 1 1
     700  2  5  24 1 1 1
     701  2  5  25 1 1 1
     702  2  5  26 1 1 1
     703  2  6  1 1 1 1
     704  2  6  2 1 1 1
     705  2  6  3 1 1 1
     706  2  6  4 1 1 1
     707  2  6  5 1 1 1
     708  2  6  6 1 1 1
     709  2  6  7 1 1 1
     710  2  6  8 1 1 1
     711  2  6  9 1 1 1
     712  2  6  10 1 1 1
     713  2  6  11 1 1 1
     714  2  6  12 1 1 1
     715  2  6  13 1 1 1
     716  2  6  14 1 1 1
     717  2  6  15 1 1 1
     718  2  6  16 1 1 1
     719  2  6  17 1 1 1
     720  2  6  18 1 1 1
     721  2  6  19 1 1 1
     722  2  6  20 1 1 1
     723  2  6  21 1 1 1
     724  2  6  22 1 1 1
     725  2  6  23 1 1 1
     726  2  6  24 1 1 1
     727  2  6  25 1 1 1
     728  2  6  26 1 1 1
     729  2  7  1 1 1 1
     730  2  7  2 1 1 1
     731  2  7  3 1 1 1
     732  2  7  4 1 1 1
     733  2  7  5 1 1 1
     734  2  7  6 1 1 1
     735  2  7  7 1 1 1
     736  2  7  8 1 1 1
     737  2  7  9 1 1 1
     738  2  7  10 1 1 1
     739  2  7  11 1 1 1
     740  2  7  12 1 1 1
     741  2  7  13 1 1 1
     742  2  7  14 1 1 1
     743  2  7  15 1 1 1
     744  2  7  16 1 1 1
     745  2  7  17 1 1 1
     746  2  7  18 1 1 1
     747  2  7  19 1 1 1
     748  2  7  20 1 1 1
     749  2  7  21 1 1 1
     750  2  7  22 1 1 1
     751  2  7  23 1 1 1
     752  2  7  24 1 1 1
     753  2  7  25 1 1 1
     754  2  7  26 1 1 1
     755  2  8  1 1 1 1
     756  2  8  2 1 1 1
     757  2  8  3 1 1 1
     758  2  8  4 1 1 1
     759  2  8  5 1 1 1
     760  2  8  6 1 1 1
     761  2  8  7 1 1 1
     762  2  8  8 1 1 1
     763  2  8  9 1 1 1
     764  2  8  10 1 1 1
     765  2  8  11 1 1 1
     766  2  8  12 1 1 1
     767  2  8  13 1 1 1
     768  2  8  14 1 1 1
     769  2  8  15 1 1 1
     770  2  8  16 1 1 1
     771  2  8  17 1 1 1
     772  2  8  18 1 1 1
     773  2  8  19 1 1 1
     774  2  8  20 1 1 1
     775  2  8  21 1 1 1
     776  2  8  22 1 1 1
     777  2  8  23 1 1 1
     778  2  8  24 1 1 1
     779  2  8  25 1 1 1
     780  2  8  26 1 1 1
     781  2  9  1 1 1 1
     782  2  9  2 1 1 1
     783  2  9  3 1 1 1
     784  2  9  4 1 1 1
     785  2  9  5 1 1 1
     786  2  9  6 1 1 1
     787  2  9  7 1 1 1
     788  2  9  8 1 1 1
     789  2  9  9 1 1 1
     790  2  9  10 1 1 1
     791  2  9  11 1 1 1
     792  2  9  12 1 1 1
     793  2  9  13 1 1 1
     794  2  9  14 1 1 1
     795  2  9  15 1 1 1
     796  2  9  16 1 1 1
     797  2  9  17 1 1 1
     798  2  9  18 1 1 1
     799  2  9  19 1 1 1
     800  2  9  20 1 1 1
     801  2  9  21 1 1 1
     802  2  9  22 1 1 1
     803  2  9  23 1 1 1
     804  2  9  24 1 1 1
     805  2  9  25 1 1 1
     806  2  9  26 1 1 1
     807  2  10  1 1 1 1
     808  2  10  2 1 1 1
     809  2  10  3 1 1 1
     810  2  10  4 1 1 1
     811  2  10  5 1 1 1
     812  2  10  6 1 1 1
     813  2  10  7 1 1 1
     814  2  10  8 1 1 1
     815  2  10  9 1 1 1
     816  2  10  10 1 1 1
     817  2  10  11 1 1 1
     818  2  10  12 1 1 1
     819  2  10  13 1 1 1
     820  2  10  14 1 1 1
     821  2  10  15 1 1 1
     822  2  10  16 1 1 1
     823  2  10  17 1 1 1
     824  2  10  18 1 1 1
     825  2  10  19 1 1 1
     826  2  10  20 1 1 1
     827  2  10  21 1 1 1
     828  2  10  22 1 1 1
     829  2  10  23 1 1 1
     830  2  10  24 1 1 1
     831  2  10  25 1 1 1
     832  2  10  26 1 1 1
     833  2  11  1 1 1 1
     834  2  11  2 1 1 1
     835  2  11  3 1 1 1
     836  2  11  4 1 1 1
     837  2  11  5 1 1 1
     838  2  11  6 1 1 1
     839  2  11  7 1 1 1
     840  2  11  8 1 1 1
     841  2  11  9 1 1 1
     842  2  11  10 1 1 1
     843  2  11  11 1 1 1
     844  2  11  12 1 1 1
     845  2  11  13 1 1 1
     846  2  11  14 1 1 1
     847  2  11  15 1 1 1
     848  2  11  16 1 1 1
     849  2  11  17 1 1 1
     850  2  11  18 1 1 1
     851  2  11  19 1 1 1
     852  2  11  20 1 1 1
     853  2  11  21 1 1 1
     854  2  11  22 1 1 1
     855  2  11  23 1 1 1
     856  2  11  24 1 1 1
     857  2  11  25 1 1 1
     858  2  11  26 1 1 1
     859  2  12  1 1 1 1
     860  2  12  2 1 1 1
     861  2  12  3 1 1 1
     862  2  12  4 1 1 1
     863  2  12  5 1 1 1
     864  2  12  6 1 1 1
     865  2  12  7 1 1 1
     866  2  12  8 1 1 1
     867  2  12  9 1 1 1
     868  2  12  10 1 1 1
     869  2  12  11 1 1 1
     870  2  12  12 1 1 1
     871  2  12  13 1 1 1
     872  2  12  14 1 1 1
     873  2  12  15 1 1 1
     874  2  12  16 1 1 1
     875  2  12  17 1 1 1
     876  2  12  18 1 1 1
     877  2  12  19 1 1 1
     878  2  12  20 1 1 1
     879  2  12  21 1 1 1
     880  2  12  22 1 1 1
     881  2  12  23 1 1 1
     882  2  12  24 1 1 1
     883  2  12  25 1 1 1
     884  2  12  26 1 1 1
     885  2  13  1 1 1 1
     886  2  13  2 1 1 1
     887  2  13  3 1 1 1
     888  2  13  4 1 1 1
     889  2  13  5 1 1 1
     890  2  13  6 1 1 1
     891  2  13  7 1 1 1
     892  2  13  8 1 1 1
     893  2  13  9 1 1 1
     894  2  13  10 1 1 1
     895  2  13  11 1 1 1
     896  2  13  12 1 1 1
     897  2  13  13 1 1 1
     898  2  13  14 1 1 1
     899  2  13  15 1 1 1
     900  2  13  16 1 1 1
     901  2  13  17 1 1 1
     902  2  13  18 1 1 1
     903  2  13  19 1 1 1
     904  2  13  20 1 1 1
     905  2  13  21 1 1 1
     906  2  13  22 1 1 1
     907  2  13  23 1 1 1
     908  2  13  24 1 1 1
     909  2  13  25 1 1 1
     910  2  13  26 1 1 1
     911  2  14  1 1 1 1
     912  2  14  2 1 1 1
     913  2  14  3 1 1 1
     914  2  14  4 1 1 1
     915  2  14  5 1 1 1
     916  2  14  6 1 1 1
     917  2  14  7 1 1 1
     918  2  14  8 1 1 1
     919  2  14  9 1 1 1
     920  2  14  10 1 1 1
     921  2  14  11 1 1 1
     922  2  14  12 1 1 1
     923  2  14  13 1 1 1
     924  2  14  14 1 1 1
     925  2  14  15 1 1 1
     926  2  14  16 1 1 1
     927  2  14  17 1 1 1
     928  2  14  18 1 1 1
     929  2  14  19 1 1 1
     930  2  14  20 1 1 1
     931  2  14  21 1 1 1
     932  2  14  22 1 1 1
     933  2  14  23 1 1 1
     934  2  14  24 1 1 1
     935  2  14  25 1 1 1
     936  2  14  26 1 1 1
     937  2  15  1 1 1 1
     938  2  15  2 1 1 1
     939  2  15  3 1 1 1
     940  2  15  4 1 1 1
     941  2  15  5 1 1 1
     942  2  15  6 1 1 1
     943  2  15  7 1 1 1
     944  2  15  8 1 1 1
     945  2  15  9 1 1 1
     946  2  15  10 1 1 1
     947  2  15  11 1 1 1
     948  2  15  12 1 1 1
     949  2  15  13 1 1 1
     950  2  15  14 1 1 1
     951  2  15  15 1 1 1
     952  2  15  16 1 1 1
     953  2  15  17 1 1 1
     954  2  15  18 1 1 1
     955  2  15  19 1 1 1
     956  2  15  20 1 1 1
     957  2  15  21 1 1 1
     958  2  15  22 1 1 1
     959  2  15  23 1 1 1
     960  2  15  24 1 1 1
     961  2  15  25 1 1 1
     962  2  15  26 1 1 1
     963  2  16  1 1 1 1
     964  2  16  2 1 1 1
     965  2  16  3 1 1 1
     966  2  16  4 1 1 1
     967  2  16  5 1 1 1
     968  2  16  6 1 1 1
     969  2  16  7 1 1 1
     970  2  16  8 1 1 1
     971  2  16  9 1 1 1
     972  2  16  10 1 1 1
     973  2  16  11 1 1 1
     974  2  16  12 1 1 1
     975  2  16  13 1 1 1
     976  2  16  14 1 1 1
     977  2  16  15 1 1 1
     978  2  16  16 1 1 1
     979  2  16  17 1 1 1
     980  2  16  18 1 1 1
     981  2  16  19 1 1 1
     982  2  16  20 1 1 1
     983  2  16  21 1 1 1
     984  2  16  22 1 1 1
     985  2  16  23 1 1 1
     986  2  16  24 1 1 1
     987  2  16  25 1 1 1
     988  2  16  26 1 1 1
     989  2  17  1 1 1 1
     990  2  17  2 1 1 1
     991  2  17  3 1 1 1
     992  2  17  4 1 1 1
     993  2  17  5 1 1 1
     994  2  17  6 1 1 1
     995  2  17  7 1 1 1
     996  2  17  8 1 1 1
     997  2  17  9 1 1 1
     998  2  17  10 1 1 1
     999  2  17  11 1 1 1
     1000  2  17  12 1 1 1
     1001  2  17  13 1 1 1
     1002  2  17  14 1 1 1
     1003  2  17  15 1 1 1
     1004  2  17  16 1 1 1
     1005  2  17  17 1 1 1
     1006  2  17  18 1 1 1
     1007  2  17  19 1 1 1
     1008  2  17  20 1 1 1
     1009  2  17  21 1 1 1
     1010  2  17  22 1 1 1
     1011  2  17  23 1 1 1
     1012  2  17  24 1 1 1
     1013  2  17  25 1 1 1
     1014  2  17  26 1 1 1
     1015  2  18  1 1 1 1
     1016  2  18  2 1 1 1
     1017  2  18  3 1 1 1
     1018  2  18  4 1 1 1
     1019  2  18  5 1 1 1
     1020  2  18  6 1 1 1
     1021  2  18  7 1 1 1
     1022  2  18  8 1 1 1
     1023  2  18  9 1 1 1
     1024  2  18  10 1 1 1
     1025  2  18  11 1 1 1
     1026  2  18  12 1 1 1
     1027  2  18  13 1 1 1
     1028  2  18  14 1 1 1
     1029  2  18  15 1 1 1
     1030  2  18  16 1 1 1
     1031  2  18  17 1 1 1
     1032  2  18  18 1 1 1
     1033  2  18  19 1 1 1
     1034  2  18  20 1 1 1
     1035  2  18  21 1 1 1
     1036  2  18  22 1 1 1
     1037  2  18  23 1 1 1
     1038  2  18  24 1 1 1
     1039  2  18  25 1 1 1
     1040  2  18  26 1 1 1
     1041  2  19  1 1 1 1
     1042  2  19  2 1 1 1
     1043  2  19  3 1 1 1
     1044  2  19  4 1 1 1
     1045  2  19  5 1 1 1
     1046  2  19  6 1 1 1
     1047  2  19  7 1 1 1
     1048  2  19  8 1 1 1
     1049  2  19  9 1 1 1
     1050  2  19  10 1 1 1
     1051  2  19  11 1 1 1
     1052  2  19  12 1 1 1
     1053  2  19  13 1 1 1
     1054  2  19  14 1 1 1
     1055  2  19  15 1 1 1
     1056  2  19  16 1 1 1
     1057  2  19  17 1 1 1
     1058  2  19  18 1 1 1
     1059  2  19  19 1 1 1
     1060  2  19  20 1 1 1
     1061  2  19  21 1 1 1
     1062  2  19  22 1 1 1
     1063  2  19  23 1 1 1
     1064  2  19  24 1 1 1
     1065  2  19  25 1 1 1
     1066  2  19  26 1 1 1
     1067  2  20  1 1 1 1
     1068  2  20  2 1 1 1
     1069  2  20  3 1 1 1
     1070  2  20  4 1 1 1
     1071  2  20  5 1 1 1
     1072  2  20  6 1 1 1
     1073  2  20  7 1 1 1
     1074  2  20  8 1 1 1
     1075  2  20  9 1 1 1
     1076  2  20  10 1 1 1
     1077  2  20  11 1 1 1
     1078  2  20  12 1 1 1
     1079  2  20  13 1 1 1
     1080  2  20  14 1 1 1
     1081  2  20  15 1 1 1
     1082  2  20  16 1 1 1
     1083  2  20  17 1 1 1
     1084  2  20  18 1 1 1
     1085  2  20  19 1 1 1
     1086  2  20  20 1 1 1
     1087  2  20  21 1 1 1
     1088  2  20  22 1 1 1
     1089  2  20  23 1 1 1
     1090  2  20  24 1 1 1
     1091  2  20  25 1 1 1
     1092  2  20  26 1 1 1
     1093  2  21  1 1 1 1
     1094  2  21  2 1 1 1
     1095  2  21  3 1 1 1
     1096  2  21  4 1 1 1
     1097  2  21  5 1 1 1
     1098  2  21  6 1 1 1
     1099  2  21  7 1 1 1
     1100  2  21  8 1 1 1
     1101  2  21  9 1 1 1
     1102  2  21  10 1 1 1
     1103  2  21  11 1 1 1
     1104  2  21  12 1 1 1
     1105  2  21  13 1 1 1
     1106  2  21  14 1 1 1
     1107  2  21  15 1 1 1
     1108  2  21  16 1 1 1
     1109  2  21  17 1 1 1
     1110  2  21  18 1 1 1
     1111  2  21  19 1 1 1
     1112  2  21  20 1 1 1
     1113  2  21  21 1 1 1
     1114  2  21  22 1 1 1
     1115  2  21  23 1 1 1
     1116  2  21  24 1 1 1
     1117  2  21  25 1 1 1
     1118  2  21  26 1 1 1
     1119  2  22  1 1 1 1
     1120  2  22  2 1 1 1
     1121  2  22  3 1 1 1
     1122  2  22  4 1 1 1
     1123  2  22  5 1 1 1
     1124  2  22  6 1 1 1
     1125  2  22  7 1 1 1
     1126  2  22  8 1 1 1
     1127  2  22  9 1 1 1
     1128  2  22  10 1 1 1
     1129  2  22  11 1 1 1
     1130  2  22  12 1 1 1
     1131  2  22  13 1 1 1
     1132  2  22  14 1 1 1
     1133  2  22  15 1 1 1
     1134  2  22  16 1 1 1
     1135  2  22  17 1 1 1
     1136  2  22  18 1 1 1
     1137  2  22  19 1 1 1
     1138  2  22  20 1 1 1
     1139  2  22  21 1 1 1
     1140  2  22  22 1 1 1
     1141  2  22  23 1 1 1
     1142  2  22  24 1 1 1
     1143  2  22  25 1 1 1
     1144  2  22  26 1 1 1