>GEOMETRY   rect_prism; AX,AY,AZ= 0.6448 0.6448 0.6448
     1408 = NAT 
  1.000000  0.000000  0.000000 = A_1 vector
  0.000000  1.000000  0.000000 = A_2 vector
  1.000000  1.000000  1.000000 = lattice spacings (d_x,d_y,d_z)/d
 -0.15620 -0.05080 -0.01625 = lattice offset x0(1-3) = (x_TF, y_TF, z_TF)/d for dipole 0 0 0
     JA  IX  IY  IZ ICOMP(x,y,z)
     1  1  1  1 1 1 1
     2  1  1  2 1 1 1
     3  1  1  3 1 1 1
     4  1  1  4 1 1 1
     5  1  2  1 1 1 1
     6  1  2  2 1 1 1
     7  1  2  3 1 1 1
     8  1  2  4 1 1 1
     9  1  3  1 1 1 1
     10  1  3  2 1 1 1
     11  1  3  3 1 1 1
     12  1  3  4 1 1 1
     13  1  4  1 1 1 1
     14  1  4  2 1 1 1
     15  1  4  3 1 1 1
     16  1  4  4 1 1 1
     17  1  5  1 1 1 1
     18  1  5  2 1 1 1
     19  1  5  3 1 1 1
     20  1  5  4 1 1 1
     21  1  6  1 1 1 1
     22  1  6  2 1 1 1
     23  1  6  3 1 1 1
     24  1  6  4 1 1 1
     25  1  7  1 1 1 1
     26  1  7  2 1 1 1
     27  1  7  3 1 1 1
     28  1  7  4 1 1 1
     29  1  8  1 1 1 1
     30  1  8  2 1 1 1
     31  1  8  3 1 1 1
     32  1  8  4 1 1 1
     33  1  9  1 1 1 1
     34  1  9  2 1 1 1
     35  1  9  3 1 1 1
     36  1  9  4 1 1 1
     37  1  10  1 1 1 1
     38  1  10  2 1 1 1
     39  1  10  3 1 1 1
     40  1  10  4 1 1 1
     41  1  11  1 1 1 1
     42  1  11  2 1 1 1
     43  1  11  3 1 1 1
     44  1  11  4 1 1 1
     45  2  1  1 1 1 1
     46  2  1  2 1 1 1
     47  2  1  3 1 1 1
     48  2  1  4 1 1 1
     49  2  2  1 1 1 1
     50  2  2  2 1 1 1
     51  2  2  3 1 1 1
     52  2  2  4 1 1 1
     53  2  3  1 1 1 1
     54  2  3  2 1 1 1
     55  2  3  3 1 1 1
     56  2  3  4 1 1 1
     57  2  4  1 1 1 1
     58  2  4  2 1 1 1
     59  2  4  3 1 1 1
     60  2  4  4 1 1 1
     61  2  5  1 1 1 1
     62  2  5  2 1 1 1
     63  2  5  3 1 1 1
     64  2  5  4 1 1 1
     65  2  6  1 1 1 1
     66  2  6  2 1 1 1
     67  2  6  3 1 1 1
     68  2  6  4 1 1 1
     69  2  7  1 1 1 1
     70  2  7  2 1 1 1
     71  2  7  3 1 1 1
     72  2  7  4 1 1 1
     73  2  8  1 1 1 1
     74  2  8  2 1 1 1
     75  2  8  3 1 1 1
     76  2  8  4 1 1 1
     77  2  9  1 1 1 1
     78  2  9  2 1 1 1
     79  2  9  3 1 1 1
     80  2  9  4 1 1 1
     81  2  10  1 1 1 1
     82  2  10  2 1 1 1
     83  2  10  3 1 1 1
     84  2  10  4 1 1 1
     85  2  11  1 1 1 1
     86  2  11  2 1 1 1
     87  2  11  3 1 1 1
     88  2  11  4 1 1 1
     89  3  1  1 1 1 1
     90  3  1  2 1 1 1
     91  3  1  3 1 1 1
     92  3  1  4 1 1 1
     93  3  2  1 1 1 1
     94  3  2  2 1 1 1
     95  3  2  3 1 1 1
     96  3  2  4 1 1 1
     97  3  3  1 1 1 1
     98  3  3  2 1 1 1
     99  3  3  3 1 1 1
     100  3  3  4 1 1 1
     101  3  4  1 1 1 1
     102  3  4  2 1 1 1
     103  3  4  3 1 1 1
     104  3  4  4 1 1 1
     105  3  5  1 1 1 1
     106  3  5  2 1 1 1
     107  3  5  3 1 1 1
     108  3  5  4 1 1 1
     109  3  6  1 1 1 1
     110  3  6  2 1 1 1
     111  3  6  3 1 1 1
     112  3  6  4 1 1 1
     113  3  7  1 1 1 1
     114  3  7  2 1 1 1
     115  3  7  3 1 1 1
     116  3  7  4 1 1 1
     117  3  8  1 1 1 1
     118  3  8  2 1 1 1
     119  3  8  3 1 1 1
     120  3  8  4 1 1 1
     121  3  9  1 1 1 1
     122  3  9  2 1 1 1
     123  3  9  3 1 1 1
     124  3  9  4 1 1 1
     125  3  10  1 1 1 1
     126  3  10  2 1 1 1
     127  3  10  3 1 1 1
     128  3  10  4 1 1 1
     129  3  11  1 1 1 1
     130  3  11  2 1 1 1
     131  3  11  3 1 1 1
     132  3  11  4 1 1 1
     133  4  1  1 1 1 1
     134  4  1  2 1 1 1
     135  4  1  3 1 1 1
     136  4  1  4 1 1 1
     137  4  2  1 1 1 1
     138  4  2  2 1 1 1
     139  4  2  3 1 1 1
     140  4  2  4 1 1 1
     141  4  3  1 1 1 1
     142  4  3  2 1 1 1
     143  4  3  3 1 1 1
     144  4  3  4 1 1 1
     145  4  4  1 1 1 1
     146  4  4  2 1 1 1
     147  4  4  3 1 1 1
     148  4  4  4 1 1 1
     149  4  5  1 1 1 1
     150  4  5  2 1 1 1
     151  4  5  3 1 1 1
     152  4  5  4 1 1 1
     153  4  6  1 1 1 1
     154  4  6  2 1 1 1
     155  4  6  3 1 1 1
     156  4  6  4 1 1 1
     157  4  7  1 1 1 1
     158  4  7  2 1 1 1
     159  4  7  3 1 1 1
     160  4  7  4 1 1 1
     161  4  8  1 1 1 1
     162  4  8  2 1 1 1
     163  4  8  3 1 1 1
     164  4  8  4 1 1 1
     165  4  9  1 1 1 1
     166  4  9  2 1 1 1
     167  4  9  3 1 1 1
     168  4  9  4 1 1 1
     169  4  10  1 1 1 1
     170  4  10  2 1 1 1
     171  4  10  3 1 1 1
     172  4  10  4 1 1 1
     173  4  11  1 1 1 1
     174  4  11  2 1 1 1
     175  4  11  3 1 1 1
     176  4  11  4 1 1 1
     177  5  1  1 1 1 1
     178  5  1  2 1 1 1
     179  5  1  3 1 1 1
     180  5  1  4 1 1 1
     181  5  2  1 1 1 1
     182  5  2  2 1 1 1
     183  5  2  3 1 1 1
     184  5  2  4 1 1 1
     185  5  3  1 1 1 1
     186  5  3  2 1 1 1
     187  5  3  3 1 1 1
     188  5  3  4 1 1 1
     189  5  4  1 1 1 1
     190  5  4  2 1 1 1
     191  5  4  3 1 1 1
     192  5  4  4 1 1 1
     193  5  5  1 1 1 1
     194  5  5  2 1 1 1
     195  5  5  3 1 1 1
     196  5  5  4 1 1 1
     197  5  6  1 1 1 1
     198  5  6  2 1 1 1
     199  5  6  3 1 1 1
     200  5  6  4 1 1 1
     201  5  7  1 1 1 1
     202  5  7  2 1 1 1
     203  5  7  3 1 1 1
     204  5  7  4 1 1 1
     205  5  8  1 1 1 1
     206  5  8  2 1 1 1
     207  5  8  3 1 1 1
     208  5  8  4 1 1 1
     209  5  9  1 1 1 1
     210  5  9  2 1 1 1
     211  5  9  3 1 1 1
     212  5  9  4 1 1 1
     213  5  10  1 1 1 1
     214  5  10  2 1 1 1
     215  5  10  3 1 1 1
     216  5  10  4 1 1 1
     217  5  11  1 1 1 1
     218  5  11  2 1 1 1
     219  5  11  3 1 1 1
     220  5  11  4 1 1 1
     221  6  1  1 1 1 1
     222  6  1  2 1 1 1
     223  6  1  3 1 1 1
     224  6  1  4 1 1 1
     225  6  2  1 1 1 1
     226  6  2  2 1 1 1
     227  6  2  3 1 1 1
     228  6  2  4 1 1 1
     229  6  3  1 1 1 1
     230  6  3  2 1 1 1
     231  6  3  3 1 1 1
     232  6  3  4 1 1 1
     233  6  4  1 1 1 1
     234  6  4  2 1 1 1
     235  6  4  3 1 1 1
     236  6  4  4 1 1 1
     237  6  5  1 1 1 1
     238  6  5  2 1 1 1
     239  6  5  3 1 1 1
     240  6  5  4 1 1 1
     241  6  6  1 1 1 1
     242  6  6  2 1 1 1
     243  6  6  3 1 1 1
     244  6  6  4 1 1 1
     245  6  7  1 1 1 1
     246  6  7  2 1 1 1
     247  6  7  3 1 1 1
     248  6  7  4 1 1 1
     249  6  8  1 1 1 1
     250  6  8  2 1 1 1
     251  6  8  3 1 1 1
     252  6  8  4 1 1 1
     253  6  9  1 1 1 1
     254  6  9  2 1 1 1
     255  6  9  3 1 1 1
     256  6  9  4 1 1 1
     257  6  10  1 1 1 1
     258  6  10  2 1 1 1
     259  6  10  3 1 1 1
     260  6  10  4 1 1 1
     261  6  11  1 1 1 1
     262  6  11  2 1 1 1
     263  6  11  3 1 1 1
     264  6  11  4 1 1 1
     265  7  1  1 1 1 1
     266  7  1  2 1 1 1
     267  7  1  3 1 1 1
     268  7  1  4 1 1 1
     269  7  2  1 1 1 1
     270  7  2  2 1 1 1
     271  7  2  3 1 1 1
     272  7  2  4 1 1 1
     273  7  3  1 1 1 1
     274  7  3  2 1 1 1
     275  7  3  3 1 1 1
     276  7  3  4 1 1 1
     277  7  4  1 1 1 1
     278  7  4  2 1 1 1
     279  7  4  3 1 1 1
     280  7  4  4 1 1 1
     281  7  5  1 1 1 1
     282  7  5  2 1 1 1
     283  7  5  3 1 1 1
     284  7  5  4 1 1 1
     285  7  6  1 1 1 1
     286  7  6  2 1 1 1
     287  7  6  3 1 1 1
     288  7  6  4 1 1 1
     289  7  7  1 1 1 1
     290  7  7  2 1 1 1
     291  7  7  3 1 1 1
     292  7  7  4 1 1 1
     293  7  8  1 1 1 1
     294  7  8  2 1 1 1
     295  7  8  3 1 1 1
     296  7  8  4 1 1 1
     297  7  9  1 1 1 1
     298  7  9  2 1 1 1
     299  7  9  3 1 1 1
     300  7  9  4 1 1 1
     301  7  10  1 1 1 1
     302  7  10  2 1 1 1
     303  7  10  3 1 1 1
     304  7  10  4 1 1 1
     305  7  11  1 1 1 1
     306  7  11  2 1 1 1
     307  7  11  3 1 1 1
     308  7  11  4 1 1 1
     309  8  1  1 1 1 1
     310  8  1  2 1 1 1
     311  8  1  3 1 1 1
     312  8  1  4 1 1 1
     313  8  2  1 1 1 1
     314  8  2  2 1 1 1
     315  8  2  3 1 1 1
     316  8  2  4 1 1 1
     317  8  3  1 1 1 1
     318  8  3  2 1 1 1
     319  8  3  3 1 1 1
     320  8  3  4 1 1 1
     321  8  4  1 1 1 1
     322  8  4  2 1 1 1
     323  8  4  3 1 1 1
     324  8  4  4 1 1 1
     325  8  5  1 1 1 1
     326  8  5  2 1 1 1
     327  8  5  3 1 1 1
     328  8  5  4 1 1 1
     329  8  6  1 1 1 1
     330  8  6  2 1 1 1
     331  8  6  3 1 1 1
     332  8  6  4 1 1 1
     333  8  7  1 1 1 1
     334  8  7  2 1 1 1
     335  8  7  3 1 1 1
     336  8  7  4 1 1 1
     337  8  8  1 1 1 1
     338  8  8  2 1 1 1
     339  8  8  3 1 1 1
     340  8  8  4 1 1 1
     341  8  9  1 1 1 1
     342  8  9  2 1 1 1
     343  8  9  3 1 1 1
     344  8  9  4 1 1 1
     345  8  10  1 1 1 1
     346  8  10  2 1 1 1
     347  8  10  3 1 1 1
     348  8  10  4 1 1 1
     349  8  11  1 1 1 1
     350  8  11  2 1 1 1
     351  8  11  3 1 1 1
     352  8  11  4 1 1 1
     353  9  1  1 1 1 1
     354  9  1  2 1 1 1
     355  9  1  3 1 1 1
     356  9  1  4 1 1 1
     357  9  2  1 1 1 1
     358  9  2  2 1 1 1
     359  9  2  3 1 1 1
     360  9  2  4 1 1 1
     361  9  3  1 1 1 1
     362  9  3  2 1 1 1
     363  9  3  3 1 1 1
     364  9  3  4 1 1 1
     365  9  4  1 1 1 1
     366  9  4  2 1 1 1
     367  9  4  3 1 1 1
     368  9  4  4 1 1 1
     369  9  5  1 1 1 1
     370  9  5  2 1 1 1
     371  9  5  3 1 1 1
     372  9  5  4 1 1 1
     373  9  6  1 1 1 1
     374  9  6  2 1 1 1
     375  9  6  3 1 1 1
     376  9  6  4 1 1 1
     377  9  7  1 1 1 1
     378  9  7  2 1 1 1
     379  9  7  3 1 1 1
     380  9  7  4 1 1 1
     381  9  8  1 1 1 1
     382  9  8  2 1 1 1
     383  9  8  3 1 1 1
     384  9  8  4 1 1 1
     385  9  9  1 1 1 1
     386  9  9  2 1 1 1
     387  9  9  3 1 1 1
     388  9  9  4 1 1 1
     389  9  10  1 1 1 1
     390  9  10  2 1 1 1
     391  9  10  3 1 1 1
     392  9  10  4 1 1 1
     393  9  11  1 1 1 1
     394  9  11  2 1 1 1
     395  9  11  3 1 1 1
     396  9  11  4 1 1 1
     397  10  1  1 1 1 1
     398  10  1  2 1 1 1
     399  10  1  3 1 1 1
     400  10  1  4 1 1 1
     401  10  2  1 1 1 1
     402  10  2  2 1 1 1
     403  10  2  3 1 1 1
     404  10  2  4 1 1 1
     405  10  3  1 1 1 1
     406  10  3  2 1 1 1
     407  10  3  3 1 1 1
     408  10  3  4 1 1 1
     409  10  4  1 1 1 1
     410  10  4  2 1 1 1
     411  10  4  3 1 1 1
     412  10  4  4 1 1 1
     413  10  5  1 1 1 1
     414  10  5  2 1 1 1
     415  10  5  3 1 1 1
     416  10  5  4 1 1 1
     417  10  6  1 1 1 1
     418  10  6  2 1 1 1
     419  10  6  3 1 1 1
     420  10  6  4 1 1 1
     421  10  7  1 1 1 1
     422  10  7  2 1 1 1
     423  10  7  3 1 1 1
     424  10  7  4 1 1 1
     425  10  8  1 1 1 1
     426  10  8  2 1 1 1
     427  10  8  3 1 1 1
     428  10  8  4 1 1 1
     429  10  9  1 1 1 1
     430  10  9  2 1 1 1
     431  10  9  3 1 1 1
     432  10  9  4 1 1 1
     433  10  10  1 1 1 1
     434  10  10  2 1 1 1
     435  10  10  3 1 1 1
     436  10  10  4 1 1 1
     437  10  11  1 1 1 1
     438  10  11  2 1 1 1
     439  10  11  3 1 1 1
     440  10  11  4 1 1 1
     441  11  1  1 1 1 1
     442  11  1  2 1 1 1
     443  11  1  3 1 1 1
     444  11  1  4 1 1 1
     445  11  2  1 1 1 1
     446  11  2  2 1 1 1
     447  11  2  3 1 1 1
     448  11  2  4 1 1 1
     449  11  3  1 1 1 1
     450  11  3  2 1 1 1
     451  11  3  3 1 1 1
     452  11  3  4 1 1 1
     453  11  4  1 1 1 1
     454  11  4  2 1 1 1
     455  11  4  3 1 1 1
     456  11  4  4 1 1 1
     457  11  5  1 1 1 1
     458  11  5  2 1 1 1
     459  11  5  3 1 1 1
     460  11  5  4 1 1 1
     461  11  6  1 1 1 1
     462  11  6  2 1 1 1
     463  11  6  3 1 1 1
     464  11  6  4 1 1 1
     465  11  7  1 1 1 1
     466  11  7  2 1 1 1
     467  11  7  3 1 1 1
     468  11  7  4 1 1 1
     469  11  8  1 1 1 1
     470  11  8  2 1 1 1
     471  11  8  3 1 1 1
     472  11  8  4 1 1 1
     473  11  9  1 1 1 1
     474  11  9  2 1 1 1
     475  11  9  3 1 1 1
     476  11  9  4 1 1 1
     477  11  10  1 1 1 1
     478  11  10  2 1 1 1
     479  11  10  3 1 1 1
     480  11  10  4 1 1 1
     481  11  11  1 1 1 1
     482  11  11  2 1 1 1
     483  11  11  3 1 1 1
     484  11  11  4 1 1 1
     485  12  1  1 1 1 1
     486  12  1  2 1 1 1
     487  12  1  3 1 1 1
     488  12  1  4 1 1 1
     489  12  2  1 1 1 1
     490  12  2  2 1 1 1
     491  12  2  3 1 1 1
     492  12  2  4 1 1 1
     493  12  3  1 1 1 1
     494  12  3  2 1 1 1
     495  12  3  3 1 1 1
     496  12  3  4 1 1 1
     497  12  4  1 1 1 1
     498  12  4  2 1 1 1
     499  12  4  3 1 1 1
     500  12  4  4 1 1 1
     501  12  5  1 1 1 1
     502  12  5  2 1 1 1
     503  12  5  3 1 1 1
     504  12  5  4 1 1 1
     505  12  6  1 1 1 1
     506  12  6  2 1 1 1
     507  12  6  3 1 1 1
     508  12  6  4 1 1 1
     509  12  7  1 1 1 1
     510  12  7  2 1 1 1
     511  12  7  3 1 1 1
     512  12  7  4 1 1 1
     513  12  8  1 1 1 1
     514  12  8  2 1 1 1
     515  12  8  3 1 1 1
     516  12  8  4 1 1 1
     517  12  9  1 1 1 1
     518  12  9  2 1 1 1
     519  12  9  3 1 1 1
     520  12  9  4 1 1 1
     521  12  10  1 1 1 1
     522  12  10  2 1 1 1
     523  12  10  3 1 1 1
     524  12  10  4 1 1 1
     525  12  11  1 1 1 1
     526  12  11  2 1 1 1
     527  12  11  3 1 1 1
     528  12  11  4 1 1 1
     529  13  1  1 1 1 1
     530  13  1  2 1 1 1
     531  13  1  3 1 1 1
     532  13  1  4 1 1 1
     533  13  2  1 1 1 1
     534  13  2  2 1 1 1
     535  13  2  3 1 1 1
     536  13  2  4 1 1 1
     537  13  3  1 1 1 1
     538  13  3  2 1 1 1
     539  13  3  3 1 1 1
     540  13  3  4 1 1 1
     541  13  4  1 1 1 1
     542  13  4  2 1 1 1
     543  13  4  3 1 1 1
     544  13  4  4 1 1 1
     545  13  5  1 1 1 1
     546  13  5  2 1 1 1
     547  13  5  3 1 1 1
     548  13  5  4 1 1 1
     549  13  6  1 1 1 1
     550  13  6  2 1 1 1
     551  13  6  3 1 1 1
     552  13  6  4 1 1 1
     553  13  7  1 1 1 1
     554  13  7  2 1 1 1
     555  13  7  3 1 1 1
     556  13  7  4 1 1 1
     557  13  8  1 1 1 1
     558  13  8  2 1 1 1
     559  13  8  3 1 1 1
     560  13  8  4 1 1 1
     561  13  9  1 1 1 1
     562  13  9  2 1 1 1
     563  13  9  3 1 1 1
     564  13  9  4 1 1 1
     565  13  10  1 1 1 1
     566  13  10  2 1 1 1
     567  13  10  3 1 1 1
     568  13  10  4 1 1 1
     569  13  11  1 1 1 1
     570  13  11  2 1 1 1
     571  13  11  3 1 1 1
     572  13  11  4 1 1 1
     573  14  1  1 1 1 1
     574  14  1  2 1 1 1
     575  14  1  3 1 1 1
     576  14  1  4 1 1 1
     577  14  2  1 1 1 1
     578  14  2  2 1 1 1
     579  14  2  3 1 1 1
     580  14  2  4 1 1 1
     581  14  3  1 1 1 1
     582  14  3  2 1 1 1
     583  14  3  3 1 1 1
     584  14  3  4 1 1 1
     585  14  4  1 1 1 1
     586  14  4  2 1 1 1
     587  14  4  3 1 1 1
     588  14  4  4 1 1 1
     589  14  5  1 1 1 1
     590  14  5  2 1 1 1
     591  14  5  3 1 1 1
     592  14  5  4 1 1 1
     593  14  6  1 1 1 1
     594  14  6  2 1 1 1
     595  14  6  3 1 1 1
     596  14  6  4 1 1 1
     597  14  7  1 1 1 1
     598  14  7  2 1 1 1
     599  14  7  3 1 1 1
     600  14  7  4 1 1 1
     601  14  8  1 1 1 1
     602  14  8  2 1 1 1
     603  14  8  3 1 1 1
     604  14  8  4 1 1 1
     605  14  9  1 1 1 1
     606  14  9  2 1 1 1
     607  14  9  3 1 1 1
     608  14  9  4 1 1 1
     609  14  10  1 1 1 1
     610  14  10  2 1 1 1
     611  14  10  3 1 1 1
     612  14  10  4 1 1 1
     613  14  11  1 1 1 1
     614  14  11  2 1 1 1
     615  14  11  3 1 1 1
     616  14  11  4 1 1 1
     617  15  1  1 1 1 1
     618  15  1  2 1 1 1
     619  15  1  3 1 1 1
     620  15  1  4 1 1 1
     621  15  2  1 1 1 1
     622  15  2  2 1 1 1
     623  15  2  3 1 1 1
     624  15  2  4 1 1 1
     625  15  3  1 1 1 1
     626  15  3  2 1 1 1
     627  15  3  3 1 1 1
     628  15  3  4 1 1 1
     629  15  4  1 1 1 1
     630  15  4  2 1 1 1
     631  15  4  3 1 1 1
     632  15  4  4 1 1 1
     633  15  5  1 1 1 1
     634  15  5  2 1 1 1
     635  15  5  3 1 1 1
     636  15  5  4 1 1 1
     637  15  6  1 1 1 1
     638  15  6  2 1 1 1
     639  15  6  3 1 1 1
     640  15  6  4 1 1 1
     641  15  7  1 1 1 1
     642  15  7  2 1 1 1
     643  15  7  3 1 1 1
     644  15  7  4 1 1 1
     645  15  8  1 1 1 1
     646  15  8  2 1 1 1
     647  15  8  3 1 1 1
     648  15  8  4 1 1 1
     649  15  9  1 1 1 1
     650  15  9  2 1 1 1
     651  15  9  3 1 1 1
     652  15  9  4 1 1 1
     653  15  10  1 1 1 1
     654  15  10  2 1 1 1
     655  15  10  3 1 1 1
     656  15  10  4 1 1 1
     657  15  11  1 1 1 1
     658  15  11  2 1 1 1
     659  15  11  3 1 1 1
     660  15  11  4 1 1 1
     661  16  1  1 1 1 1
     662  16  1  2 1 1 1
     663  16  1  3 1 1 1
     664  16  1  4 1 1 1
     665  16  2  1 1 1 1
     666  16  2  2 1 1 1
     667  16  2  3 1 1 1
     668  16  2  4 1 1 1
     669  16  3  1 1 1 1
     670  16  3  2 1 1 1
     671  16  3  3 1 1 1
     672  16  3  4 1 1 1
     673  16  4  1 1 1 1
     674  16  4  2 1 1 1
     675  16  4  3 1 1 1
     676  16  4  4 1 1 1
     677  16  5  1 1 1 1
     678  16  5  2 1 1 1
     679  16  5  3 1 1 1
     680  16  5  4 1 1 1
     681  16  6  1 1 1 1
     682  16  6  2 1 1 1
     683  16  6  3 1 1 1
     684  16  6  4 1 1 1
     685  16  7  1 1 1 1
     686  16  7  2 1 1 1
     687  16  7  3 1 1 1
     688  16  7  4 1 1 1
     689  16  8  1 1 1 1
     690  16  8  2 1 1 1
     691  16  8  3 1 1 1
     692  16  8  4 1 1 1
     693  16  9  1 1 1 1
     694  16  9  2 1 1 1
     695  16  9  3 1 1 1
     696  16  9  4 1 1 1
     697  16  10  1 1 1 1
     698  16  10  2 1 1 1
     699  16  10  3 1 1 1
     700  16  10  4 1 1 1
     701  16  11  1 1 1 1
     702  16  11  2 1 1 1
     703  16  11  3 1 1 1
     704  16  11  4 1 1 1
     705  17  1  1 1 1 1
     706  17  1  2 1 1 1
     707  17  1  3 1 1 1
     708  17  1  4 1 1 1
     709  17  2  1 1 1 1
     710  17  2  2 1 1 1
     711  17  2  3 1 1 1
     712  17  2  4 1 1 1
     713  17  3  1 1 1 1
     714  17  3  2 1 1 1
     715  17  3  3 1 1 1
     716  17  3  4 1 1 1
     717  17  4  1 1 1 1
     718  17  4  2 1 1 1
     719  17  4  3 1 1 1
     720  17  4  4 1 1 1
     721  17  5  1 1 1 1
     722  17  5  2 1 1 1
     723  17  5  3 1 1 1
     724  17  5  4 1 1 1
     725  17  6  1 1 1 1
     726  17  6  2 1 1 1
     727  17  6  3 1 1 1
     728  17  6  4 1 1 1
     729  17  7  1 1 1 1
     730  17  7  2 1 1 1
     731  17  7  3 1 1 1
     732  17  7  4 1 1 1
     733  17  8  1 1 1 1
     734  17  8  2 1 1 1
     735  17  8  3 1 1 1
     736  17  8  4 1 1 1
     737  17  9  1 1 1 1
     738  17  9  2 1 1 1
     739  17  9  3 1 1 1
     740  17  9  4 1 1 1
     741  17  10  1 1 1 1
     742  17  10  2 1 1 1
     743  17  10  3 1 1 1
     744  17  10  4 1 1 1
     745  17  11  1 1 1 1
     746  17  11  2 1 1 1
     747  17  11  3 1 1 1
     748  17  11  4 1 1 1
     749  18  1  1 1 1 1
     750  18  1  2 1 1 1
     751  18  1  3 1 1 1
     752  18  1  4 1 1 1
     753  18  2  1 1 1 1
     754  18  2  2 1 1 1
     755  18  2  3 1 1 1
     756  18  2  4 1 1 1
     757  18  3  1 1 1 1
     758  18  3  2 1 1 1
     759  18  3  3 1 1 1
     760  18  3  4 1 1 1
     761  18  4  1 1 1 1
     762  18  4  2 1 1 1
     763  18  4  3 1 1 1
     764  18  4  4 1 1 1
     765  18  5  1 1 1 1
     766  18  5  2 1 1 1
     767  18  5  3 1 1 1
     768  18  5  4 1 1 1
     769  18  6  1 1 1 1
     770  18  6  2 1 1 1
     771  18  6  3 1 1 1
     772  18  6  4 1 1 1
     773  18  7  1 1 1 1
     774  18  7  2 1 1 1
     775  18  7  3 1 1 1
     776  18  7  4 1 1 1
     777  18  8  1 1 1 1
     778  18  8  2 1 1 1
     779  18  8  3 1 1 1
     780  18  8  4 1 1 1
     781  18  9  1 1 1 1
     782  18  9  2 1 1 1
     783  18  9  3 1 1 1
     784  18  9  4 1 1 1
     785  18  10  1 1 1 1
     786  18  10  2 1 1 1
     787  18  10  3 1 1 1
     788  18  10  4 1 1 1
     789  18  11  1 1 1 1
     790  18  11  2 1 1 1
     791  18  11  3 1 1 1
     792  18  11  4 1 1 1
     793  19  1  1 1 1 1
     794  19  1  2 1 1 1
     795  19  1  3 1 1 1
     796  19  1  4 1 1 1
     797  19  2  1 1 1 1
     798  19  2  2 1 1 1
     799  19  2  3 1 1 1
     800  19  2  4 1 1 1
     801  19  3  1 1 1 1
     802  19  3  2 1 1 1
     803  19  3  3 1 1 1
     804  19  3  4 1 1 1
     805  19  4  1 1 1 1
     806  19  4  2 1 1 1
     807  19  4  3 1 1 1
     808  19  4  4 1 1 1
     809  19  5  1 1 1 1
     810  19  5  2 1 1 1
     811  19  5  3 1 1 1
     812  19  5  4 1 1 1
     813  19  6  1 1 1 1
     814  19  6  2 1 1 1
     815  19  6  3 1 1 1
     816  19  6  4 1 1 1
     817  19  7  1 1 1 1
     818  19  7  2 1 1 1
     819  19  7  3 1 1 1
     820  19  7  4 1 1 1
     821  19  8  1 1 1 1
     822  19  8  2 1 1 1
     823  19  8  3 1 1 1
     824  19  8  4 1 1 1
     825  19  9  1 1 1 1
     826  19  9  2 1 1 1
     827  19  9  3 1 1 1
     828  19  9  4 1 1 1
     829  19  10  1 1 1 1
     830  19  10  2 1 1 1
     831  19  10  3 1 1 1
     832  19  10  4 1 1 1
     833  19  11  1 1 1 1
     834  19  11  2 1 1 1
     835  19  11  3 1 1 1
     836  19  11  4 1 1 1
     837  20  1  1 1 1 1
     838  20  1  2 1 1 1
     839  20  1  3 1 1 1
     840  20  1  4 1 1 1
     841  20  2  1 1 1 1
     842  20  2  2 1 1 1
     843  20  2  3 1 1 1
     844  20  2  4 1 1 1
     845  20  3  1 1 1 1
     846  20  3  2 1 1 1
     847  20  3  3 1 1 1
     848  20  3  4 1 1 1
     849  20  4  1 1 1 1
     850  20  4  2 1 1 1
     851  20  4  3 1 1 1
     852  20  4  4 1 1 1
     853  20  5  1 1 1 1
     854  20  5  2 1 1 1
     855  20  5  3 1 1 1
     856  20  5  4 1 1 1
     857  20  6  1 1 1 1
     858  20  6  2 1 1 1
     859  20  6  3 1 1 1
     860  20  6  4 1 1 1
     861  20  7  1 1 1 1
     862  20  7  2 1 1 1
     863  20  7  3 1 1 1
     864  20  7  4 1 1 1
     865  20  8  1 1 1 1
     866  20  8  2 1 1 1
     867  20  8  3 1 1 1
     868  20  8  4 1 1 1
     869  20  9  1 1 1 1
     870  20  9  2 1 1 1
     871  20  9  3 1 1 1
     872  20  9  4 1 1 1
     873  20  10  1 1 1 1
     874  20  10  2 1 1 1
     875  20  10  3 1 1 1
     876  20  10  4 1 1 1
     877  20  11  1 1 1 1
     878  20  11  2 1 1 1
     879  20  11  3 1 1 1
     880  20  11  4 1 1 1
     881  21  1  1 1 1 1
     882  21  1  2 1 1 1
     883  21  1  3 1 1 1
     884  21  1  4 1 1 1
     885  21  2  1 1 1 1
     886  21  2  2 1 1 1
     887  21  2  3 1 1 1
     888  21  2  4 1 1 1
     889  21  3  1 1 1 1
     890  21  3  2 1 1 1
     891  21  3  3 1 1 1
     892  21  3  4 1 1 1
     893  21  4  1 1 1 1
     894  21  4  2 1 1 1
     895  21  4  3 1 1 1
     896  21  4  4 1 1 1
     897  21  5  1 1 1 1
     898  21  5  2 1 1 1
     899  21  5  3 1 1 1
     900  21  5  4 1 1 1
     901  21  6  1 1 1 1
     902  21  6  2 1 1 1
     903  21  6  3 1 1 1
     904  21  6  4 1 1 1
     905  21  7  1 1 1 1
     906  21  7  2 1 1 1
     907  21  7  3 1 1 1
     908  21  7  4 1 1 1
     909  21  8  1 1 1 1
     910  21  8  2 1 1 1
     911  21  8  3 1 1 1
     912  21  8  4 1 1 1
     913  21  9  1 1 1 1
     914  21  9  2 1 1 1
     915  21  9  3 1 1 1
     916  21  9  4 1 1 1
     917  21  10  1 1 1 1
     918  21  10  2 1 1 1
     919  21  10  3 1 1 1
     920  21  10  4 1 1 1
     921  21  11  1 1 1 1
     922  21  11  2 1 1 1
     923  21  11  3 1 1 1
     924  21  11  4 1 1 1
     925  22  1  1 1 1 1
     926  22  1  2 1 1 1
     927  22  1  3 1 1 1
     928  22  1  4 1 1 1
     929  22  2  1 1 1 1
     930  22  2  2 1 1 1
     931  22  2  3 1 1 1
     932  22  2  4 1 1 1
     933  22  3  1 1 1 1
     934  22  3  2 1 1 1
     935  22  3  3 1 1 1
     936  22  3  4 1 1 1
     937  22  4  1 1 1 1
     938  22  4  2 1 1 1
     939  22  4  3 1 1 1
     940  22  4  4 1 1 1
     941  22  5  1 1 1 1
     942  22  5  2 1 1 1
     943  22  5  3 1 1 1
     944  22  5  4 1 1 1
     945  22  6  1 1 1 1
     946  22  6  2 1 1 1
     947  22  6  3 1 1 1
     948  22  6  4 1 1 1
     949  22  7  1 1 1 1
     950  22  7  2 1 1 1
     951  22  7  3 1 1 1
     952  22  7  4 1 1 1
     953  22  8  1 1 1 1
     954  22  8  2 1 1 1
     955  22  8  3 1 1 1
     956  22  8  4 1 1 1
     957  22  9  1 1 1 1
     958  22  9  2 1 1 1
     959  22  9  3 1 1 1
     960  22  9  4 1 1 1
     961  22  10  1 1 1 1
     962  22  10  2 1 1 1
     963  22  10  3 1 1 1
     964  22  10  4 1 1 1
     965  22  11  1 1 1 1
     966  22  11  2 1 1 1
     967  22  11  3 1 1 1
     968  22  11  4 1 1 1
     969  23  1  1 1 1 1
     970  23  1  2 1 1 1
     971  23  1  3 1 1 1
     972  23  1  4 1 1 1
     973  23  2  1 1 1 1
     974  23  2  2 1 1 1
     975  23  2  3 1 1 1
     976  23  2  4 1 1 1
     977  23  3  1 1 1 1
     978  23  3  2 1 1 1
     979  23  3  3 1 1 1
     980  23  3  4 1 1 1
     981  23  4  1 1 1 1
     982  23  4  2 1 1 1
     983  23  4  3 1 1 1
     984  23  4  4 1 1 1
     985  23  5  1 1 1 1
     986  23  5  2 1 1 1
     987  23  5  3 1 1 1
     988  23  5  4 1 1 1
     989  23  6  1 1 1 1
     990  23  6  2 1 1 1
     991  23  6  3 1 1 1
     992  23  6  4 1 1 1
     993  23  7  1 1 1 1
     994  23  7  2 1 1 1
     995  23  7  3 1 1 1
     996  23  7  4 1 1 1
     997  23  8  1 1 1 1
     998  23  8  2 1 1 1
     999  23  8  3 1 1 1
     1000  23  8  4 1 1 1
     1001  23  9  1 1 1 1
     1002  23  9  2 1 1 1
     1003  23  9  3 1 1 1
     1004  23  9  4 1 1 1
     1005  23  10  1 1 1 1
     1006  23  10  2 1 1 1
     1007  23  10  3 1 1 1
     1008  23  10  4 1 1 1
     1009  23  11  1 1 1 1
     1010  23  11  2 1 1 1
     1011  23  11  3 1 1 1
     1012  23  11  4 1 1 1
     1013  24  1  1 1 1 1
     1014  24  1  2 1 1 1
     1015  24  1  3 1 1 1
     1016  24  1  4 1 1 1
     1017  24  2  1 1 1 1
     1018  24  2  2 1 1 1
     1019  24  2  3 1 1 1
     1020  24  2  4 1 1 1
     1021  24  3  1 1 1 1
     1022  24  3  2 1 1 1
     1023  24  3  3 1 1 1
     1024  24  3  4 1 1 1
     1025  24  4  1 1 1 1
     1026  24  4  2 1 1 1
     1027  24  4  3 1 1 1
     1028  24  4  4 1 1 1
     1029  24  5  1 1 1 1
     1030  24  5  2 1 1 1
     1031  24  5  3 1 1 1
     1032  24  5  4 1 1 1
     1033  24  6  1 1 1 1
     1034  24  6  2 1 1 1
     1035  24  6  3 1 1 1
     1036  24  6  4 1 1 1
     1037  24  7  1 1 1 1
     1038  24  7  2 1 1 1
     1039  24  7  3 1 1 1
     1040  24  7  4 1 1 1
     1041  24  8  1 1 1 1
     1042  24  8  2 1 1 1
     1043  24  8  3 1 1 1
     1044  24  8  4 1 1 1
     1045  24  9  1 1 1 1
     1046  24  9  2 1 1 1
     1047  24  9  3 1 1 1
     1048  24  9  4 1 1 1
     1049  24  10  1 1 1 1
     1050  24  10  2 1 1 1
     1051  24  10  3 1 1 1
     1052  24  10  4 1 1 1
     1053  24  11  1 1 1 1
     1054  24  11  2 1 1 1
     1055  24  11  3 1 1 1
     1056  24  11  4 1 1 1
     1057  25  1  1 1 1 1
     1058  25  1  2 1 1 1
     1059  25  1  3 1 1 1
     1060  25  1  4 1 1 1
     1061  25  2  1 1 1 1
     1062  25  2  2 1 1 1
     1063  25  2  3 1 1 1
     1064  25  2  4 1 1 1
     1065  25  3  1 1 1 1
     1066  25  3  2 1 1 1
     1067  25  3  3 1 1 1
     1068  25  3  4 1 1 1
     1069  25  4  1 1 1 1
     1070  25  4  2 1 1 1
     1071  25  4  3 1 1 1
     1072  25  4  4 1 1 1
     1073  25  5  1 1 1 1
     1074  25  5  2 1 1 1
     1075  25  5  3 1 1 1
     1076  25  5  4 1 1 1
     1077  25  6  1 1 1 1
     1078  25  6  2 1 1 1
     1079  25  6  3 1 1 1
     1080  25  6  4 1 1 1
     1081  25  7  1 1 1 1
     1082  25  7  2 1 1 1
     1083  25  7  3 1 1 1
     1084  25  7  4 1 1 1
     1085  25  8  1 1 1 1
     1086  25  8  2 1 1 1
     1087  25  8  3 1 1 1
     1088  25  8  4 1 1 1
     1089  25  9  1 1 1 1
     1090  25  9  2 1 1 1
     1091  25  9  3 1 1 1
     1092  25  9  4 1 1 1
     1093  25  10  1 1 1 1
     1094  25  10  2 1 1 1
     1095  25  10  3 1 1 1
     1096  25  10  4 1 1 1
     1097  25  11  1 1 1 1
     1098  25  11  2 1 1 1
     1099  25  11  3 1 1 1
     1100  25  11  4 1 1 1
     1101  26  1  1 1 1 1
     1102  26  1  2 1 1 1
     1103  26  1  3 1 1 1
     1104  26  1  4 1 1 1
     1105  26  2  1 1 1 1
     1106  26  2  2 1 1 1
     1107  26  2  3 1 1 1
     1108  26  2  4 1 1 1
     1109  26  3  1 1 1 1
     1110  26  3  2 1 1 1
     1111  26  3  3 1 1 1
     1112  26  3  4 1 1 1
     1113  26  4  1 1 1 1
     1114  26  4  2 1 1 1
     1115  26  4  3 1 1 1
     1116  26  4  4 1 1 1
     1117  26  5  1 1 1 1
     1118  26  5  2 1 1 1
     1119  26  5  3 1 1 1
     1120  26  5  4 1 1 1
     1121  26  6  1 1 1 1
     1122  26  6  2 1 1 1
     1123  26  6  3 1 1 1
     1124  26  6  4 1 1 1
     1125  26  7  1 1 1 1
     1126  26  7  2 1 1 1
     1127  26  7  3 1 1 1
     1128  26  7  4 1 1 1
     1129  26  8  1 1 1 1
     1130  26  8  2 1 1 1
     1131  26  8  3 1 1 1
     1132  26  8  4 1 1 1
     1133  26  9  1 1 1 1
     1134  26  9  2 1 1 1
     1135  26  9  3 1 1 1
     1136  26  9  4 1 1 1
     1137  26  10  1 1 1 1
     1138  26  10  2 1 1 1
     1139  26  10  3 1 1 1
     1140  26  10  4 1 1 1
     1141  26  11  1 1 1 1
     1142  26  11  2 1 1 1
     1143  26  11  3 1 1 1
     1144  26  11  4 1 1 1
     1145  27  1  1 1 1 1
     1146  27  1  2 1 1 1
     1147  27  1  3 1 1 1
     1148  27  1  4 1 1 1
     1149  27  2  1 1 1 1
     1150  27  2  2 1 1 1
     1151  27  2  3 1 1 1
     1152  27  2  4 1 1 1
     1153  27  3  1 1 1 1
     1154  27  3  2 1 1 1
     1155  27  3  3 1 1 1
     1156  27  3  4 1 1 1
     1157  27  4  1 1 1 1
     1158  27  4  2 1 1 1
     1159  27  4  3 1 1 1
     1160  27  4  4 1 1 1
     1161  27  5  1 1 1 1
     1162  27  5  2 1 1 1
     1163  27  5  3 1 1 1
     1164  27  5  4 1 1 1
     1165  27  6  1 1 1 1
     1166  27  6  2 1 1 1
     1167  27  6  3 1 1 1
     1168  27  6  4 1 1 1
     1169  27  7  1 1 1 1
     1170  27  7  2 1 1 1
     1171  27  7  3 1 1 1
     1172  27  7  4 1 1 1
     1173  27  8  1 1 1 1
     1174  27  8  2 1 1 1
     1175  27  8  3 1 1 1
     1176  27  8  4 1 1 1
     1177  27  9  1 1 1 1
     1178  27  9  2 1 1 1
     1179  27  9  3 1 1 1
     1180  27  9  4 1 1 1
     1181  27  10  1 1 1 1
     1182  27  10  2 1 1 1
     1183  27  10  3 1 1 1
     1184  27  10  4 1 1 1
     1185  27  11  1 1 1 1
     1186  27  11  2 1 1 1
     1187  27  11  3 1 1 1
     1188  27  11  4 1 1 1
     1189  28  1  1 1 1 1
     1190  28  1  2 1 1 1
     1191  28  1  3 1 1 1
     1192  28  1  4 1 1 1
     1193  28  2  1 1 1 1
     1194  28  2  2 1 1 1
     1195  28  2  3 1 1 1
     1196  28  2  4 1 1 1
     1197  28  3  1 1 1 1
     1198  28  3  2 1 1 1
     1199  28  3  3 1 1 1
     1200  28  3  4 1 1 1
     1201  28  4  1 1 1 1
     1202  28  4  2 1 1 1
     1203  28  4  3 1 1 1
     1204  28  4  4 1 1 1
     1205  28  5  1 1 1 1
     1206  28  5  2 1 1 1
     1207  28  5  3 1 1 1
     1208  28  5  4 1 1 1
     1209  28  6  1 1 1 1
     1210  28  6  2 1 1 1
     1211  28  6  3 1 1 1
     1212  28  6  4 1 1 1
     1213  28  7  1 1 1 1
     1214  28  7  2 1 1 1
     1215  28  7  3 1 1 1
     1216  28  7  4 1 1 1
     1217  28  8  1 1 1 1
     1218  28  8  2 1 1 1
     1219  28  8  3 1 1 1
     1220  28  8  4 1 1 1
     1221  28  9  1 1 1 1
     1222  28  9  2 1 1 1
     1223  28  9  3 1 1 1
     1224  28  9  4 1 1 1
     1225  28  10  1 1 1 1
     1226  28  10  2 1 1 1
     1227  28  10  3 1 1 1
     1228  28  10  4 1 1 1
     1229  28  11  1 1 1 1
     1230  28  11  2 1 1 1
     1231  28  11  3 1 1 1
     1232  28  11  4 1 1 1
     1233  29  1  1 1 1 1
     1234  29  1  2 1 1 1
     1235  29  1  3 1 1 1
     1236  29  1  4 1 1 1
     1237  29  2  1 1 1 1
     1238  29  2  2 1 1 1
     1239  29  2  3 1 1 1
     1240  29  2  4 1 1 1
     1241  29  3  1 1 1 1
     1242  29  3  2 1 1 1
     1243  29  3  3 1 1 1
     1244  29  3  4 1 1 1
     1245  29  4  1 1 1 1
     1246  29  4  2 1 1 1
     1247  29  4  3 1 1 1
     1248  29  4  4 1 1 1
     1249  29  5  1 1 1 1
     1250  29  5  2 1 1 1
     1251  29  5  3 1 1 1
     1252  29  5  4 1 1 1
     1253  29  6  1 1 1 1
     1254  29  6  2 1 1 1
     1255  29  6  3 1 1 1
     1256  29  6  4 1 1 1
     1257  29  7  1 1 1 1
     1258  29  7  2 1 1 1
     1259  29  7  3 1 1 1
     1260  29  7  4 1 1 1
     1261  29  8  1 1 1 1
     1262  29  8  2 1 1 1
     1263  29  8  3 1 1 1
     1264  29  8  4 1 1 1
     1265  29  9  1 1 1 1
     1266  29  9  2 1 1 1
     1267  29  9  3 1 1 1
     1268  29  9  4 1 1 1
     1269  29  10  1 1 1 1
     1270  29  10  2 1 1 1
     1271  29  10  3 1 1 1
     1272  29  10  4 1 1 1
     1273  29  11  1 1 1 1
     1274  29  11  2 1 1 1
     1275  29  11  3 1 1 1
     1276  29  11  4 1 1 1
     1277  30  1  1 1 1 1
     1278  30  1  2 1 1 1
     1279  30  1  3 1 1 1
     1280  30  1  4 1 1 1
     1281  30  2  1 1 1 1
     1282  30  2  2 1 1 1
     1283  30  2  3 1 1 1
     1284  30  2  4 1 1 1
     1285  30  3  1 1 1 1
     1286  30  3  2 1 1 1
     1287  30  3  3 1 1 1
     1288  30  3  4 1 1 1
     1289  30  4  1 1 1 1
     1290  30  4  2 1 1 1
     1291  30  4  3 1 1 1
     1292  30  4  4 1 1 1
     1293  30  5  1 1 1 1
     1294  30  5  2 1 1 1
     1295  30  5  3 1 1 1
     1296  30  5  4 1 1 1
     1297  30  6  1 1 1 1
     1298  30  6  2 1 1 1
     1299  30  6  3 1 1 1
     1300  30  6  4 1 1 1
     1301  30  7  1 1 1 1
     1302  30  7  2 1 1 1
     1303  30  7  3 1 1 1
     1304  30  7  4 1 1 1
     1305  30  8  1 1 1 1
     1306  30  8  2 1 1 1
     1307  30  8  3 1 1 1
     1308  30  8  4 1 1 1
     1309  30  9  1 1 1 1
     1310  30  9  2 1 1 1
     1311  30  9  3 1 1 1
     1312  30  9  4 1 1 1
     1313  30  10  1 1 1 1
     1314  30  10  2 1 1 1
     1315  30  10  3 1 1 1
     1316  30  10  4 1 1 1
     1317  30  11  1 1 1 1
     1318  30  11  2 1 1 1
     1319  30  11  3 1 1 1
     1320  30  11  4 1 1 1
     1321  31  1  1 1 1 1
     1322  31  1  2 1 1 1
     1323  31  1  3 1 1 1
     1324  31  1  4 1 1 1
     1325  31  2  1 1 1 1
     1326  31  2  2 1 1 1
     1327  31  2  3 1 1 1
     1328  31  2  4 1 1 1
     1329  31  3  1 1 1 1
     1330  31  3  2 1 1 1
     1331  31  3  3 1 1 1
     1332  31  3  4 1 1 1
     1333  31  4  1 1 1 1
     1334  31  4  2 1 1 1
     1335  31  4  3 1 1 1
     1336  31  4  4 1 1 1
     1337  31  5  1 1 1 1
     1338  31  5  2 1 1 1
     1339  31  5  3 1 1 1
     1340  31  5  4 1 1 1
     1341  31  6  1 1 1 1
     1342  31  6  2 1 1 1
     1343  31  6  3 1 1 1
     1344  31  6  4 1 1 1
     1345  31  7  1 1 1 1
     1346  31  7  2 1 1 1
     1347  31  7  3 1 1 1
     1348  31  7  4 1 1 1
     1349  31  8  1 1 1 1
     1350  31  8  2 1 1 1
     1351  31  8  3 1 1 1
     1352  31  8  4 1 1 1
     1353  31  9  1 1 1 1
     1354  31  9  2 1 1 1
     1355  31  9  3 1 1 1
     1356  31  9  4 1 1 1
     1357  31  10  1 1 1 1
     1358  31  10  2 1 1 1
     1359  31  10  3 1 1 1
     1360  31  10  4 1 1 1
     1361  31  11  1 1 1 1
     1362  31  11  2 1 1 1
     1363  31  11  3 1 1 1
     1364  31  11  4 1 1 1
     1365  32  1  1 1 1 1
     1366  32  1  2 1 1 1
     1367  32  1  3 1 1 1
     1368  32  1  4 1 1 1
     1369  32  2  1 1 1 1
     1370  32  2  2 1 1 1
     1371  32  2  3 1 1 1
     1372  32  2  4 1 1 1
     1373  32  3  1 1 1 1
     1374  32  3  2 1 1 1
     1375  32  3  3 1 1 1
     1376  32  3  4 1 1 1
     1377  32  4  1 1 1 1
     1378  32  4  2 1 1 1
     1379  32  4  3 1 1 1
     1380  32  4  4 1 1 1
     1381  32  5  1 1 1 1
     1382  32  5  2 1 1 1
     1383  32  5  3 1 1 1
     1384  32  5  4 1 1 1
     1385  32  6  1 1 1 1
     1386  32  6  2 1 1 1
     1387  32  6  3 1 1 1
     1388  32  6  4 1 1 1
     1389  32  7  1 1 1 1
     1390  32  7  2 1 1 1
     1391  32  7  3 1 1 1
     1392  32  7  4 1 1 1
     1393  32  8  1 1 1 1
     1394  32  8  2 1 1 1
     1395  32  8  3 1 1 1
     1396  32  8  4 1 1 1
     1397  32  9  1 1 1 1
     1398  32  9  2 1 1 1
     1399  32  9  3 1 1 1
     1400  32  9  4 1 1 1
     1401  32  10  1 1 1 1
     1402  32  10  2 1 1 1
     1403  32  10  3 1 1 1
     1404  32  10  4 1 1 1
     1405  32  11  1 1 1 1
     1406  32  11  2 1 1 1
     1407  32  11  3 1 1 1
     1408  32  11  4 1 1 1