>GEOMETRY   sphere; AX,AY,AZ= 0.1674 0.1674 0.1674
     1736 = NAT 
  1.000000  0.000000  0.000000 = A_1 vector
  0.000000  1.000000  0.000000 = A_2 vector
  1.000000  1.000000  1.000000 = lattice spacings (d_x,d_y,d_z)/d
 -0.00000 -0.00000 -0.00000 = lattice offset x0(1-3) = (x_TF, y_TF, z_TF)/d for dipole 0 0 0
     JA  IX  IY  IZ ICOMP(x,y,z)
     1  1  4  7 1 1 1
     2  1  4  8 1 1 1
     3  1  5  5 1 1 1
     4  1  5  6 1 1 1
     5  1  5  7 1 1 1
     6  1  5  8 1 1 1
     7  1  5  9 1 1 1
     8  1  5  11 1 1 1
     9  1  6  5 1 1 1
     10  1  6  6 1 1 1
     11  1  6  7 1 1 1
     12  1  6  8 1 1 1
     13  1  6  9 1 1 1
     14  1  6  11 1 1 1
     15  1  7  4 1 1 1
     16  1  7  5 1 1 1
     17  1  7  6 1 1 1
     18  1  7  7 1 1 1
     19  1  7  8 1 1 1
     20  1  7  9 1 1 1
     21  1  7  11 1 1 1
     22  1  7  12 1 1 1
     23  1  8  4 1 1 1
     24  1  8  5 1 1 1
     25  1  8  6 1 1 1
     26  1  8  7 1 1 1
     27  1  8  8 1 1 1
     28  1  8  9 1 1 1
     29  1  8  11 1 1 1
     30  1  8  12 1 1 1
     31  1  9  5 1 1 1
     32  1  9  6 1 1 1
     33  1  9  7 1 1 1
     34  1  9  8 1 1 1
     35  1  9  9 1 1 1
     36  1  9  11 1 1 1
     37  1  11  5 1 1 1
     38  1  11  6 1 1 1
     39  1  11  7 1 1 1
     40  1  11  8 1 1 1
     41  1  11  9 1 1 1
     42  1  11  11 1 1 1
     43  1  12  7 1 1 1
     44  1  12  8 1 1 1
     45  2  3  6 1 1 1
     46  2  3  7 1 1 1
     47  2  3  8 1 1 1
     48  2  3  9 1 1 1
     49  2  4  4 1 1 1
     50  2  4  5 1 1 1
     51  2  4  6 1 1 1
     52  2  4  7 1 1 1
     53  2  4  8 1 1 1
     54  2  4  9 1 1 1
     55  2  4  11 1 1 1
     56  2  4  12 1 1 1
     57  2  5  4 1 1 1
     58  2  5  5 1 1 1
     59  2  5  6 1 1 1
     60  2  5  7 1 1 1
     61  2  5  8 1 1 1
     62  2  5  9 1 1 1
     63  2  5  11 1 1 1
     64  2  5  12 1 1 1
     65  2  6  3 1 1 1
     66  2  6  4 1 1 1
     67  2  6  5 1 1 1
     68  2  6  6 1 1 1
     69  2  6  7 1 1 1
     70  2  6  8 1 1 1
     71  2  6  9 1 1 1
     72  2  6  11 1 1 1
     73  2  6  12 1 1 1
     74  2  6  13 1 1 1
     75  2  7  3 1 1 1
     76  2  7  4 1 1 1
     77  2  7  5 1 1 1
     78  2  7  6 1 1 1
     79  2  7  7 1 1 1
     80  2  7  8 1 1 1
     81  2  7  9 1 1 1
     82  2  7  11 1 1 1
     83  2  7  12 1 1 1
     84  2  7  13 1 1 1
     85  2  8  3 1 1 1
     86  2  8  4 1 1 1
     87  2  8  5 1 1 1
     88  2  8  6 1 1 1
     89  2  8  7 1 1 1
     90  2  8  8 1 1 1
     91  2  8  9 1 1 1
     92  2  8  11 1 1 1
     93  2  8  12 1 1 1
     94  2  8  13 1 1 1
     95  2  9  3 1 1 1
     96  2  9  4 1 1 1
     97  2  9  5 1 1 1
     98  2  9  6 1 1 1
     99  2  9  7 1 1 1
     100  2  9  8 1 1 1
     101  2  9  9 1 1 1
     102  2  9  11 1 1 1
     103  2  9  12 1 1 1
     104  2  9  13 1 1 1
     105  2  11  4 1 1 1
     106  2  11  5 1 1 1
     107  2  11  6 1 1 1
     108  2  11  7 1 1 1
     109  2  11  8 1 1 1
     110  2  11  9 1 1 1
     111  2  11  11 1 1 1
     112  2  11  12 1 1 1
     113  2  12  4 1 1 1
     114  2  12  5 1 1 1
     115  2  12  6 1 1 1
     116  2  12  7 1 1 1
     117  2  12  8 1 1 1
     118  2  12  9 1 1 1
     119  2  12  11 1 1 1
     120  2  12  12 1 1 1
     121  2  13  6 1 1 1
     122  2  13  7 1 1 1
     123  2  13  8 1 1 1
     124  2  13  9 1 1 1
     125  3  2  6 1 1 1
     126  3  2  7 1 1 1
     127  3  2  8 1 1 1
     128  3  2  9 1 1 1
     129  3  3  4 1 1 1
     130  3  3  5 1 1 1
     131  3  3  6 1 1 1
     132  3  3  7 1 1 1
     133  3  3  8 1 1 1
     134  3  3  9 1 1 1
     135  3  3  11 1 1 1
     136  3  3  12 1 1 1
     137  3  4  3 1 1 1
     138  3  4  4 1 1 1
     139  3  4  5 1 1 1
     140  3  4  6 1 1 1
     141  3  4  7 1 1 1
     142  3  4  8 1 1 1
     143  3  4  9 1 1 1
     144  3  4  11 1 1 1
     145  3  4  12 1 1 1
     146  3  4  13 1 1 1
     147  3  5  3 1 1 1
     148  3  5  4 1 1 1
     149  3  5  5 1 1 1
     150  3  5  6 1 1 1
     151  3  5  7 1 1 1
     152  3  5  8 1 1 1
     153  3  5  9 1 1 1
     154  3  5  11 1 1 1
     155  3  5  12 1 1 1
     156  3  5  13 1 1 1
     157  3  6  2 1 1 1
     158  3  6  3 1 1 1
     159  3  6  4 1 1 1
     160  3  6  5 1 1 1
     161  3  6  6 1 1 1
     162  3  6  7 1 1 1
     163  3  6  8 1 1 1
     164  3  6  9 1 1 1
     165  3  6  11 1 1 1
     166  3  6  12 1 1 1
     167  3  6  13 1 1 1
     168  3  6  14 1 1 1
     169  3  7  2 1 1 1
     170  3  7  3 1 1 1
     171  3  7  4 1 1 1
     172  3  7  5 1 1 1
     173  3  7  6 1 1 1
     174  3  7  7 1 1 1
     175  3  7  8 1 1 1
     176  3  7  9 1 1 1
     177  3  7  11 1 1 1
     178  3  7  12 1 1 1
     179  3  7  13 1 1 1
     180  3  7  14 1 1 1
     181  3  8  2 1 1 1
     182  3  8  3 1 1 1
     183  3  8  4 1 1 1
     184  3  8  5 1 1 1
     185  3  8  6 1 1 1
     186  3  8  7 1 1 1
     187  3  8  8 1 1 1
     188  3  8  9 1 1 1
     189  3  8  11 1 1 1
     190  3  8  12 1 1 1
     191  3  8  13 1 1 1
     192  3  8  14 1 1 1
     193  3  9  2 1 1 1
     194  3  9  3 1 1 1
     195  3  9  4 1 1 1
     196  3  9  5 1 1 1
     197  3  9  6 1 1 1
     198  3  9  7 1 1 1
     199  3  9  8 1 1 1
     200  3  9  9 1 1 1
     201  3  9  11 1 1 1
     202  3  9  12 1 1 1
     203  3  9  13 1 1 1
     204  3  9  14 1 1 1
     205  3  11  3 1 1 1
     206  3  11  4 1 1 1
     207  3  11  5 1 1 1
     208  3  11  6 1 1 1
     209  3  11  7 1 1 1
     210  3  11  8 1 1 1
     211  3  11  9 1 1 1
     212  3  11  11 1 1 1
     213  3  11  12 1 1 1
     214  3  11  13 1 1 1
     215  3  12  3 1 1 1
     216  3  12  4 1 1 1
     217  3  12  5 1 1 1
     218  3  12  6 1 1 1
     219  3  12  7 1 1 1
     220  3  12  8 1 1 1
     221  3  12  9 1 1 1
     222  3  12  11 1 1 1
     223  3  12  12 1 1 1
     224  3  12  13 1 1 1
     225  3  13  4 1 1 1
     226  3  13  5 1 1 1
     227  3  13  6 1 1 1
     228  3  13  7 1 1 1
     229  3  13  8 1 1 1
     230  3  13  9 1 1 1
     231  3  13  11 1 1 1
     232  3  13  12 1 1 1
     233  3  14  6 1 1 1
     234  3  14  7 1 1 1
     235  3  14  8 1 1 1
     236  3  14  9 1 1 1
     237  4  1  7 1 1 1
     238  4  1  8 1 1 1
     239  4  2  4 1 1 1
     240  4  2  5 1 1 1
     241  4  2  6 1 1 1
     242  4  2  7 1 1 1
     243  4  2  8 1 1 1
     244  4  2  9 1 1 1
     245  4  2  11 1 1 1
     246  4  2  12 1 1 1
     247  4  3  3 1 1 1
     248  4  3  4 1 1 1
     249  4  3  5 1 1 1
     250  4  3  6 1 1 1
     251  4  3  7 1 1 1
     252  4  3  8 1 1 1
     253  4  3  9 1 1 1
     254  4  3  11 1 1 1
     255  4  3  12 1 1 1
     256  4  3  13 1 1 1
     257  4  4  2 1 1 1
     258  4  4  3 1 1 1
     259  4  4  4 1 1 1
     260  4  4  5 1 1 1
     261  4  4  6 1 1 1
     262  4  4  7 1 1 1
     263  4  4  8 1 1 1
     264  4  4  9 1 1 1
     265  4  4  11 1 1 1
     266  4  4  12 1 1 1
     267  4  4  13 1 1 1
     268  4  4  14 1 1 1
     269  4  5  2 1 1 1
     270  4  5  3 1 1 1
     271  4  5  4 1 1 1
     272  4  5  5 1 1 1
     273  4  5  6 1 1 1
     274  4  5  7 1 1 1
     275  4  5  8 1 1 1
     276  4  5  9 1 1 1
     277  4  5  11 1 1 1
     278  4  5  12 1 1 1
     279  4  5  13 1 1 1
     280  4  5  14 1 1 1
     281  4  6  2 1 1 1
     282  4  6  3 1 1 1
     283  4  6  4 1 1 1
     284  4  6  5 1 1 1
     285  4  6  6 1 1 1
     286  4  6  7 1 1 1
     287  4  6  8 1 1 1
     288  4  6  9 1 1 1
     289  4  6  11 1 1 1
     290  4  6  12 1 1 1
     291  4  6  13 1 1 1
     292  4  6  14 1 1 1
     293  4  7  1 1 1 1
     294  4  7  2 1 1 1
     295  4  7  3 1 1 1
     296  4  7  4 1 1 1
     297  4  7  5 1 1 1
     298  4  7  6 1 1 1
     299  4  7  7 1 1 1
     300  4  7  8 1 1 1
     301  4  7  9 1 1 1
     302  4  7  11 1 1 1
     303  4  7  12 1 1 1
     304  4  7  13 1 1 1
     305  4  7  14 1 1 1
     306  4  7  15 1 1 1
     307  4  8  1 1 1 1
     308  4  8  2 1 1 1
     309  4  8  3 1 1 1
     310  4  8  4 1 1 1
     311  4  8  5 1 1 1
     312  4  8  6 1 1 1
     313  4  8  7 1 1 1
     314  4  8  8 1 1 1
     315  4  8  9 1 1 1
     316  4  8  11 1 1 1
     317  4  8  12 1 1 1
     318  4  8  13 1 1 1
     319  4  8  14 1 1 1
     320  4  8  15 1 1 1
     321  4  9  2 1 1 1
     322  4  9  3 1 1 1
     323  4  9  4 1 1 1
     324  4  9  5 1 1 1
     325  4  9  6 1 1 1
     326  4  9  7 1 1 1
     327  4  9  8 1 1 1
     328  4  9  9 1 1 1
     329  4  9  11 1 1 1
     330  4  9  12 1 1 1
     331  4  9  13 1 1 1
     332  4  9  14 1 1 1
     333  4  11  2 1 1 1
     334  4  11  3 1 1 1
     335  4  11  4 1 1 1
     336  4  11  5 1 1 1
     337  4  11  6 1 1 1
     338  4  11  7 1 1 1
     339  4  11  8 1 1 1
     340  4  11  9 1 1 1
     341  4  11  11 1 1 1
     342  4  11  12 1 1 1
     343  4  11  13 1 1 1
     344  4  11  14 1 1 1
     345  4  12  2 1 1 1
     346  4  12  3 1 1 1
     347  4  12  4 1 1 1
     348  4  12  5 1 1 1
     349  4  12  6 1 1 1
     350  4  12  7 1 1 1
     351  4  12  8 1 1 1
     352  4  12  9 1 1 1
     353  4  12  11 1 1 1
     354  4  12  12 1 1 1
     355  4  12  13 1 1 1
     356  4  12  14 1 1 1
     357  4  13  3 1 1 1
     358  4  13  4 1 1 1
     359  4  13  5 1 1 1
     360  4  13  6 1 1 1
     361  4  13  7 1 1 1
     362  4  13  8 1 1 1
     363  4  13  9 1 1 1
     364  4  13  11 1 1 1
     365  4  13  12 1 1 1
     366  4  13  13 1 1 1
     367  4  14  4 1 1 1
     368  4  14  5 1 1 1
     369  4  14  6 1 1 1
     370  4  14  7 1 1 1
     371  4  14  8 1 1 1
     372  4  14  9 1 1 1
     373  4  14  11 1 1 1
     374  4  14  12 1 1 1
     375  4  15  7 1 1 1
     376  4  15  8 1 1 1
     377  5  1  5 1 1 1
     378  5  1  6 1 1 1
     379  5  1  7 1 1 1
     380  5  1  8 1 1 1
     381  5  1  9 1 1 1
     382  5  1  11 1 1 1
     383  5  2  4 1 1 1
     384  5  2  5 1 1 1
     385  5  2  6 1 1 1
     386  5  2  7 1 1 1
     387  5  2  8 1 1 1
     388  5  2  9 1 1 1
     389  5  2  11 1 1 1
     390  5  2  12 1 1 1
     391  5  3  3 1 1 1
     392  5  3  4 1 1 1
     393  5  3  5 1 1 1
     394  5  3  6 1 1 1
     395  5  3  7 1 1 1
     396  5  3  8 1 1 1
     397  5  3  9 1 1 1
     398  5  3  11 1 1 1
     399  5  3  12 1 1 1
     400  5  3  13 1 1 1
     401  5  4  2 1 1 1
     402  5  4  3 1 1 1
     403  5  4  4 1 1 1
     404  5  4  5 1 1 1
     405  5  4  6 1 1 1
     406  5  4  7 1 1 1
     407  5  4  8 1 1 1
     408  5  4  9 1 1 1
     409  5  4  11 1 1 1
     410  5  4  12 1 1 1
     411  5  4  13 1 1 1
     412  5  4  14 1 1 1
     413  5  5  1 1 1 1
     414  5  5  2 1 1 1
     415  5  5  3 1 1 1
     416  5  5  4 1 1 1
     417  5  5  5 1 1 1
     418  5  5  6 1 1 1
     419  5  5  7 1 1 1
     420  5  5  8 1 1 1
     421  5  5  9 1 1 1
     422  5  5  11 1 1 1
     423  5  5  12 1 1 1
     424  5  5  13 1 1 1
     425  5  5  14 1 1 1
     426  5  5  15 1 1 1
     427  5  6  1 1 1 1
     428  5  6  2 1 1 1
     429  5  6  3 1 1 1
     430  5  6  4 1 1 1
     431  5  6  5 1 1 1
     432  5  6  6 1 1 1
     433  5  6  7 1 1 1
     434  5  6  8 1 1 1
     435  5  6  9 1 1 1
     436  5  6  11 1 1 1
     437  5  6  12 1 1 1
     438  5  6  13 1 1 1
     439  5  6  14 1 1 1
     440  5  6  15 1 1 1
     441  5  7  1 1 1 1
     442  5  7  2 1 1 1
     443  5  7  3 1 1 1
     444  5  7  4 1 1 1
     445  5  7  5 1 1 1
     446  5  7  6 1 1 1
     447  5  7  7 1 1 1
     448  5  7  8 1 1 1
     449  5  7  9 1 1 1
     450  5  7  11 1 1 1
     451  5  7  12 1 1 1
     452  5  7  13 1 1 1
     453  5  7  14 1 1 1
     454  5  7  15 1 1 1
     455  5  8  1 1 1 1
     456  5  8  2 1 1 1
     457  5  8  3 1 1 1
     458  5  8  4 1 1 1
     459  5  8  5 1 1 1
     460  5  8  6 1 1 1
     461  5  8  7 1 1 1
     462  5  8  8 1 1 1
     463  5  8  9 1 1 1
     464  5  8  11 1 1 1
     465  5  8  12 1 1 1
     466  5  8  13 1 1 1
     467  5  8  14 1 1 1
     468  5  8  15 1 1 1
     469  5  9  1 1 1 1
     470  5  9  2 1 1 1
     471  5  9  3 1 1 1
     472  5  9  4 1 1 1
     473  5  9  5 1 1 1
     474  5  9  6 1 1 1
     475  5  9  7 1 1 1
     476  5  9  8 1 1 1
     477  5  9  9 1 1 1
     478  5  9  11 1 1 1
     479  5  9  12 1 1 1
     480  5  9  13 1 1 1
     481  5  9  14 1 1 1
     482  5  9  15 1 1 1
     483  5  11  1 1 1 1
     484  5  11  2 1 1 1
     485  5  11  3 1 1 1
     486  5  11  4 1 1 1
     487  5  11  5 1 1 1
     488  5  11  6 1 1 1
     489  5  11  7 1 1 1
     490  5  11  8 1 1 1
     491  5  11  9 1 1 1
     492  5  11  11 1 1 1
     493  5  11  12 1 1 1
     494  5  11  13 1 1 1
     495  5  11  14 1 1 1
     496  5  11  15 1 1 1
     497  5  12  2 1 1 1
     498  5  12  3 1 1 1
     499  5  12  4 1 1 1
     500  5  12  5 1 1 1
     501  5  12  6 1 1 1
     502  5  12  7 1 1 1
     503  5  12  8 1 1 1
     504  5  12  9 1 1 1
     505  5  12  11 1 1 1
     506  5  12  12 1 1 1
     507  5  12  13 1 1 1
     508  5  12  14 1 1 1
     509  5  13  3 1 1 1
     510  5  13  4 1 1 1
     511  5  13  5 1 1 1
     512  5  13  6 1 1 1
     513  5  13  7 1 1 1
     514  5  13  8 1 1 1
     515  5  13  9 1 1 1
     516  5  13  11 1 1 1
     517  5  13  12 1 1 1
     518  5  13  13 1 1 1
     519  5  14  4 1 1 1
     520  5  14  5 1 1 1
     521  5  14  6 1 1 1
     522  5  14  7 1 1 1
     523  5  14  8 1 1 1
     524  5  14  9 1 1 1
     525  5  14  11 1 1 1
     526  5  14  12 1 1 1
     527  5  15  5 1 1 1
     528  5  15  6 1 1 1
     529  5  15  7 1 1 1
     530  5  15  8 1 1 1
     531  5  15  9 1 1 1
     532  5  15  11 1 1 1
     533  6  1  5 1 1 1
     534  6  1  6 1 1 1
     535  6  1  7 1 1 1
     536  6  1  8 1 1 1
     537  6  1  9 1 1 1
     538  6  1  11 1 1 1
     539  6  2  3 1 1 1
     540  6  2  4 1 1 1
     541  6  2  5 1 1 1
     542  6  2  6 1 1 1
     543  6  2  7 1 1 1
     544  6  2  8 1 1 1
     545  6  2  9 1 1 1
     546  6  2  11 1 1 1
     547  6  2  12 1 1 1
     548  6  2  13 1 1 1
     549  6  3  2 1 1 1
     550  6  3  3 1 1 1
     551  6  3  4 1 1 1
     552  6  3  5 1 1 1
     553  6  3  6 1 1 1
     554  6  3  7 1 1 1
     555  6  3  8 1 1 1
     556  6  3  9 1 1 1
     557  6  3  11 1 1 1
     558  6  3  12 1 1 1
     559  6  3  13 1 1 1
     560  6  3  14 1 1 1
     561  6  4  2 1 1 1
     562  6  4  3 1 1 1
     563  6  4  4 1 1 1
     564  6  4  5 1 1 1
     565  6  4  6 1 1 1
     566  6  4  7 1 1 1
     567  6  4  8 1 1 1
     568  6  4  9 1 1 1
     569  6  4  11 1 1 1
     570  6  4  12 1 1 1
     571  6  4  13 1 1 1
     572  6  4  14 1 1 1
     573  6  5  1 1 1 1
     574  6  5  2 1 1 1
     575  6  5  3 1 1 1
     576  6  5  4 1 1 1
     577  6  5  5 1 1 1
     578  6  5  6 1 1 1
     579  6  5  7 1 1 1
     580  6  5  8 1 1 1
     581  6  5  9 1 1 1
     582  6  5  11 1 1 1
     583  6  5  12 1 1 1
     584  6  5  13 1 1 1
     585  6  5  14 1 1 1
     586  6  5  15 1 1 1
     587  6  6  1 1 1 1
     588  6  6  2 1 1 1
     589  6  6  3 1 1 1
     590  6  6  4 1 1 1
     591  6  6  5 1 1 1
     592  6  6  6 1 1 1
     593  6  6  7 1 1 1
     594  6  6  8 1 1 1
     595  6  6  9 1 1 1
     596  6  6  11 1 1 1
     597  6  6  12 1 1 1
     598  6  6  13 1 1 1
     599  6  6  14 1 1 1
     600  6  6  15 1 1 1
     601  6  7  1 1 1 1
     602  6  7  2 1 1 1
     603  6  7  3 1 1 1
     604  6  7  4 1 1 1
     605  6  7  5 1 1 1
     606  6  7  6 1 1 1
     607  6  7  7 1 1 1
     608  6  7  8 1 1 1
     609  6  7  9 1 1 1
     610  6  7  11 1 1 1
     611  6  7  12 1 1 1
     612  6  7  13 1 1 1
     613  6  7  14 1 1 1
     614  6  7  15 1 1 1
     615  6  8  1 1 1 1
     616  6  8  2 1 1 1
     617  6  8  3 1 1 1
     618  6  8  4 1 1 1
     619  6  8  5 1 1 1
     620  6  8  6 1 1 1
     621  6  8  7 1 1 1
     622  6  8  8 1 1 1
     623  6  8  9 1 1 1
     624  6  8  11 1 1 1
     625  6  8  12 1 1 1
     626  6  8  13 1 1 1
     627  6  8  14 1 1 1
     628  6  8  15 1 1 1
     629  6  9  1 1 1 1
     630  6  9  2 1 1 1
     631  6  9  3 1 1 1
     632  6  9  4 1 1 1
     633  6  9  5 1 1 1
     634  6  9  6 1 1 1
     635  6  9  7 1 1 1
     636  6  9  8 1 1 1
     637  6  9  9 1 1 1
     638  6  9  11 1 1 1
     639  6  9  12 1 1 1
     640  6  9  13 1 1 1
     641  6  9  14 1 1 1
     642  6  9  15 1 1 1
     643  6  11  1 1 1 1
     644  6  11  2 1 1 1
     645  6  11  3 1 1 1
     646  6  11  4 1 1 1
     647  6  11  5 1 1 1
     648  6  11  6 1 1 1
     649  6  11  7 1 1 1
     650  6  11  8 1 1 1
     651  6  11  9 1 1 1
     652  6  11  11 1 1 1
     653  6  11  12 1 1 1
     654  6  11  13 1 1 1
     655  6  11  14 1 1 1
     656  6  11  15 1 1 1
     657  6  12  2 1 1 1
     658  6  12  3 1 1 1
     659  6  12  4 1 1 1
     660  6  12  5 1 1 1
     661  6  12  6 1 1 1
     662  6  12  7 1 1 1
     663  6  12  8 1 1 1
     664  6  12  9 1 1 1
     665  6  12  11 1 1 1
     666  6  12  12 1 1 1
     667  6  12  13 1 1 1
     668  6  12  14 1 1 1
     669  6  13  2 1 1 1
     670  6  13  3 1 1 1
     671  6  13  4 1 1 1
     672  6  13  5 1 1 1
     673  6  13  6 1 1 1
     674  6  13  7 1 1 1
     675  6  13  8 1 1 1
     676  6  13  9 1 1 1
     677  6  13  11 1 1 1
     678  6  13  12 1 1 1
     679  6  13  13 1 1 1
     680  6  13  14 1 1 1
     681  6  14  3 1 1 1
     682  6  14  4 1 1 1
     683  6  14  5 1 1 1
     684  6  14  6 1 1 1
     685  6  14  7 1 1 1
     686  6  14  8 1 1 1
     687  6  14  9 1 1 1
     688  6  14  11 1 1 1
     689  6  14  12 1 1 1
     690  6  14  13 1 1 1
     691  6  15  5 1 1 1
     692  6  15  6 1 1 1
     693  6  15  7 1 1 1
     694  6  15  8 1 1 1
     695  6  15  9 1 1 1
     696  6  15  11 1 1 1
     697  7  1  4 1 1 1
     698  7  1  5 1 1 1
     699  7  1  6 1 1 1
     700  7  1  7 1 1 1
     701  7  1  8 1 1 1
     702  7  1  9 1 1 1
     703  7  1  11 1 1 1
     704  7  1  12 1 1 1
     705  7  2  3 1 1 1
     706  7  2  4 1 1 1
     707  7  2  5 1 1 1
     708  7  2  6 1 1 1
     709  7  2  7 1 1 1
     710  7  2  8 1 1 1
     711  7  2  9 1 1 1
     712  7  2  11 1 1 1
     713  7  2  12 1 1 1
     714  7  2  13 1 1 1
     715  7  3  2 1 1 1
     716  7  3  3 1 1 1
     717  7  3  4 1 1 1
     718  7  3  5 1 1 1
     719  7  3  6 1 1 1
     720  7  3  7 1 1 1
     721  7  3  8 1 1 1
     722  7  3  9 1 1 1
     723  7  3  11 1 1 1
     724  7  3  12 1 1 1
     725  7  3  13 1 1 1
     726  7  3  14 1 1 1
     727  7  4  1 1 1 1
     728  7  4  2 1 1 1
     729  7  4  3 1 1 1
     730  7  4  4 1 1 1
     731  7  4  5 1 1 1
     732  7  4  6 1 1 1
     733  7  4  7 1 1 1
     734  7  4  8 1 1 1
     735  7  4  9 1 1 1
     736  7  4  11 1 1 1
     737  7  4  12 1 1 1
     738  7  4  13 1 1 1
     739  7  4  14 1 1 1
     740  7  4  15 1 1 1
     741  7  5  1 1 1 1
     742  7  5  2 1 1 1
     743  7  5  3 1 1 1
     744  7  5  4 1 1 1
     745  7  5  5 1 1 1
     746  7  5  6 1 1 1
     747  7  5  7 1 1 1
     748  7  5  8 1 1 1
     749  7  5  9 1 1 1
     750  7  5  11 1 1 1
     751  7  5  12 1 1 1
     752  7  5  13 1 1 1
     753  7  5  14 1 1 1
     754  7  5  15 1 1 1
     755  7  6  1 1 1 1
     756  7  6  2 1 1 1
     757  7  6  3 1 1 1
     758  7  6  4 1 1 1
     759  7  6  5 1 1 1
     760  7  6  6 1 1 1
     761  7  6  7 1 1 1
     762  7  6  8 1 1 1
     763  7  6  9 1 1 1
     764  7  6  11 1 1 1
     765  7  6  12 1 1 1
     766  7  6  13 1 1 1
     767  7  6  14 1 1 1
     768  7  6  15 1 1 1
     769  7  7  1 1 1 1
     770  7  7  2 1 1 1
     771  7  7  3 1 1 1
     772  7  7  4 1 1 1
     773  7  7  5 1 1 1
     774  7  7  6 1 1 1
     775  7  7  7 1 1 1
     776  7  7  8 1 1 1
     777  7  7  9 1 1 1
     778  7  7  11 1 1 1
     779  7  7  12 1 1 1
     780  7  7  13 1 1 1
     781  7  7  14 1 1 1
     782  7  7  15 1 1 1
     783  7  8  1 1 1 1
     784  7  8  2 1 1 1
     785  7  8  3 1 1 1
     786  7  8  4 1 1 1
     787  7  8  5 1 1 1
     788  7  8  6 1 1 1
     789  7  8  7 1 1 1
     790  7  8  8 1 1 1
     791  7  8  9 1 1 1
     792  7  8  11 1 1 1
     793  7  8  12 1 1 1
     794  7  8  13 1 1 1
     795  7  8  14 1 1 1
     796  7  8  15 1 1 1
     797  7  9  1 1 1 1
     798  7  9  2 1 1 1
     799  7  9  3 1 1 1
     800  7  9  4 1 1 1
     801  7  9  5 1 1 1
     802  7  9  6 1 1 1
     803  7  9  7 1 1 1
     804  7  9  8 1 1 1
     805  7  9  9 1 1 1
     806  7  9  11 1 1 1
     807  7  9  12 1 1 1
     808  7  9  13 1 1 1
     809  7  9  14 1 1 1
     810  7  9  15 1 1 1
     811  7  11  1 1 1 1
     812  7  11  2 1 1 1
     813  7  11  3 1 1 1
     814  7  11  4 1 1 1
     815  7  11  5 1 1 1
     816  7  11  6 1 1 1
     817  7  11  7 1 1 1
     818  7  11  8 1 1 1
     819  7  11  9 1 1 1
     820  7  11  11 1 1 1
     821  7  11  12 1 1 1
     822  7  11  13 1 1 1
     823  7  11  14 1 1 1
     824  7  11  15 1 1 1
     825  7  12  1 1 1 1
     826  7  12  2 1 1 1
     827  7  12  3 1 1 1
     828  7  12  4 1 1 1
     829  7  12  5 1 1 1
     830  7  12  6 1 1 1
     831  7  12  7 1 1 1
     832  7  12  8 1 1 1
     833  7  12  9 1 1 1
     834  7  12  11 1 1 1
     835  7  12  12 1 1 1
     836  7  12  13 1 1 1
     837  7  12  14 1 1 1
     838  7  12  15 1 1 1
     839  7  13  2 1 1 1
     840  7  13  3 1 1 1
     841  7  13  4 1 1 1
     842  7  13  5 1 1 1
     843  7  13  6 1 1 1
     844  7  13  7 1 1 1
     845  7  13  8 1 1 1
     846  7  13  9 1 1 1
     847  7  13  11 1 1 1
     848  7  13  12 1 1 1
     849  7  13  13 1 1 1
     850  7  13  14 1 1 1
     851  7  14  3 1 1 1
     852  7  14  4 1 1 1
     853  7  14  5 1 1 1
     854  7  14  6 1 1 1
     855  7  14  7 1 1 1
     856  7  14  8 1 1 1
     857  7  14  9 1 1 1
     858  7  14  11 1 1 1
     859  7  14  12 1 1 1
     860  7  14  13 1 1 1
     861  7  15  4 1 1 1
     862  7  15  5 1 1 1
     863  7  15  6 1 1 1
     864  7  15  7 1 1 1
     865  7  15  8 1 1 1
     866  7  15  9 1 1 1
     867  7  15  11 1 1 1
     868  7  15  12 1 1 1
     869  8  1  4 1 1 1
     870  8  1  5 1 1 1
     871  8  1  6 1 1 1
     872  8  1  7 1 1 1
     873  8  1  8 1 1 1
     874  8  1  9 1 1 1
     875  8  1  11 1 1 1
     876  8  1  12 1 1 1
     877  8  2  3 1 1 1
     878  8  2  4 1 1 1
     879  8  2  5 1 1 1
     880  8  2  6 1 1 1
     881  8  2  7 1 1 1
     882  8  2  8 1 1 1
     883  8  2  9 1 1 1
     884  8  2  11 1 1 1
     885  8  2  12 1 1 1
     886  8  2  13 1 1 1
     887  8  3  2 1 1 1
     888  8  3  3 1 1 1
     889  8  3  4 1 1 1
     890  8  3  5 1 1 1
     891  8  3  6 1 1 1
     892  8  3  7 1 1 1
     893  8  3  8 1 1 1
     894  8  3  9 1 1 1
     895  8  3  11 1 1 1
     896  8  3  12 1 1 1
     897  8  3  13 1 1 1
     898  8  3  14 1 1 1
     899  8  4  1 1 1 1
     900  8  4  2 1 1 1
     901  8  4  3 1 1 1
     902  8  4  4 1 1 1
     903  8  4  5 1 1 1
     904  8  4  6 1 1 1
     905  8  4  7 1 1 1
     906  8  4  8 1 1 1
     907  8  4  9 1 1 1
     908  8  4  11 1 1 1
     909  8  4  12 1 1 1
     910  8  4  13 1 1 1
     911  8  4  14 1 1 1
     912  8  4  15 1 1 1
     913  8  5  1 1 1 1
     914  8  5  2 1 1 1
     915  8  5  3 1 1 1
     916  8  5  4 1 1 1
     917  8  5  5 1 1 1
     918  8  5  6 1 1 1
     919  8  5  7 1 1 1
     920  8  5  8 1 1 1
     921  8  5  9 1 1 1
     922  8  5  11 1 1 1
     923  8  5  12 1 1 1
     924  8  5  13 1 1 1
     925  8  5  14 1 1 1
     926  8  5  15 1 1 1
     927  8  6  1 1 1 1
     928  8  6  2 1 1 1
     929  8  6  3 1 1 1
     930  8  6  4 1 1 1
     931  8  6  5 1 1 1
     932  8  6  6 1 1 1
     933  8  6  7 1 1 1
     934  8  6  8 1 1 1
     935  8  6  9 1 1 1
     936  8  6  11 1 1 1
     937  8  6  12 1 1 1
     938  8  6  13 1 1 1
     939  8  6  14 1 1 1
     940  8  6  15 1 1 1
     941  8  7  1 1 1 1
     942  8  7  2 1 1 1
     943  8  7  3 1 1 1
     944  8  7  4 1 1 1
     945  8  7  5 1 1 1
     946  8  7  6 1 1 1
     947  8  7  7 1 1 1
     948  8  7  8 1 1 1
     949  8  7  9 1 1 1
     950  8  7  11 1 1 1
     951  8  7  12 1 1 1
     952  8  7  13 1 1 1
     953  8  7  14 1 1 1
     954  8  7  15 1 1 1
     955  8  8  1 1 1 1
     956  8  8  2 1 1 1
     957  8  8  3 1 1 1
     958  8  8  4 1 1 1
     959  8  8  5 1 1 1
     960  8  8  6 1 1 1
     961  8  8  7 1 1 1
     962  8  8  8 1 1 1
     963  8  8  9 1 1 1
     964  8  8  11 1 1 1
     965  8  8  12 1 1 1
     966  8  8  13 1 1 1
     967  8  8  14 1 1 1
     968  8  8  15 1 1 1
     969  8  9  1 1 1 1
     970  8  9  2 1 1 1
     971  8  9  3 1 1 1
     972  8  9  4 1 1 1
     973  8  9  5 1 1 1
     974  8  9  6 1 1 1
     975  8  9  7 1 1 1
     976  8  9  8 1 1 1
     977  8  9  9 1 1 1
     978  8  9  11 1 1 1
     979  8  9  12 1 1 1
     980  8  9  13 1 1 1
     981  8  9  14 1 1 1
     982  8  9  15 1 1 1
     983  8  11  1 1 1 1
     984  8  11  2 1 1 1
     985  8  11  3 1 1 1
     986  8  11  4 1 1 1
     987  8  11  5 1 1 1
     988  8  11  6 1 1 1
     989  8  11  7 1 1 1
     990  8  11  8 1 1 1
     991  8  11  9 1 1 1
     992  8  11  11 1 1 1
     993  8  11  12 1 1 1
     994  8  11  13 1 1 1
     995  8  11  14 1 1 1
     996  8  11  15 1 1 1
     997  8  12  1 1 1 1
     998  8  12  2 1 1 1
     999  8  12  3 1 1 1
     1000  8  12  4 1 1 1
     1001  8  12  5 1 1 1
     1002  8  12  6 1 1 1
     1003  8  12  7 1 1 1
     1004  8  12  8 1 1 1
     1005  8  12  9 1 1 1
     1006  8  12  11 1 1 1
     1007  8  12  12 1 1 1
     1008  8  12  13 1 1 1
     1009  8  12  14 1 1 1
     1010  8  12  15 1 1 1
     1011  8  13  2 1 1 1
     1012  8  13  3 1 1 1
     1013  8  13  4 1 1 1
     1014  8  13  5 1 1 1
     1015  8  13  6 1 1 1
     1016  8  13  7 1 1 1
     1017  8  13  8 1 1 1
     1018  8  13  9 1 1 1
     1019  8  13  11 1 1 1
     1020  8  13  12 1 1 1
     1021  8  13  13 1 1 1
     1022  8  13  14 1 1 1
     1023  8  14  3 1 1 1
     1024  8  14  4 1 1 1
     1025  8  14  5 1 1 1
     1026  8  14  6 1 1 1
     1027  8  14  7 1 1 1
     1028  8  14  8 1 1 1
     1029  8  14  9 1 1 1
     1030  8  14  11 1 1 1
     1031  8  14  12 1 1 1
     1032  8  14  13 1 1 1
     1033  8  15  4 1 1 1
     1034  8  15  5 1 1 1
     1035  8  15  6 1 1 1
     1036  8  15  7 1 1 1
     1037  8  15  8 1 1 1
     1038  8  15  9 1 1 1
     1039  8  15  11 1 1 1
     1040  8  15  12 1 1 1
     1041  9  1  5 1 1 1
     1042  9  1  6 1 1 1
     1043  9  1  7 1 1 1
     1044  9  1  8 1 1 1
     1045  9  1  9 1 1 1
     1046  9  1  11 1 1 1
     1047  9  2  3 1 1 1
     1048  9  2  4 1 1 1
     1049  9  2  5 1 1 1
     1050  9  2  6 1 1 1
     1051  9  2  7 1 1 1
     1052  9  2  8 1 1 1
     1053  9  2  9 1 1 1
     1054  9  2  11 1 1 1
     1055  9  2  12 1 1 1
     1056  9  2  13 1 1 1
     1057  9  3  2 1 1 1
     1058  9  3  3 1 1 1
     1059  9  3  4 1 1 1
     1060  9  3  5 1 1 1
     1061  9  3  6 1 1 1
     1062  9  3  7 1 1 1
     1063  9  3  8 1 1 1
     1064  9  3  9 1 1 1
     1065  9  3  11 1 1 1
     1066  9  3  12 1 1 1
     1067  9  3  13 1 1 1
     1068  9  3  14 1 1 1
     1069  9  4  2 1 1 1
     1070  9  4  3 1 1 1
     1071  9  4  4 1 1 1
     1072  9  4  5 1 1 1
     1073  9  4  6 1 1 1
     1074  9  4  7 1 1 1
     1075  9  4  8 1 1 1
     1076  9  4  9 1 1 1
     1077  9  4  11 1 1 1
     1078  9  4  12 1 1 1
     1079  9  4  13 1 1 1
     1080  9  4  14 1 1 1
     1081  9  5  1 1 1 1
     1082  9  5  2 1 1 1
     1083  9  5  3 1 1 1
     1084  9  5  4 1 1 1
     1085  9  5  5 1 1 1
     1086  9  5  6 1 1 1
     1087  9  5  7 1 1 1
     1088  9  5  8 1 1 1
     1089  9  5  9 1 1 1
     1090  9  5  11 1 1 1
     1091  9  5  12 1 1 1
     1092  9  5  13 1 1 1
     1093  9  5  14 1 1 1
     1094  9  5  15 1 1 1
     1095  9  6  1 1 1 1
     1096  9  6  2 1 1 1
     1097  9  6  3 1 1 1
     1098  9  6  4 1 1 1
     1099  9  6  5 1 1 1
     1100  9  6  6 1 1 1
     1101  9  6  7 1 1 1
     1102  9  6  8 1 1 1
     1103  9  6  9 1 1 1
     1104  9  6  11 1 1 1
     1105  9  6  12 1 1 1
     1106  9  6  13 1 1 1
     1107  9  6  14 1 1 1
     1108  9  6  15 1 1 1
     1109  9  7  1 1 1 1
     1110  9  7  2 1 1 1
     1111  9  7  3 1 1 1
     1112  9  7  4 1 1 1
     1113  9  7  5 1 1 1
     1114  9  7  6 1 1 1
     1115  9  7  7 1 1 1
     1116  9  7  8 1 1 1
     1117  9  7  9 1 1 1
     1118  9  7  11 1 1 1
     1119  9  7  12 1 1 1
     1120  9  7  13 1 1 1
     1121  9  7  14 1 1 1
     1122  9  7  15 1 1 1
     1123  9  8  1 1 1 1
     1124  9  8  2 1 1 1
     1125  9  8  3 1 1 1
     1126  9  8  4 1 1 1
     1127  9  8  5 1 1 1
     1128  9  8  6 1 1 1
     1129  9  8  7 1 1 1
     1130  9  8  8 1 1 1
     1131  9  8  9 1 1 1
     1132  9  8  11 1 1 1
     1133  9  8  12 1 1 1
     1134  9  8  13 1 1 1
     1135  9  8  14 1 1 1
     1136  9  8  15 1 1 1
     1137  9  9  1 1 1 1
     1138  9  9  2 1 1 1
     1139  9  9  3 1 1 1
     1140  9  9  4 1 1 1
     1141  9  9  5 1 1 1
     1142  9  9  6 1 1 1
     1143  9  9  7 1 1 1
     1144  9  9  8 1 1 1
     1145  9  9  9 1 1 1
     1146  9  9  11 1 1 1
     1147  9  9  12 1 1 1
     1148  9  9  13 1 1 1
     1149  9  9  14 1 1 1
     1150  9  9  15 1 1 1
     1151  9  11  1 1 1 1
     1152  9  11  2 1 1 1
     1153  9  11  3 1 1 1
     1154  9  11  4 1 1 1
     1155  9  11  5 1 1 1
     1156  9  11  6 1 1 1
     1157  9  11  7 1 1 1
     1158  9  11  8 1 1 1
     1159  9  11  9 1 1 1
     1160  9  11  11 1 1 1
     1161  9  11  12 1 1 1
     1162  9  11  13 1 1 1
     1163  9  11  14 1 1 1
     1164  9  11  15 1 1 1
     1165  9  12  2 1 1 1
     1166  9  12  3 1 1 1
     1167  9  12  4 1 1 1
     1168  9  12  5 1 1 1
     1169  9  12  6 1 1 1
     1170  9  12  7 1 1 1
     1171  9  12  8 1 1 1
     1172  9  12  9 1 1 1
     1173  9  12  11 1 1 1
     1174  9  12  12 1 1 1
     1175  9  12  13 1 1 1
     1176  9  12  14 1 1 1
     1177  9  13  2 1 1 1
     1178  9  13  3 1 1 1
     1179  9  13  4 1 1 1
     1180  9  13  5 1 1 1
     1181  9  13  6 1 1 1
     1182  9  13  7 1 1 1
     1183  9  13  8 1 1 1
     1184  9  13  9 1 1 1
     1185  9  13  11 1 1 1
     1186  9  13  12 1 1 1
     1187  9  13  13 1 1 1
     1188  9  13  14 1 1 1
     1189  9  14  3 1 1 1
     1190  9  14  4 1 1 1
     1191  9  14  5 1 1 1
     1192  9  14  6 1 1 1
     1193  9  14  7 1 1 1
     1194  9  14  8 1 1 1
     1195  9  14  9 1 1 1
     1196  9  14  11 1 1 1
     1197  9  14  12 1 1 1
     1198  9  14  13 1 1 1
     1199  9  15  5 1 1 1
     1200  9  15  6 1 1 1
     1201  9  15  7 1 1 1
     1202  9  15  8 1 1 1
     1203  9  15  9 1 1 1
     1204  9  15  11 1 1 1
     1205  11  1  5 1 1 1
     1206  11  1  6 1 1 1
     1207  11  1  7 1 1 1
     1208  11  1  8 1 1 1
     1209  11  1  9 1 1 1
     1210  11  1  11 1 1 1
     1211  11  2  4 1 1 1
     1212  11  2  5 1 1 1
     1213  11  2  6 1 1 1
     1214  11  2  7 1 1 1
     1215  11  2  8 1 1 1
     1216  11  2  9 1 1 1
     1217  11  2  11 1 1 1
     1218  11  2  12 1 1 1
     1219  11  3  3 1 1 1
     1220  11  3  4 1 1 1
     1221  11  3  5 1 1 1
     1222  11  3  6 1 1 1
     1223  11  3  7 1 1 1
     1224  11  3  8 1 1 1
     1225  11  3  9 1 1 1
     1226  11  3  11 1 1 1
     1227  11  3  12 1 1 1
     1228  11  3  13 1 1 1
     1229  11  4  2 1 1 1
     1230  11  4  3 1 1 1
     1231  11  4  4 1 1 1
     1232  11  4  5 1 1 1
     1233  11  4  6 1 1 1
     1234  11  4  7 1 1 1
     1235  11  4  8 1 1 1
     1236  11  4  9 1 1 1
     1237  11  4  11 1 1 1
     1238  11  4  12 1 1 1
     1239  11  4  13 1 1 1
     1240  11  4  14 1 1 1
     1241  11  5  1 1 1 1
     1242  11  5  2 1 1 1
     1243  11  5  3 1 1 1
     1244  11  5  4 1 1 1
     1245  11  5  5 1 1 1
     1246  11  5  6 1 1 1
     1247  11  5  7 1 1 1
     1248  11  5  8 1 1 1
     1249  11  5  9 1 1 1
     1250  11  5  11 1 1 1
     1251  11  5  12 1 1 1
     1252  11  5  13 1 1 1
     1253  11  5  14 1 1 1
     1254  11  5  15 1 1 1
     1255  11  6  1 1 1 1
     1256  11  6  2 1 1 1
     1257  11  6  3 1 1 1
     1258  11  6  4 1 1 1
     1259  11  6  5 1 1 1
     1260  11  6  6 1 1 1
     1261  11  6  7 1 1 1
     1262  11  6  8 1 1 1
     1263  11  6  9 1 1 1
     1264  11  6  11 1 1 1
     1265  11  6  12 1 1 1
     1266  11  6  13 1 1 1
     1267  11  6  14 1 1 1
     1268  11  6  15 1 1 1
     1269  11  7  1 1 1 1
     1270  11  7  2 1 1 1
     1271  11  7  3 1 1 1
     1272  11  7  4 1 1 1
     1273  11  7  5 1 1 1
     1274  11  7  6 1 1 1
     1275  11  7  7 1 1 1
     1276  11  7  8 1 1 1
     1277  11  7  9 1 1 1
     1278  11  7  11 1 1 1
     1279  11  7  12 1 1 1
     1280  11  7  13 1 1 1
     1281  11  7  14 1 1 1
     1282  11  7  15 1 1 1
     1283  11  8  1 1 1 1
     1284  11  8  2 1 1 1
     1285  11  8  3 1 1 1
     1286  11  8  4 1 1 1
     1287  11  8  5 1 1 1
     1288  11  8  6 1 1 1
     1289  11  8  7 1 1 1
     1290  11  8  8 1 1 1
     1291  11  8  9 1 1 1
     1292  11  8  11 1 1 1
     1293  11  8  12 1 1 1
     1294  11  8  13 1 1 1
     1295  11  8  14 1 1 1
     1296  11  8  15 1 1 1
     1297  11  9  1 1 1 1
     1298  11  9  2 1 1 1
     1299  11  9  3 1 1 1
     1300  11  9  4 1 1 1
     1301  11  9  5 1 1 1
     1302  11  9  6 1 1 1
     1303  11  9  7 1 1 1
     1304  11  9  8 1 1 1
     1305  11  9  9 1 1 1
     1306  11  9  11 1 1 1
     1307  11  9  12 1 1 1
     1308  11  9  13 1 1 1
     1309  11  9  14 1 1 1
     1310  11  9  15 1 1 1
     1311  11  11  1 1 1 1
     1312  11  11  2 1 1 1
     1313  11  11  3 1 1 1
     1314  11  11  4 1 1 1
     1315  11  11  5 1 1 1
     1316  11  11  6 1 1 1
     1317  11  11  7 1 1 1
     1318  11  11  8 1 1 1
     1319  11  11  9 1 1 1
     1320  11  11  11 1 1 1
     1321  11  11  12 1 1 1
     1322  11  11  13 1 1 1
     1323  11  11  14 1 1 1
     1324  11  11  15 1 1 1
     1325  11  12  2 1 1 1
     1326  11  12  3 1 1 1
     1327  11  12  4 1 1 1
     1328  11  12  5 1 1 1
     1329  11  12  6 1 1 1
     1330  11  12  7 1 1 1
     1331  11  12  8 1 1 1
     1332  11  12  9 1 1 1
     1333  11  12  11 1 1 1
     1334  11  12  12 1 1 1
     1335  11  12  13 1 1 1
     1336  11  12  14 1 1 1
     1337  11  13  3 1 1 1
     1338  11  13  4 1 1 1
     1339  11  13  5 1 1 1
     1340  11  13  6 1 1 1
     1341  11  13  7 1 1 1
     1342  11  13  8 1 1 1
     1343  11  13  9 1 1 1
     1344  11  13  11 1 1 1
     1345  11  13  12 1 1 1
     1346  11  13  13 1 1 1
     1347  11  14  4 1 1 1
     1348  11  14  5 1 1 1
     1349  11  14  6 1 1 1
     1350  11  14  7 1 1 1
     1351  11  14  8 1 1 1
     1352  11  14  9 1 1 1
     1353  11  14  11 1 1 1
     1354  11  14  12 1 1 1
     1355  11  15  5 1 1 1
     1356  11  15  6 1 1 1
     1357  11  15  7 1 1 1
     1358  11  15  8 1 1 1
     1359  11  15  9 1 1 1
     1360  11  15  11 1 1 1
     1361  12  1  7 1 1 1
     1362  12  1  8 1 1 1
     1363  12  2  4 1 1 1
     1364  12  2  5 1 1 1
     1365  12  2  6 1 1 1
     1366  12  2  7 1 1 1
     1367  12  2  8 1 1 1
     1368  12  2  9 1 1 1
     1369  12  2  11 1 1 1
     1370  12  2  12 1 1 1
     1371  12  3  3 1 1 1
     1372  12  3  4 1 1 1
     1373  12  3  5 1 1 1
     1374  12  3  6 1 1 1
     1375  12  3  7 1 1 1
     1376  12  3  8 1 1 1
     1377  12  3  9 1 1 1
     1378  12  3  11 1 1 1
     1379  12  3  12 1 1 1
     1380  12  3  13 1 1 1
     1381  12  4  2 1 1 1
     1382  12  4  3 1 1 1
     1383  12  4  4 1 1 1
     1384  12  4  5 1 1 1
     1385  12  4  6 1 1 1
     1386  12  4  7 1 1 1
     1387  12  4  8 1 1 1
     1388  12  4  9 1 1 1
     1389  12  4  11 1 1 1
     1390  12  4  12 1 1 1
     1391  12  4  13 1 1 1
     1392  12  4  14 1 1 1
     1393  12  5  2 1 1 1
     1394  12  5  3 1 1 1
     1395  12  5  4 1 1 1
     1396  12  5  5 1 1 1
     1397  12  5  6 1 1 1
     1398  12  5  7 1 1 1
     1399  12  5  8 1 1 1
     1400  12  5  9 1 1 1
     1401  12  5  11 1 1 1
     1402  12  5  12 1 1 1
     1403  12  5  13 1 1 1
     1404  12  5  14 1 1 1
     1405  12  6  2 1 1 1
     1406  12  6  3 1 1 1
     1407  12  6  4 1 1 1
     1408  12  6  5 1 1 1
     1409  12  6  6 1 1 1
     1410  12  6  7 1 1 1
     1411  12  6  8 1 1 1
     1412  12  6  9 1 1 1
     1413  12  6  11 1 1 1
     1414  12  6  12 1 1 1
     1415  12  6  13 1 1 1
     1416  12  6  14 1 1 1
     1417  12  7  1 1 1 1
     1418  12  7  2 1 1 1
     1419  12  7  3 1 1 1
     1420  12  7  4 1 1 1
     1421  12  7  5 1 1 1
     1422  12  7  6 1 1 1
     1423  12  7  7 1 1 1
     1424  12  7  8 1 1 1
     1425  12  7  9 1 1 1
     1426  12  7  11 1 1 1
     1427  12  7  12 1 1 1
     1428  12  7  13 1 1 1
     1429  12  7  14 1 1 1
     1430  12  7  15 1 1 1
     1431  12  8  1 1 1 1
     1432  12  8  2 1 1 1
     1433  12  8  3 1 1 1
     1434  12  8  4 1 1 1
     1435  12  8  5 1 1 1
     1436  12  8  6 1 1 1
     1437  12  8  7 1 1 1
     1438  12  8  8 1 1 1
     1439  12  8  9 1 1 1
     1440  12  8  11 1 1 1
     1441  12  8  12 1 1 1
     1442  12  8  13 1 1 1
     1443  12  8  14 1 1 1
     1444  12  8  15 1 1 1
     1445  12  9  2 1 1 1
     1446  12  9  3 1 1 1
     1447  12  9  4 1 1 1
     1448  12  9  5 1 1 1
     1449  12  9  6 1 1 1
     1450  12  9  7 1 1 1
     1451  12  9  8 1 1 1
     1452  12  9  9 1 1 1
     1453  12  9  11 1 1 1
     1454  12  9  12 1 1 1
     1455  12  9  13 1 1 1
     1456  12  9  14 1 1 1
     1457  12  11  2 1 1 1
     1458  12  11  3 1 1 1
     1459  12  11  4 1 1 1
     1460  12  11  5 1 1 1
     1461  12  11  6 1 1 1
     1462  12  11  7 1 1 1
     1463  12  11  8 1 1 1
     1464  12  11  9 1 1 1
     1465  12  11  11 1 1 1
     1466  12  11  12 1 1 1
     1467  12  11  13 1 1 1
     1468  12  11  14 1 1 1
     1469  12  12  2 1 1 1
     1470  12  12  3 1 1 1
     1471  12  12  4 1 1 1
     1472  12  12  5 1 1 1
     1473  12  12  6 1 1 1
     1474  12  12  7 1 1 1
     1475  12  12  8 1 1 1
     1476  12  12  9 1 1 1
     1477  12  12  11 1 1 1
     1478  12  12  12 1 1 1
     1479  12  12  13 1 1 1
     1480  12  12  14 1 1 1
     1481  12  13  3 1 1 1
     1482  12  13  4 1 1 1
     1483  12  13  5 1 1 1
     1484  12  13  6 1 1 1
     1485  12  13  7 1 1 1
     1486  12  13  8 1 1 1
     1487  12  13  9 1 1 1
     1488  12  13  11 1 1 1
     1489  12  13  12 1 1 1
     1490  12  13  13 1 1 1
     1491  12  14  4 1 1 1
     1492  12  14  5 1 1 1
     1493  12  14  6 1 1 1
     1494  12  14  7 1 1 1
     1495  12  14  8 1 1 1
     1496  12  14  9 1 1 1
     1497  12  14  11 1 1 1
     1498  12  14  12 1 1 1
     1499  12  15  7 1 1 1
     1500  12  15  8 1 1 1
     1501  13  2  6 1 1 1
     1502  13  2  7 1 1 1
     1503  13  2  8 1 1 1
     1504  13  2  9 1 1 1
     1505  13  3  4 1 1 1
     1506  13  3  5 1 1 1
     1507  13  3  6 1 1 1
     1508  13  3  7 1 1 1
     1509  13  3  8 1 1 1
     1510  13  3  9 1 1 1
     1511  13  3  11 1 1 1
     1512  13  3  12 1 1 1
     1513  13  4  3 1 1 1
     1514  13  4  4 1 1 1
     1515  13  4  5 1 1 1
     1516  13  4  6 1 1 1
     1517  13  4  7 1 1 1
     1518  13  4  8 1 1 1
     1519  13  4  9 1 1 1
     1520  13  4  11 1 1 1
     1521  13  4  12 1 1 1
     1522  13  4  13 1 1 1
     1523  13  5  3 1 1 1
     1524  13  5  4 1 1 1
     1525  13  5  5 1 1 1
     1526  13  5  6 1 1 1
     1527  13  5  7 1 1 1
     1528  13  5  8 1 1 1
     1529  13  5  9 1 1 1
     1530  13  5  11 1 1 1
     1531  13  5  12 1 1 1
     1532  13  5  13 1 1 1
     1533  13  6  2 1 1 1
     1534  13  6  3 1 1 1
     1535  13  6  4 1 1 1
     1536  13  6  5 1 1 1
     1537  13  6  6 1 1 1
     1538  13  6  7 1 1 1
     1539  13  6  8 1 1 1
     1540  13  6  9 1 1 1
     1541  13  6  11 1 1 1
     1542  13  6  12 1 1 1
     1543  13  6  13 1 1 1
     1544  13  6  14 1 1 1
     1545  13  7  2 1 1 1
     1546  13  7  3 1 1 1
     1547  13  7  4 1 1 1
     1548  13  7  5 1 1 1
     1549  13  7  6 1 1 1
     1550  13  7  7 1 1 1
     1551  13  7  8 1 1 1
     1552  13  7  9 1 1 1
     1553  13  7  11 1 1 1
     1554  13  7  12 1 1 1
     1555  13  7  13 1 1 1
     1556  13  7  14 1 1 1
     1557  13  8  2 1 1 1
     1558  13  8  3 1 1 1
     1559  13  8  4 1 1 1
     1560  13  8  5 1 1 1
     1561  13  8  6 1 1 1
     1562  13  8  7 1 1 1
     1563  13  8  8 1 1 1
     1564  13  8  9 1 1 1
     1565  13  8  11 1 1 1
     1566  13  8  12 1 1 1
     1567  13  8  13 1 1 1
     1568  13  8  14 1 1 1
     1569  13  9  2 1 1 1
     1570  13  9  3 1 1 1
     1571  13  9  4 1 1 1
     1572  13  9  5 1 1 1
     1573  13  9  6 1 1 1
     1574  13  9  7 1 1 1
     1575  13  9  8 1 1 1
     1576  13  9  9 1 1 1
     1577  13  9  11 1 1 1
     1578  13  9  12 1 1 1
     1579  13  9  13 1 1 1
     1580  13  9  14 1 1 1
     1581  13  11  3 1 1 1
     1582  13  11  4 1 1 1
     1583  13  11  5 1 1 1
     1584  13  11  6 1 1 1
     1585  13  11  7 1 1 1
     1586  13  11  8 1 1 1
     1587  13  11  9 1 1 1
     1588  13  11  11 1 1 1
     1589  13  11  12 1 1 1
     1590  13  11  13 1 1 1
     1591  13  12  3 1 1 1
     1592  13  12  4 1 1 1
     1593  13  12  5 1 1 1
     1594  13  12  6 1 1 1
     1595  13  12  7 1 1 1
     1596  13  12  8 1 1 1
     1597  13  12  9 1 1 1
     1598  13  12  11 1 1 1
     1599  13  12  12 1 1 1
     1600  13  12  13 1 1 1
     1601  13  13  4 1 1 1
     1602  13  13  5 1 1 1
     1603  13  13  6 1 1 1
     1604  13  13  7 1 1 1
     1605  13  13  8 1 1 1
     1606  13  13  9 1 1 1
     1607  13  13  11 1 1 1
     1608  13  13  12 1 1 1
     1609  13  14  6 1 1 1
     1610  13  14  7 1 1 1
     1611  13  14  8 1 1 1
     1612  13  14  9 1 1 1
     1613  14  3  6 1 1 1
     1614  14  3  7 1 1 1
     1615  14  3  8 1 1 1
     1616  14  3  9 1 1 1
     1617  14  4  4 1 1 1
     1618  14  4  5 1 1 1
     1619  14  4  6 1 1 1
     1620  14  4  7 1 1 1
     1621  14  4  8 1 1 1
     1622  14  4  9 1 1 1
     1623  14  4  11 1 1 1
     1624  14  4  12 1 1 1
     1625  14  5  4 1 1 1
     1626  14  5  5 1 1 1
     1627  14  5  6 1 1 1
     1628  14  5  7 1 1 1
     1629  14  5  8 1 1 1
     1630  14  5  9 1 1 1
     1631  14  5  11 1 1 1
     1632  14  5  12 1 1 1
     1633  14  6  3 1 1 1
     1634  14  6  4 1 1 1
     1635  14  6  5 1 1 1
     1636  14  6  6 1 1 1
     1637  14  6  7 1 1 1
     1638  14  6  8 1 1 1
     1639  14  6  9 1 1 1
     1640  14  6  11 1 1 1
     1641  14  6  12 1 1 1
     1642  14  6  13 1 1 1
     1643  14  7  3 1 1 1
     1644  14  7  4 1 1 1
     1645  14  7  5 1 1 1
     1646  14  7  6 1 1 1
     1647  14  7  7 1 1 1
     1648  14  7  8 1 1 1
     1649  14  7  9 1 1 1
     1650  14  7  11 1 1 1
     1651  14  7  12 1 1 1
     1652  14  7  13 1 1 1
     1653  14  8  3 1 1 1
     1654  14  8  4 1 1 1
     1655  14  8  5 1 1 1
     1656  14  8  6 1 1 1
     1657  14  8  7 1 1 1
     1658  14  8  8 1 1 1
     1659  14  8  9 1 1 1
     1660  14  8  11 1 1 1
     1661  14  8  12 1 1 1
     1662  14  8  13 1 1 1
     1663  14  9  3 1 1 1
     1664  14  9  4 1 1 1
     1665  14  9  5 1 1 1
     1666  14  9  6 1 1 1
     1667  14  9  7 1 1 1
     1668  14  9  8 1 1 1
     1669  14  9  9 1 1 1
     1670  14  9  11 1 1 1
     1671  14  9  12 1 1 1
     1672  14  9  13 1 1 1
     1673  14  11  4 1 1 1
     1674  14  11  5 1 1 1
     1675  14  11  6 1 1 1
     1676  14  11  7 1 1 1
     1677  14  11  8 1 1 1
     1678  14  11  9 1 1 1
     1679  14  11  11 1 1 1
     1680  14  11  12 1 1 1
     1681  14  12  4 1 1 1
     1682  14  12  5 1 1 1
     1683  14  12  6 1 1 1
     1684  14  12  7 1 1 1
     1685  14  12  8 1 1 1
     1686  14  12  9 1 1 1
     1687  14  12  11 1 1 1
     1688  14  12  12 1 1 1
     1689  14  13  6 1 1 1
     1690  14  13  7 1 1 1
     1691  14  13  8 1 1 1
     1692  14  13  9 1 1 1
     1693  15  4  7 1 1 1
     1694  15  4  8 1 1 1
     1695  15  5  5 1 1 1
     1696  15  5  6 1 1 1
     1697  15  5  7 1 1 1
     1698  15  5  8 1 1 1
     1699  15  5  9 1 1 1
     1700  15  5  11 1 1 1
     1701  15  6  5 1 1 1
     1702  15  6  6 1 1 1
     1703  15  6  7 1 1 1
     1704  15  6  8 1 1 1
     1705  15  6  9 1 1 1
     1706  15  6  11 1 1 1
     1707  15  7  4 1 1 1
     1708  15  7  5 1 1 1
     1709  15  7  6 1 1 1
     1710  15  7  7 1 1 1
     1711  15  7  8 1 1 1
     1712  15  7  9 1 1 1
     1713  15  7  11 1 1 1
     1714  15  7  12 1 1 1
     1715  15  8  4 1 1 1
     1716  15  8  5 1 1 1
     1717  15  8  6 1 1 1
     1718  15  8  7 1 1 1
     1719  15  8  8 1 1 1
     1720  15  8  9 1 1 1
     1721  15  8  11 1 1 1
     1722  15  8  12 1 1 1
     1723  15  9  5 1 1 1
     1724  15  9  6 1 1 1
     1725  15  9  7 1 1 1
     1726  15  9  8 1 1 1
     1727  15  9  9 1 1 1
     1728  15  9  11 1 1 1
     1729  15  11  5 1 1 1
     1730  15  11  6 1 1 1
     1731  15  11  7 1 1 1
     1732  15  11  8 1 1 1
     1733  15  11  9 1 1 1
     1734  15  11  11 1 1 1
     1735  15  12  7 1 1 1
     1736  15  12  8 1 1 1