>GEOMETRY   rect_prism; AX,AY,AZ= 0.4022 0.4022 0.4022
     2720 = NAT 
  1.000000  0.000000  0.000000 = A_1 vector
  0.000000  1.000000  0.000000 = A_2 vector
  1.000000  1.000000  1.000000 = lattice spacings (d_x,d_y,d_z)/d
 -0.08145 -0.09555 -0.03690 = lattice offset x0(1-3) = (x_TF, y_TF, z_TF)/d for dipole 0 0 0
     JA  IX  IY  IZ ICOMP(x,y,z)
     1  1  1  1 1 1 1
     2  1  1  2 1 1 1
     3  1  1  3 1 1 1
     4  1  1  4 1 1 1
     5  1  1  5 1 1 1
     6  1  1  6 1 1 1
     7  1  1  7 1 1 1
     8  1  1  8 1 1 1
     9  1  2  1 1 1 1
     10  1  2  2 1 1 1
     11  1  2  3 1 1 1
     12  1  2  4 1 1 1
     13  1  2  5 1 1 1
     14  1  2  6 1 1 1
     15  1  2  7 1 1 1
     16  1  2  8 1 1 1
     17  1  3  1 1 1 1
     18  1  3  2 1 1 1
     19  1  3  3 1 1 1
     20  1  3  4 1 1 1
     21  1  3  5 1 1 1
     22  1  3  6 1 1 1
     23  1  3  7 1 1 1
     24  1  3  8 1 1 1
     25  1  4  1 1 1 1
     26  1  4  2 1 1 1
     27  1  4  3 1 1 1
     28  1  4  4 1 1 1
     29  1  4  5 1 1 1
     30  1  4  6 1 1 1
     31  1  4  7 1 1 1
     32  1  4  8 1 1 1
     33  1  5  1 1 1 1
     34  1  5  2 1 1 1
     35  1  5  3 1 1 1
     36  1  5  4 1 1 1
     37  1  5  5 1 1 1
     38  1  5  6 1 1 1
     39  1  5  7 1 1 1
     40  1  5  8 1 1 1
     41  1  6  1 1 1 1
     42  1  6  2 1 1 1
     43  1  6  3 1 1 1
     44  1  6  4 1 1 1
     45  1  6  5 1 1 1
     46  1  6  6 1 1 1
     47  1  6  7 1 1 1
     48  1  6  8 1 1 1
     49  1  7  1 1 1 1
     50  1  7  2 1 1 1
     51  1  7  3 1 1 1
     52  1  7  4 1 1 1
     53  1  7  5 1 1 1
     54  1  7  6 1 1 1
     55  1  7  7 1 1 1
     56  1  7  8 1 1 1
     57  1  8  1 1 1 1
     58  1  8  2 1 1 1
     59  1  8  3 1 1 1
     60  1  8  4 1 1 1
     61  1  8  5 1 1 1
     62  1  8  6 1 1 1
     63  1  8  7 1 1 1
     64  1  8  8 1 1 1
     65  1  9  1 1 1 1
     66  1  9  2 1 1 1
     67  1  9  3 1 1 1
     68  1  9  4 1 1 1
     69  1  9  5 1 1 1
     70  1  9  6 1 1 1
     71  1  9  7 1 1 1
     72  1  9  8 1 1 1
     73  1  10  1 1 1 1
     74  1  10  2 1 1 1
     75  1  10  3 1 1 1
     76  1  10  4 1 1 1
     77  1  10  5 1 1 1
     78  1  10  6 1 1 1
     79  1  10  7 1 1 1
     80  1  10  8 1 1 1
     81  1  11  1 1 1 1
     82  1  11  2 1 1 1
     83  1  11  3 1 1 1
     84  1  11  4 1 1 1
     85  1  11  5 1 1 1
     86  1  11  6 1 1 1
     87  1  11  7 1 1 1
     88  1  11  8 1 1 1
     89  1  12  1 1 1 1
     90  1  12  2 1 1 1
     91  1  12  3 1 1 1
     92  1  12  4 1 1 1
     93  1  12  5 1 1 1
     94  1  12  6 1 1 1
     95  1  12  7 1 1 1
     96  1  12  8 1 1 1
     97  1  13  1 1 1 1
     98  1  13  2 1 1 1
     99  1  13  3 1 1 1
     100  1  13  4 1 1 1
     101  1  13  5 1 1 1
     102  1  13  6 1 1 1
     103  1  13  7 1 1 1
     104  1  13  8 1 1 1
     105  1  14  1 1 1 1
     106  1  14  2 1 1 1
     107  1  14  3 1 1 1
     108  1  14  4 1 1 1
     109  1  14  5 1 1 1
     110  1  14  6 1 1 1
     111  1  14  7 1 1 1
     112  1  14  8 1 1 1
     113  1  15  1 1 1 1
     114  1  15  2 1 1 1
     115  1  15  3 1 1 1
     116  1  15  4 1 1 1
     117  1  15  5 1 1 1
     118  1  15  6 1 1 1
     119  1  15  7 1 1 1
     120  1  15  8 1 1 1
     121  1  16  1 1 1 1
     122  1  16  2 1 1 1
     123  1  16  3 1 1 1
     124  1  16  4 1 1 1
     125  1  16  5 1 1 1
     126  1  16  6 1 1 1
     127  1  16  7 1 1 1
     128  1  16  8 1 1 1
     129  1  17  1 1 1 1
     130  1  17  2 1 1 1
     131  1  17  3 1 1 1
     132  1  17  4 1 1 1
     133  1  17  5 1 1 1
     134  1  17  6 1 1 1
     135  1  17  7 1 1 1
     136  1  17  8 1 1 1
     137  1  18  1 1 1 1
     138  1  18  2 1 1 1
     139  1  18  3 1 1 1
     140  1  18  4 1 1 1
     141  1  18  5 1 1 1
     142  1  18  6 1 1 1
     143  1  18  7 1 1 1
     144  1  18  8 1 1 1
     145  1  19  1 1 1 1
     146  1  19  2 1 1 1
     147  1  19  3 1 1 1
     148  1  19  4 1 1 1
     149  1  19  5 1 1 1
     150  1  19  6 1 1 1
     151  1  19  7 1 1 1
     152  1  19  8 1 1 1
     153  1  20  1 1 1 1
     154  1  20  2 1 1 1
     155  1  20  3 1 1 1
     156  1  20  4 1 1 1
     157  1  20  5 1 1 1
     158  1  20  6 1 1 1
     159  1  20  7 1 1 1
     160  1  20  8 1 1 1
     161  2  1  1 1 1 1
     162  2  1  2 1 1 1
     163  2  1  3 1 1 1
     164  2  1  4 1 1 1
     165  2  1  5 1 1 1
     166  2  1  6 1 1 1
     167  2  1  7 1 1 1
     168  2  1  8 1 1 1
     169  2  2  1 1 1 1
     170  2  2  2 1 1 1
     171  2  2  3 1 1 1
     172  2  2  4 1 1 1
     173  2  2  5 1 1 1
     174  2  2  6 1 1 1
     175  2  2  7 1 1 1
     176  2  2  8 1 1 1
     177  2  3  1 1 1 1
     178  2  3  2 1 1 1
     179  2  3  3 1 1 1
     180  2  3  4 1 1 1
     181  2  3  5 1 1 1
     182  2  3  6 1 1 1
     183  2  3  7 1 1 1
     184  2  3  8 1 1 1
     185  2  4  1 1 1 1
     186  2  4  2 1 1 1
     187  2  4  3 1 1 1
     188  2  4  4 1 1 1
     189  2  4  5 1 1 1
     190  2  4  6 1 1 1
     191  2  4  7 1 1 1
     192  2  4  8 1 1 1
     193  2  5  1 1 1 1
     194  2  5  2 1 1 1
     195  2  5  3 1 1 1
     196  2  5  4 1 1 1
     197  2  5  5 1 1 1
     198  2  5  6 1 1 1
     199  2  5  7 1 1 1
     200  2  5  8 1 1 1
     201  2  6  1 1 1 1
     202  2  6  2 1 1 1
     203  2  6  3 1 1 1
     204  2  6  4 1 1 1
     205  2  6  5 1 1 1
     206  2  6  6 1 1 1
     207  2  6  7 1 1 1
     208  2  6  8 1 1 1
     209  2  7  1 1 1 1
     210  2  7  2 1 1 1
     211  2  7  3 1 1 1
     212  2  7  4 1 1 1
     213  2  7  5 1 1 1
     214  2  7  6 1 1 1
     215  2  7  7 1 1 1
     216  2  7  8 1 1 1
     217  2  8  1 1 1 1
     218  2  8  2 1 1 1
     219  2  8  3 1 1 1
     220  2  8  4 1 1 1
     221  2  8  5 1 1 1
     222  2  8  6 1 1 1
     223  2  8  7 1 1 1
     224  2  8  8 1 1 1
     225  2  9  1 1 1 1
     226  2  9  2 1 1 1
     227  2  9  3 1 1 1
     228  2  9  4 1 1 1
     229  2  9  5 1 1 1
     230  2  9  6 1 1 1
     231  2  9  7 1 1 1
     232  2  9  8 1 1 1
     233  2  10  1 1 1 1
     234  2  10  2 1 1 1
     235  2  10  3 1 1 1
     236  2  10  4 1 1 1
     237  2  10  5 1 1 1
     238  2  10  6 1 1 1
     239  2  10  7 1 1 1
     240  2  10  8 1 1 1
     241  2  11  1 1 1 1
     242  2  11  2 1 1 1
     243  2  11  3 1 1 1
     244  2  11  4 1 1 1
     245  2  11  5 1 1 1
     246  2  11  6 1 1 1
     247  2  11  7 1 1 1
     248  2  11  8 1 1 1
     249  2  12  1 1 1 1
     250  2  12  2 1 1 1
     251  2  12  3 1 1 1
     252  2  12  4 1 1 1
     253  2  12  5 1 1 1
     254  2  12  6 1 1 1
     255  2  12  7 1 1 1
     256  2  12  8 1 1 1
     257  2  13  1 1 1 1
     258  2  13  2 1 1 1
     259  2  13  3 1 1 1
     260  2  13  4 1 1 1
     261  2  13  5 1 1 1
     262  2  13  6 1 1 1
     263  2  13  7 1 1 1
     264  2  13  8 1 1 1
     265  2  14  1 1 1 1
     266  2  14  2 1 1 1
     267  2  14  3 1 1 1
     268  2  14  4 1 1 1
     269  2  14  5 1 1 1
     270  2  14  6 1 1 1
     271  2  14  7 1 1 1
     272  2  14  8 1 1 1
     273  2  15  1 1 1 1
     274  2  15  2 1 1 1
     275  2  15  3 1 1 1
     276  2  15  4 1 1 1
     277  2  15  5 1 1 1
     278  2  15  6 1 1 1
     279  2  15  7 1 1 1
     280  2  15  8 1 1 1
     281  2  16  1 1 1 1
     282  2  16  2 1 1 1
     283  2  16  3 1 1 1
     284  2  16  4 1 1 1
     285  2  16  5 1 1 1
     286  2  16  6 1 1 1
     287  2  16  7 1 1 1
     288  2  16  8 1 1 1
     289  2  17  1 1 1 1
     290  2  17  2 1 1 1
     291  2  17  3 1 1 1
     292  2  17  4 1 1 1
     293  2  17  5 1 1 1
     294  2  17  6 1 1 1
     295  2  17  7 1 1 1
     296  2  17  8 1 1 1
     297  2  18  1 1 1 1
     298  2  18  2 1 1 1
     299  2  18  3 1 1 1
     300  2  18  4 1 1 1
     301  2  18  5 1 1 1
     302  2  18  6 1 1 1
     303  2  18  7 1 1 1
     304  2  18  8 1 1 1
     305  2  19  1 1 1 1
     306  2  19  2 1 1 1
     307  2  19  3 1 1 1
     308  2  19  4 1 1 1
     309  2  19  5 1 1 1
     310  2  19  6 1 1 1
     311  2  19  7 1 1 1
     312  2  19  8 1 1 1
     313  2  20  1 1 1 1
     314  2  20  2 1 1 1
     315  2  20  3 1 1 1
     316  2  20  4 1 1 1
     317  2  20  5 1 1 1
     318  2  20  6 1 1 1
     319  2  20  7 1 1 1
     320  2  20  8 1 1 1
     321  3  1  1 1 1 1
     322  3  1  2 1 1 1
     323  3  1  3 1 1 1
     324  3  1  4 1 1 1
     325  3  1  5 1 1 1
     326  3  1  6 1 1 1
     327  3  1  7 1 1 1
     328  3  1  8 1 1 1
     329  3  2  1 1 1 1
     330  3  2  2 1 1 1
     331  3  2  3 1 1 1
     332  3  2  4 1 1 1
     333  3  2  5 1 1 1
     334  3  2  6 1 1 1
     335  3  2  7 1 1 1
     336  3  2  8 1 1 1
     337  3  3  1 1 1 1
     338  3  3  2 1 1 1
     339  3  3  3 1 1 1
     340  3  3  4 1 1 1
     341  3  3  5 1 1 1
     342  3  3  6 1 1 1
     343  3  3  7 1 1 1
     344  3  3  8 1 1 1
     345  3  4  1 1 1 1
     346  3  4  2 1 1 1
     347  3  4  3 1 1 1
     348  3  4  4 1 1 1
     349  3  4  5 1 1 1
     350  3  4  6 1 1 1
     351  3  4  7 1 1 1
     352  3  4  8 1 1 1
     353  3  5  1 1 1 1
     354  3  5  2 1 1 1
     355  3  5  3 1 1 1
     356  3  5  4 1 1 1
     357  3  5  5 1 1 1
     358  3  5  6 1 1 1
     359  3  5  7 1 1 1
     360  3  5  8 1 1 1
     361  3  6  1 1 1 1
     362  3  6  2 1 1 1
     363  3  6  3 1 1 1
     364  3  6  4 1 1 1
     365  3  6  5 1 1 1
     366  3  6  6 1 1 1
     367  3  6  7 1 1 1
     368  3  6  8 1 1 1
     369  3  7  1 1 1 1
     370  3  7  2 1 1 1
     371  3  7  3 1 1 1
     372  3  7  4 1 1 1
     373  3  7  5 1 1 1
     374  3  7  6 1 1 1
     375  3  7  7 1 1 1
     376  3  7  8 1 1 1
     377  3  8  1 1 1 1
     378  3  8  2 1 1 1
     379  3  8  3 1 1 1
     380  3  8  4 1 1 1
     381  3  8  5 1 1 1
     382  3  8  6 1 1 1
     383  3  8  7 1 1 1
     384  3  8  8 1 1 1
     385  3  9  1 1 1 1
     386  3  9  2 1 1 1
     387  3  9  3 1 1 1
     388  3  9  4 1 1 1
     389  3  9  5 1 1 1
     390  3  9  6 1 1 1
     391  3  9  7 1 1 1
     392  3  9  8 1 1 1
     393  3  10  1 1 1 1
     394  3  10  2 1 1 1
     395  3  10  3 1 1 1
     396  3  10  4 1 1 1
     397  3  10  5 1 1 1
     398  3  10  6 1 1 1
     399  3  10  7 1 1 1
     400  3  10  8 1 1 1
     401  3  11  1 1 1 1
     402  3  11  2 1 1 1
     403  3  11  3 1 1 1
     404  3  11  4 1 1 1
     405  3  11  5 1 1 1
     406  3  11  6 1 1 1
     407  3  11  7 1 1 1
     408  3  11  8 1 1 1
     409  3  12  1 1 1 1
     410  3  12  2 1 1 1
     411  3  12  3 1 1 1
     412  3  12  4 1 1 1
     413  3  12  5 1 1 1
     414  3  12  6 1 1 1
     415  3  12  7 1 1 1
     416  3  12  8 1 1 1
     417  3  13  1 1 1 1
     418  3  13  2 1 1 1
     419  3  13  3 1 1 1
     420  3  13  4 1 1 1
     421  3  13  5 1 1 1
     422  3  13  6 1 1 1
     423  3  13  7 1 1 1
     424  3  13  8 1 1 1
     425  3  14  1 1 1 1
     426  3  14  2 1 1 1
     427  3  14  3 1 1 1
     428  3  14  4 1 1 1
     429  3  14  5 1 1 1
     430  3  14  6 1 1 1
     431  3  14  7 1 1 1
     432  3  14  8 1 1 1
     433  3  15  1 1 1 1
     434  3  15  2 1 1 1
     435  3  15  3 1 1 1
     436  3  15  4 1 1 1
     437  3  15  5 1 1 1
     438  3  15  6 1 1 1
     439  3  15  7 1 1 1
     440  3  15  8 1 1 1
     441  3  16  1 1 1 1
     442  3  16  2 1 1 1
     443  3  16  3 1 1 1
     444  3  16  4 1 1 1
     445  3  16  5 1 1 1
     446  3  16  6 1 1 1
     447  3  16  7 1 1 1
     448  3  16  8 1 1 1
     449  3  17  1 1 1 1
     450  3  17  2 1 1 1
     451  3  17  3 1 1 1
     452  3  17  4 1 1 1
     453  3  17  5 1 1 1
     454  3  17  6 1 1 1
     455  3  17  7 1 1 1
     456  3  17  8 1 1 1
     457  3  18  1 1 1 1
     458  3  18  2 1 1 1
     459  3  18  3 1 1 1
     460  3  18  4 1 1 1
     461  3  18  5 1 1 1
     462  3  18  6 1 1 1
     463  3  18  7 1 1 1
     464  3  18  8 1 1 1
     465  3  19  1 1 1 1
     466  3  19  2 1 1 1
     467  3  19  3 1 1 1
     468  3  19  4 1 1 1
     469  3  19  5 1 1 1
     470  3  19  6 1 1 1
     471  3  19  7 1 1 1
     472  3  19  8 1 1 1
     473  3  20  1 1 1 1
     474  3  20  2 1 1 1
     475  3  20  3 1 1 1
     476  3  20  4 1 1 1
     477  3  20  5 1 1 1
     478  3  20  6 1 1 1
     479  3  20  7 1 1 1
     480  3  20  8 1 1 1
     481  4  1  1 1 1 1
     482  4  1  2 1 1 1
     483  4  1  3 1 1 1
     484  4  1  4 1 1 1
     485  4  1  5 1 1 1
     486  4  1  6 1 1 1
     487  4  1  7 1 1 1
     488  4  1  8 1 1 1
     489  4  2  1 1 1 1
     490  4  2  2 1 1 1
     491  4  2  3 1 1 1
     492  4  2  4 1 1 1
     493  4  2  5 1 1 1
     494  4  2  6 1 1 1
     495  4  2  7 1 1 1
     496  4  2  8 1 1 1
     497  4  3  1 1 1 1
     498  4  3  2 1 1 1
     499  4  3  3 1 1 1
     500  4  3  4 1 1 1
     501  4  3  5 1 1 1
     502  4  3  6 1 1 1
     503  4  3  7 1 1 1
     504  4  3  8 1 1 1
     505  4  4  1 1 1 1
     506  4  4  2 1 1 1
     507  4  4  3 1 1 1
     508  4  4  4 1 1 1
     509  4  4  5 1 1 1
     510  4  4  6 1 1 1
     511  4  4  7 1 1 1
     512  4  4  8 1 1 1
     513  4  5  1 1 1 1
     514  4  5  2 1 1 1
     515  4  5  3 1 1 1
     516  4  5  4 1 1 1
     517  4  5  5 1 1 1
     518  4  5  6 1 1 1
     519  4  5  7 1 1 1
     520  4  5  8 1 1 1
     521  4  6  1 1 1 1
     522  4  6  2 1 1 1
     523  4  6  3 1 1 1
     524  4  6  4 1 1 1
     525  4  6  5 1 1 1
     526  4  6  6 1 1 1
     527  4  6  7 1 1 1
     528  4  6  8 1 1 1
     529  4  7  1 1 1 1
     530  4  7  2 1 1 1
     531  4  7  3 1 1 1
     532  4  7  4 1 1 1
     533  4  7  5 1 1 1
     534  4  7  6 1 1 1
     535  4  7  7 1 1 1
     536  4  7  8 1 1 1
     537  4  8  1 1 1 1
     538  4  8  2 1 1 1
     539  4  8  3 1 1 1
     540  4  8  4 1 1 1
     541  4  8  5 1 1 1
     542  4  8  6 1 1 1
     543  4  8  7 1 1 1
     544  4  8  8 1 1 1
     545  4  9  1 1 1 1
     546  4  9  2 1 1 1
     547  4  9  3 1 1 1
     548  4  9  4 1 1 1
     549  4  9  5 1 1 1
     550  4  9  6 1 1 1
     551  4  9  7 1 1 1
     552  4  9  8 1 1 1
     553  4  10  1 1 1 1
     554  4  10  2 1 1 1
     555  4  10  3 1 1 1
     556  4  10  4 1 1 1
     557  4  10  5 1 1 1
     558  4  10  6 1 1 1
     559  4  10  7 1 1 1
     560  4  10  8 1 1 1
     561  4  11  1 1 1 1
     562  4  11  2 1 1 1
     563  4  11  3 1 1 1
     564  4  11  4 1 1 1
     565  4  11  5 1 1 1
     566  4  11  6 1 1 1
     567  4  11  7 1 1 1
     568  4  11  8 1 1 1
     569  4  12  1 1 1 1
     570  4  12  2 1 1 1
     571  4  12  3 1 1 1
     572  4  12  4 1 1 1
     573  4  12  5 1 1 1
     574  4  12  6 1 1 1
     575  4  12  7 1 1 1
     576  4  12  8 1 1 1
     577  4  13  1 1 1 1
     578  4  13  2 1 1 1
     579  4  13  3 1 1 1
     580  4  13  4 1 1 1
     581  4  13  5 1 1 1
     582  4  13  6 1 1 1
     583  4  13  7 1 1 1
     584  4  13  8 1 1 1
     585  4  14  1 1 1 1
     586  4  14  2 1 1 1
     587  4  14  3 1 1 1
     588  4  14  4 1 1 1
     589  4  14  5 1 1 1
     590  4  14  6 1 1 1
     591  4  14  7 1 1 1
     592  4  14  8 1 1 1
     593  4  15  1 1 1 1
     594  4  15  2 1 1 1
     595  4  15  3 1 1 1
     596  4  15  4 1 1 1
     597  4  15  5 1 1 1
     598  4  15  6 1 1 1
     599  4  15  7 1 1 1
     600  4  15  8 1 1 1
     601  4  16  1 1 1 1
     602  4  16  2 1 1 1
     603  4  16  3 1 1 1
     604  4  16  4 1 1 1
     605  4  16  5 1 1 1
     606  4  16  6 1 1 1
     607  4  16  7 1 1 1
     608  4  16  8 1 1 1
     609  4  17  1 1 1 1
     610  4  17  2 1 1 1
     611  4  17  3 1 1 1
     612  4  17  4 1 1 1
     613  4  17  5 1 1 1
     614  4  17  6 1 1 1
     615  4  17  7 1 1 1
     616  4  17  8 1 1 1
     617  4  18  1 1 1 1
     618  4  18  2 1 1 1
     619  4  18  3 1 1 1
     620  4  18  4 1 1 1
     621  4  18  5 1 1 1
     622  4  18  6 1 1 1
     623  4  18  7 1 1 1
     624  4  18  8 1 1 1
     625  4  19  1 1 1 1
     626  4  19  2 1 1 1
     627  4  19  3 1 1 1
     628  4  19  4 1 1 1
     629  4  19  5 1 1 1
     630  4  19  6 1 1 1
     631  4  19  7 1 1 1
     632  4  19  8 1 1 1
     633  4  20  1 1 1 1
     634  4  20  2 1 1 1
     635  4  20  3 1 1 1
     636  4  20  4 1 1 1
     637  4  20  5 1 1 1
     638  4  20  6 1 1 1
     639  4  20  7 1 1 1
     640  4  20  8 1 1 1
     641  5  1  1 1 1 1
     642  5  1  2 1 1 1
     643  5  1  3 1 1 1
     644  5  1  4 1 1 1
     645  5  1  5 1 1 1
     646  5  1  6 1 1 1
     647  5  1  7 1 1 1
     648  5  1  8 1 1 1
     649  5  2  1 1 1 1
     650  5  2  2 1 1 1
     651  5  2  3 1 1 1
     652  5  2  4 1 1 1
     653  5  2  5 1 1 1
     654  5  2  6 1 1 1
     655  5  2  7 1 1 1
     656  5  2  8 1 1 1
     657  5  3  1 1 1 1
     658  5  3  2 1 1 1
     659  5  3  3 1 1 1
     660  5  3  4 1 1 1
     661  5  3  5 1 1 1
     662  5  3  6 1 1 1
     663  5  3  7 1 1 1
     664  5  3  8 1 1 1
     665  5  4  1 1 1 1
     666  5  4  2 1 1 1
     667  5  4  3 1 1 1
     668  5  4  4 1 1 1
     669  5  4  5 1 1 1
     670  5  4  6 1 1 1
     671  5  4  7 1 1 1
     672  5  4  8 1 1 1
     673  5  5  1 1 1 1
     674  5  5  2 1 1 1
     675  5  5  3 1 1 1
     676  5  5  4 1 1 1
     677  5  5  5 1 1 1
     678  5  5  6 1 1 1
     679  5  5  7 1 1 1
     680  5  5  8 1 1 1
     681  5  6  1 1 1 1
     682  5  6  2 1 1 1
     683  5  6  3 1 1 1
     684  5  6  4 1 1 1
     685  5  6  5 1 1 1
     686  5  6  6 1 1 1
     687  5  6  7 1 1 1
     688  5  6  8 1 1 1
     689  5  7  1 1 1 1
     690  5  7  2 1 1 1
     691  5  7  3 1 1 1
     692  5  7  4 1 1 1
     693  5  7  5 1 1 1
     694  5  7  6 1 1 1
     695  5  7  7 1 1 1
     696  5  7  8 1 1 1
     697  5  8  1 1 1 1
     698  5  8  2 1 1 1
     699  5  8  3 1 1 1
     700  5  8  4 1 1 1
     701  5  8  5 1 1 1
     702  5  8  6 1 1 1
     703  5  8  7 1 1 1
     704  5  8  8 1 1 1
     705  5  9  1 1 1 1
     706  5  9  2 1 1 1
     707  5  9  3 1 1 1
     708  5  9  4 1 1 1
     709  5  9  5 1 1 1
     710  5  9  6 1 1 1
     711  5  9  7 1 1 1
     712  5  9  8 1 1 1
     713  5  10  1 1 1 1
     714  5  10  2 1 1 1
     715  5  10  3 1 1 1
     716  5  10  4 1 1 1
     717  5  10  5 1 1 1
     718  5  10  6 1 1 1
     719  5  10  7 1 1 1
     720  5  10  8 1 1 1
     721  5  11  1 1 1 1
     722  5  11  2 1 1 1
     723  5  11  3 1 1 1
     724  5  11  4 1 1 1
     725  5  11  5 1 1 1
     726  5  11  6 1 1 1
     727  5  11  7 1 1 1
     728  5  11  8 1 1 1
     729  5  12  1 1 1 1
     730  5  12  2 1 1 1
     731  5  12  3 1 1 1
     732  5  12  4 1 1 1
     733  5  12  5 1 1 1
     734  5  12  6 1 1 1
     735  5  12  7 1 1 1
     736  5  12  8 1 1 1
     737  5  13  1 1 1 1
     738  5  13  2 1 1 1
     739  5  13  3 1 1 1
     740  5  13  4 1 1 1
     741  5  13  5 1 1 1
     742  5  13  6 1 1 1
     743  5  13  7 1 1 1
     744  5  13  8 1 1 1
     745  5  14  1 1 1 1
     746  5  14  2 1 1 1
     747  5  14  3 1 1 1
     748  5  14  4 1 1 1
     749  5  14  5 1 1 1
     750  5  14  6 1 1 1
     751  5  14  7 1 1 1
     752  5  14  8 1 1 1
     753  5  15  1 1 1 1
     754  5  15  2 1 1 1
     755  5  15  3 1 1 1
     756  5  15  4 1 1 1
     757  5  15  5 1 1 1
     758  5  15  6 1 1 1
     759  5  15  7 1 1 1
     760  5  15  8 1 1 1
     761  5  16  1 1 1 1
     762  5  16  2 1 1 1
     763  5  16  3 1 1 1
     764  5  16  4 1 1 1
     765  5  16  5 1 1 1
     766  5  16  6 1 1 1
     767  5  16  7 1 1 1
     768  5  16  8 1 1 1
     769  5  17  1 1 1 1
     770  5  17  2 1 1 1
     771  5  17  3 1 1 1
     772  5  17  4 1 1 1
     773  5  17  5 1 1 1
     774  5  17  6 1 1 1
     775  5  17  7 1 1 1
     776  5  17  8 1 1 1
     777  5  18  1 1 1 1
     778  5  18  2 1 1 1
     779  5  18  3 1 1 1
     780  5  18  4 1 1 1
     781  5  18  5 1 1 1
     782  5  18  6 1 1 1
     783  5  18  7 1 1 1
     784  5  18  8 1 1 1
     785  5  19  1 1 1 1
     786  5  19  2 1 1 1
     787  5  19  3 1 1 1
     788  5  19  4 1 1 1
     789  5  19  5 1 1 1
     790  5  19  6 1 1 1
     791  5  19  7 1 1 1
     792  5  19  8 1 1 1
     793  5  20  1 1 1 1
     794  5  20  2 1 1 1
     795  5  20  3 1 1 1
     796  5  20  4 1 1 1
     797  5  20  5 1 1 1
     798  5  20  6 1 1 1
     799  5  20  7 1 1 1
     800  5  20  8 1 1 1
     801  6  1  1 1 1 1
     802  6  1  2 1 1 1
     803  6  1  3 1 1 1
     804  6  1  4 1 1 1
     805  6  1  5 1 1 1
     806  6  1  6 1 1 1
     807  6  1  7 1 1 1
     808  6  1  8 1 1 1
     809  6  2  1 1 1 1
     810  6  2  2 1 1 1
     811  6  2  3 1 1 1
     812  6  2  4 1 1 1
     813  6  2  5 1 1 1
     814  6  2  6 1 1 1
     815  6  2  7 1 1 1
     816  6  2  8 1 1 1
     817  6  3  1 1 1 1
     818  6  3  2 1 1 1
     819  6  3  3 1 1 1
     820  6  3  4 1 1 1
     821  6  3  5 1 1 1
     822  6  3  6 1 1 1
     823  6  3  7 1 1 1
     824  6  3  8 1 1 1
     825  6  4  1 1 1 1
     826  6  4  2 1 1 1
     827  6  4  3 1 1 1
     828  6  4  4 1 1 1
     829  6  4  5 1 1 1
     830  6  4  6 1 1 1
     831  6  4  7 1 1 1
     832  6  4  8 1 1 1
     833  6  5  1 1 1 1
     834  6  5  2 1 1 1
     835  6  5  3 1 1 1
     836  6  5  4 1 1 1
     837  6  5  5 1 1 1
     838  6  5  6 1 1 1
     839  6  5  7 1 1 1
     840  6  5  8 1 1 1
     841  6  6  1 1 1 1
     842  6  6  2 1 1 1
     843  6  6  3 1 1 1
     844  6  6  4 1 1 1
     845  6  6  5 1 1 1
     846  6  6  6 1 1 1
     847  6  6  7 1 1 1
     848  6  6  8 1 1 1
     849  6  7  1 1 1 1
     850  6  7  2 1 1 1
     851  6  7  3 1 1 1
     852  6  7  4 1 1 1
     853  6  7  5 1 1 1
     854  6  7  6 1 1 1
     855  6  7  7 1 1 1
     856  6  7  8 1 1 1
     857  6  8  1 1 1 1
     858  6  8  2 1 1 1
     859  6  8  3 1 1 1
     860  6  8  4 1 1 1
     861  6  8  5 1 1 1
     862  6  8  6 1 1 1
     863  6  8  7 1 1 1
     864  6  8  8 1 1 1
     865  6  9  1 1 1 1
     866  6  9  2 1 1 1
     867  6  9  3 1 1 1
     868  6  9  4 1 1 1
     869  6  9  5 1 1 1
     870  6  9  6 1 1 1
     871  6  9  7 1 1 1
     872  6  9  8 1 1 1
     873  6  10  1 1 1 1
     874  6  10  2 1 1 1
     875  6  10  3 1 1 1
     876  6  10  4 1 1 1
     877  6  10  5 1 1 1
     878  6  10  6 1 1 1
     879  6  10  7 1 1 1
     880  6  10  8 1 1 1
     881  6  11  1 1 1 1
     882  6  11  2 1 1 1
     883  6  11  3 1 1 1
     884  6  11  4 1 1 1
     885  6  11  5 1 1 1
     886  6  11  6 1 1 1
     887  6  11  7 1 1 1
     888  6  11  8 1 1 1
     889  6  12  1 1 1 1
     890  6  12  2 1 1 1
     891  6  12  3 1 1 1
     892  6  12  4 1 1 1
     893  6  12  5 1 1 1
     894  6  12  6 1 1 1
     895  6  12  7 1 1 1
     896  6  12  8 1 1 1
     897  6  13  1 1 1 1
     898  6  13  2 1 1 1
     899  6  13  3 1 1 1
     900  6  13  4 1 1 1
     901  6  13  5 1 1 1
     902  6  13  6 1 1 1
     903  6  13  7 1 1 1
     904  6  13  8 1 1 1
     905  6  14  1 1 1 1
     906  6  14  2 1 1 1
     907  6  14  3 1 1 1
     908  6  14  4 1 1 1
     909  6  14  5 1 1 1
     910  6  14  6 1 1 1
     911  6  14  7 1 1 1
     912  6  14  8 1 1 1
     913  6  15  1 1 1 1
     914  6  15  2 1 1 1
     915  6  15  3 1 1 1
     916  6  15  4 1 1 1
     917  6  15  5 1 1 1
     918  6  15  6 1 1 1
     919  6  15  7 1 1 1
     920  6  15  8 1 1 1
     921  6  16  1 1 1 1
     922  6  16  2 1 1 1
     923  6  16  3 1 1 1
     924  6  16  4 1 1 1
     925  6  16  5 1 1 1
     926  6  16  6 1 1 1
     927  6  16  7 1 1 1
     928  6  16  8 1 1 1
     929  6  17  1 1 1 1
     930  6  17  2 1 1 1
     931  6  17  3 1 1 1
     932  6  17  4 1 1 1
     933  6  17  5 1 1 1
     934  6  17  6 1 1 1
     935  6  17  7 1 1 1
     936  6  17  8 1 1 1
     937  6  18  1 1 1 1
     938  6  18  2 1 1 1
     939  6  18  3 1 1 1
     940  6  18  4 1 1 1
     941  6  18  5 1 1 1
     942  6  18  6 1 1 1
     943  6  18  7 1 1 1
     944  6  18  8 1 1 1
     945  6  19  1 1 1 1
     946  6  19  2 1 1 1
     947  6  19  3 1 1 1
     948  6  19  4 1 1 1
     949  6  19  5 1 1 1
     950  6  19  6 1 1 1
     951  6  19  7 1 1 1
     952  6  19  8 1 1 1
     953  6  20  1 1 1 1
     954  6  20  2 1 1 1
     955  6  20  3 1 1 1
     956  6  20  4 1 1 1
     957  6  20  5 1 1 1
     958  6  20  6 1 1 1
     959  6  20  7 1 1 1
     960  6  20  8 1 1 1
     961  7  1  1 1 1 1
     962  7  1  2 1 1 1
     963  7  1  3 1 1 1
     964  7  1  4 1 1 1
     965  7  1  5 1 1 1
     966  7  1  6 1 1 1
     967  7  1  7 1 1 1
     968  7  1  8 1 1 1
     969  7  2  1 1 1 1
     970  7  2  2 1 1 1
     971  7  2  3 1 1 1
     972  7  2  4 1 1 1
     973  7  2  5 1 1 1
     974  7  2  6 1 1 1
     975  7  2  7 1 1 1
     976  7  2  8 1 1 1
     977  7  3  1 1 1 1
     978  7  3  2 1 1 1
     979  7  3  3 1 1 1
     980  7  3  4 1 1 1
     981  7  3  5 1 1 1
     982  7  3  6 1 1 1
     983  7  3  7 1 1 1
     984  7  3  8 1 1 1
     985  7  4  1 1 1 1
     986  7  4  2 1 1 1
     987  7  4  3 1 1 1
     988  7  4  4 1 1 1
     989  7  4  5 1 1 1
     990  7  4  6 1 1 1
     991  7  4  7 1 1 1
     992  7  4  8 1 1 1
     993  7  5  1 1 1 1
     994  7  5  2 1 1 1
     995  7  5  3 1 1 1
     996  7  5  4 1 1 1
     997  7  5  5 1 1 1
     998  7  5  6 1 1 1
     999  7  5  7 1 1 1
     1000  7  5  8 1 1 1
     1001  7  6  1 1 1 1
     1002  7  6  2 1 1 1
     1003  7  6  3 1 1 1
     1004  7  6  4 1 1 1
     1005  7  6  5 1 1 1
     1006  7  6  6 1 1 1
     1007  7  6  7 1 1 1
     1008  7  6  8 1 1 1
     1009  7  7  1 1 1 1
     1010  7  7  2 1 1 1
     1011  7  7  3 1 1 1
     1012  7  7  4 1 1 1
     1013  7  7  5 1 1 1
     1014  7  7  6 1 1 1
     1015  7  7  7 1 1 1
     1016  7  7  8 1 1 1
     1017  7  8  1 1 1 1
     1018  7  8  2 1 1 1
     1019  7  8  3 1 1 1
     1020  7  8  4 1 1 1
     1021  7  8  5 1 1 1
     1022  7  8  6 1 1 1
     1023  7  8  7 1 1 1
     1024  7  8  8 1 1 1
     1025  7  9  1 1 1 1
     1026  7  9  2 1 1 1
     1027  7  9  3 1 1 1
     1028  7  9  4 1 1 1
     1029  7  9  5 1 1 1
     1030  7  9  6 1 1 1
     1031  7  9  7 1 1 1
     1032  7  9  8 1 1 1
     1033  7  10  1 1 1 1
     1034  7  10  2 1 1 1
     1035  7  10  3 1 1 1
     1036  7  10  4 1 1 1
     1037  7  10  5 1 1 1
     1038  7  10  6 1 1 1
     1039  7  10  7 1 1 1
     1040  7  10  8 1 1 1
     1041  7  11  1 1 1 1
     1042  7  11  2 1 1 1
     1043  7  11  3 1 1 1
     1044  7  11  4 1 1 1
     1045  7  11  5 1 1 1
     1046  7  11  6 1 1 1
     1047  7  11  7 1 1 1
     1048  7  11  8 1 1 1
     1049  7  12  1 1 1 1
     1050  7  12  2 1 1 1
     1051  7  12  3 1 1 1
     1052  7  12  4 1 1 1
     1053  7  12  5 1 1 1
     1054  7  12  6 1 1 1
     1055  7  12  7 1 1 1
     1056  7  12  8 1 1 1
     1057  7  13  1 1 1 1
     1058  7  13  2 1 1 1
     1059  7  13  3 1 1 1
     1060  7  13  4 1 1 1
     1061  7  13  5 1 1 1
     1062  7  13  6 1 1 1
     1063  7  13  7 1 1 1
     1064  7  13  8 1 1 1
     1065  7  14  1 1 1 1
     1066  7  14  2 1 1 1
     1067  7  14  3 1 1 1
     1068  7  14  4 1 1 1
     1069  7  14  5 1 1 1
     1070  7  14  6 1 1 1
     1071  7  14  7 1 1 1
     1072  7  14  8 1 1 1
     1073  7  15  1 1 1 1
     1074  7  15  2 1 1 1
     1075  7  15  3 1 1 1
     1076  7  15  4 1 1 1
     1077  7  15  5 1 1 1
     1078  7  15  6 1 1 1
     1079  7  15  7 1 1 1
     1080  7  15  8 1 1 1
     1081  7  16  1 1 1 1
     1082  7  16  2 1 1 1
     1083  7  16  3 1 1 1
     1084  7  16  4 1 1 1
     1085  7  16  5 1 1 1
     1086  7  16  6 1 1 1
     1087  7  16  7 1 1 1
     1088  7  16  8 1 1 1
     1089  7  17  1 1 1 1
     1090  7  17  2 1 1 1
     1091  7  17  3 1 1 1
     1092  7  17  4 1 1 1
     1093  7  17  5 1 1 1
     1094  7  17  6 1 1 1
     1095  7  17  7 1 1 1
     1096  7  17  8 1 1 1
     1097  7  18  1 1 1 1
     1098  7  18  2 1 1 1
     1099  7  18  3 1 1 1
     1100  7  18  4 1 1 1
     1101  7  18  5 1 1 1
     1102  7  18  6 1 1 1
     1103  7  18  7 1 1 1
     1104  7  18  8 1 1 1
     1105  7  19  1 1 1 1
     1106  7  19  2 1 1 1
     1107  7  19  3 1 1 1
     1108  7  19  4 1 1 1
     1109  7  19  5 1 1 1
     1110  7  19  6 1 1 1
     1111  7  19  7 1 1 1
     1112  7  19  8 1 1 1
     1113  7  20  1 1 1 1
     1114  7  20  2 1 1 1
     1115  7  20  3 1 1 1
     1116  7  20  4 1 1 1
     1117  7  20  5 1 1 1
     1118  7  20  6 1 1 1
     1119  7  20  7 1 1 1
     1120  7  20  8 1 1 1
     1121  8  1  1 1 1 1
     1122  8  1  2 1 1 1
     1123  8  1  3 1 1 1
     1124  8  1  4 1 1 1
     1125  8  1  5 1 1 1
     1126  8  1  6 1 1 1
     1127  8  1  7 1 1 1
     1128  8  1  8 1 1 1
     1129  8  2  1 1 1 1
     1130  8  2  2 1 1 1
     1131  8  2  3 1 1 1
     1132  8  2  4 1 1 1
     1133  8  2  5 1 1 1
     1134  8  2  6 1 1 1
     1135  8  2  7 1 1 1
     1136  8  2  8 1 1 1
     1137  8  3  1 1 1 1
     1138  8  3  2 1 1 1
     1139  8  3  3 1 1 1
     1140  8  3  4 1 1 1
     1141  8  3  5 1 1 1
     1142  8  3  6 1 1 1
     1143  8  3  7 1 1 1
     1144  8  3  8 1 1 1
     1145  8  4  1 1 1 1
     1146  8  4  2 1 1 1
     1147  8  4  3 1 1 1
     1148  8  4  4 1 1 1
     1149  8  4  5 1 1 1
     1150  8  4  6 1 1 1
     1151  8  4  7 1 1 1
     1152  8  4  8 1 1 1
     1153  8  5  1 1 1 1
     1154  8  5  2 1 1 1
     1155  8  5  3 1 1 1
     1156  8  5  4 1 1 1
     1157  8  5  5 1 1 1
     1158  8  5  6 1 1 1
     1159  8  5  7 1 1 1
     1160  8  5  8 1 1 1
     1161  8  6  1 1 1 1
     1162  8  6  2 1 1 1
     1163  8  6  3 1 1 1
     1164  8  6  4 1 1 1
     1165  8  6  5 1 1 1
     1166  8  6  6 1 1 1
     1167  8  6  7 1 1 1
     1168  8  6  8 1 1 1
     1169  8  7  1 1 1 1
     1170  8  7  2 1 1 1
     1171  8  7  3 1 1 1
     1172  8  7  4 1 1 1
     1173  8  7  5 1 1 1
     1174  8  7  6 1 1 1
     1175  8  7  7 1 1 1
     1176  8  7  8 1 1 1
     1177  8  8  1 1 1 1
     1178  8  8  2 1 1 1
     1179  8  8  3 1 1 1
     1180  8  8  4 1 1 1
     1181  8  8  5 1 1 1
     1182  8  8  6 1 1 1
     1183  8  8  7 1 1 1
     1184  8  8  8 1 1 1
     1185  8  9  1 1 1 1
     1186  8  9  2 1 1 1
     1187  8  9  3 1 1 1
     1188  8  9  4 1 1 1
     1189  8  9  5 1 1 1
     1190  8  9  6 1 1 1
     1191  8  9  7 1 1 1
     1192  8  9  8 1 1 1
     1193  8  10  1 1 1 1
     1194  8  10  2 1 1 1
     1195  8  10  3 1 1 1
     1196  8  10  4 1 1 1
     1197  8  10  5 1 1 1
     1198  8  10  6 1 1 1
     1199  8  10  7 1 1 1
     1200  8  10  8 1 1 1
     1201  8  11  1 1 1 1
     1202  8  11  2 1 1 1
     1203  8  11  3 1 1 1
     1204  8  11  4 1 1 1
     1205  8  11  5 1 1 1
     1206  8  11  6 1 1 1
     1207  8  11  7 1 1 1
     1208  8  11  8 1 1 1
     1209  8  12  1 1 1 1
     1210  8  12  2 1 1 1
     1211  8  12  3 1 1 1
     1212  8  12  4 1 1 1
     1213  8  12  5 1 1 1
     1214  8  12  6 1 1 1
     1215  8  12  7 1 1 1
     1216  8  12  8 1 1 1
     1217  8  13  1 1 1 1
     1218  8  13  2 1 1 1
     1219  8  13  3 1 1 1
     1220  8  13  4 1 1 1
     1221  8  13  5 1 1 1
     1222  8  13  6 1 1 1
     1223  8  13  7 1 1 1
     1224  8  13  8 1 1 1
     1225  8  14  1 1 1 1
     1226  8  14  2 1 1 1
     1227  8  14  3 1 1 1
     1228  8  14  4 1 1 1
     1229  8  14  5 1 1 1
     1230  8  14  6 1 1 1
     1231  8  14  7 1 1 1
     1232  8  14  8 1 1 1
     1233  8  15  1 1 1 1
     1234  8  15  2 1 1 1
     1235  8  15  3 1 1 1
     1236  8  15  4 1 1 1
     1237  8  15  5 1 1 1
     1238  8  15  6 1 1 1
     1239  8  15  7 1 1 1
     1240  8  15  8 1 1 1
     1241  8  16  1 1 1 1
     1242  8  16  2 1 1 1
     1243  8  16  3 1 1 1
     1244  8  16  4 1 1 1
     1245  8  16  5 1 1 1
     1246  8  16  6 1 1 1
     1247  8  16  7 1 1 1
     1248  8  16  8 1 1 1
     1249  8  17  1 1 1 1
     1250  8  17  2 1 1 1
     1251  8  17  3 1 1 1
     1252  8  17  4 1 1 1
     1253  8  17  5 1 1 1
     1254  8  17  6 1 1 1
     1255  8  17  7 1 1 1
     1256  8  17  8 1 1 1
     1257  8  18  1 1 1 1
     1258  8  18  2 1 1 1
     1259  8  18  3 1 1 1
     1260  8  18  4 1 1 1
     1261  8  18  5 1 1 1
     1262  8  18  6 1 1 1
     1263  8  18  7 1 1 1
     1264  8  18  8 1 1 1
     1265  8  19  1 1 1 1
     1266  8  19  2 1 1 1
     1267  8  19  3 1 1 1
     1268  8  19  4 1 1 1
     1269  8  19  5 1 1 1
     1270  8  19  6 1 1 1
     1271  8  19  7 1 1 1
     1272  8  19  8 1 1 1
     1273  8  20  1 1 1 1
     1274  8  20  2 1 1 1
     1275  8  20  3 1 1 1
     1276  8  20  4 1 1 1
     1277  8  20  5 1 1 1
     1278  8  20  6 1 1 1
     1279  8  20  7 1 1 1
     1280  8  20  8 1 1 1
     1281  9  1  1 1 1 1
     1282  9  1  2 1 1 1
     1283  9  1  3 1 1 1
     1284  9  1  4 1 1 1
     1285  9  1  5 1 1 1
     1286  9  1  6 1 1 1
     1287  9  1  7 1 1 1
     1288  9  1  8 1 1 1
     1289  9  2  1 1 1 1
     1290  9  2  2 1 1 1
     1291  9  2  3 1 1 1
     1292  9  2  4 1 1 1
     1293  9  2  5 1 1 1
     1294  9  2  6 1 1 1
     1295  9  2  7 1 1 1
     1296  9  2  8 1 1 1
     1297  9  3  1 1 1 1
     1298  9  3  2 1 1 1
     1299  9  3  3 1 1 1
     1300  9  3  4 1 1 1
     1301  9  3  5 1 1 1
     1302  9  3  6 1 1 1
     1303  9  3  7 1 1 1
     1304  9  3  8 1 1 1
     1305  9  4  1 1 1 1
     1306  9  4  2 1 1 1
     1307  9  4  3 1 1 1
     1308  9  4  4 1 1 1
     1309  9  4  5 1 1 1
     1310  9  4  6 1 1 1
     1311  9  4  7 1 1 1
     1312  9  4  8 1 1 1
     1313  9  5  1 1 1 1
     1314  9  5  2 1 1 1
     1315  9  5  3 1 1 1
     1316  9  5  4 1 1 1
     1317  9  5  5 1 1 1
     1318  9  5  6 1 1 1
     1319  9  5  7 1 1 1
     1320  9  5  8 1 1 1
     1321  9  6  1 1 1 1
     1322  9  6  2 1 1 1
     1323  9  6  3 1 1 1
     1324  9  6  4 1 1 1
     1325  9  6  5 1 1 1
     1326  9  6  6 1 1 1
     1327  9  6  7 1 1 1
     1328  9  6  8 1 1 1
     1329  9  7  1 1 1 1
     1330  9  7  2 1 1 1
     1331  9  7  3 1 1 1
     1332  9  7  4 1 1 1
     1333  9  7  5 1 1 1
     1334  9  7  6 1 1 1
     1335  9  7  7 1 1 1
     1336  9  7  8 1 1 1
     1337  9  8  1 1 1 1
     1338  9  8  2 1 1 1
     1339  9  8  3 1 1 1
     1340  9  8  4 1 1 1
     1341  9  8  5 1 1 1
     1342  9  8  6 1 1 1
     1343  9  8  7 1 1 1
     1344  9  8  8 1 1 1
     1345  9  9  1 1 1 1
     1346  9  9  2 1 1 1
     1347  9  9  3 1 1 1
     1348  9  9  4 1 1 1
     1349  9  9  5 1 1 1
     1350  9  9  6 1 1 1
     1351  9  9  7 1 1 1
     1352  9  9  8 1 1 1
     1353  9  10  1 1 1 1
     1354  9  10  2 1 1 1
     1355  9  10  3 1 1 1
     1356  9  10  4 1 1 1
     1357  9  10  5 1 1 1
     1358  9  10  6 1 1 1
     1359  9  10  7 1 1 1
     1360  9  10  8 1 1 1
     1361  9  11  1 1 1 1
     1362  9  11  2 1 1 1
     1363  9  11  3 1 1 1
     1364  9  11  4 1 1 1
     1365  9  11  5 1 1 1
     1366  9  11  6 1 1 1
     1367  9  11  7 1 1 1
     1368  9  11  8 1 1 1
     1369  9  12  1 1 1 1
     1370  9  12  2 1 1 1
     1371  9  12  3 1 1 1
     1372  9  12  4 1 1 1
     1373  9  12  5 1 1 1
     1374  9  12  6 1 1 1
     1375  9  12  7 1 1 1
     1376  9  12  8 1 1 1
     1377  9  13  1 1 1 1
     1378  9  13  2 1 1 1
     1379  9  13  3 1 1 1
     1380  9  13  4 1 1 1
     1381  9  13  5 1 1 1
     1382  9  13  6 1 1 1
     1383  9  13  7 1 1 1
     1384  9  13  8 1 1 1
     1385  9  14  1 1 1 1
     1386  9  14  2 1 1 1
     1387  9  14  3 1 1 1
     1388  9  14  4 1 1 1
     1389  9  14  5 1 1 1
     1390  9  14  6 1 1 1
     1391  9  14  7 1 1 1
     1392  9  14  8 1 1 1
     1393  9  15  1 1 1 1
     1394  9  15  2 1 1 1
     1395  9  15  3 1 1 1
     1396  9  15  4 1 1 1
     1397  9  15  5 1 1 1
     1398  9  15  6 1 1 1
     1399  9  15  7 1 1 1
     1400  9  15  8 1 1 1
     1401  9  16  1 1 1 1
     1402  9  16  2 1 1 1
     1403  9  16  3 1 1 1
     1404  9  16  4 1 1 1
     1405  9  16  5 1 1 1
     1406  9  16  6 1 1 1
     1407  9  16  7 1 1 1
     1408  9  16  8 1 1 1
     1409  9  17  1 1 1 1
     1410  9  17  2 1 1 1
     1411  9  17  3 1 1 1
     1412  9  17  4 1 1 1
     1413  9  17  5 1 1 1
     1414  9  17  6 1 1 1
     1415  9  17  7 1 1 1
     1416  9  17  8 1 1 1
     1417  9  18  1 1 1 1
     1418  9  18  2 1 1 1
     1419  9  18  3 1 1 1
     1420  9  18  4 1 1 1
     1421  9  18  5 1 1 1
     1422  9  18  6 1 1 1
     1423  9  18  7 1 1 1
     1424  9  18  8 1 1 1
     1425  9  19  1 1 1 1
     1426  9  19  2 1 1 1
     1427  9  19  3 1 1 1
     1428  9  19  4 1 1 1
     1429  9  19  5 1 1 1
     1430  9  19  6 1 1 1
     1431  9  19  7 1 1 1
     1432  9  19  8 1 1 1
     1433  9  20  1 1 1 1
     1434  9  20  2 1 1 1
     1435  9  20  3 1 1 1
     1436  9  20  4 1 1 1
     1437  9  20  5 1 1 1
     1438  9  20  6 1 1 1
     1439  9  20  7 1 1 1
     1440  9  20  8 1 1 1
     1441  10  1  1 1 1 1
     1442  10  1  2 1 1 1
     1443  10  1  3 1 1 1
     1444  10  1  4 1 1 1
     1445  10  1  5 1 1 1
     1446  10  1  6 1 1 1
     1447  10  1  7 1 1 1
     1448  10  1  8 1 1 1
     1449  10  2  1 1 1 1
     1450  10  2  2 1 1 1
     1451  10  2  3 1 1 1
     1452  10  2  4 1 1 1
     1453  10  2  5 1 1 1
     1454  10  2  6 1 1 1
     1455  10  2  7 1 1 1
     1456  10  2  8 1 1 1
     1457  10  3  1 1 1 1
     1458  10  3  2 1 1 1
     1459  10  3  3 1 1 1
     1460  10  3  4 1 1 1
     1461  10  3  5 1 1 1
     1462  10  3  6 1 1 1
     1463  10  3  7 1 1 1
     1464  10  3  8 1 1 1
     1465  10  4  1 1 1 1
     1466  10  4  2 1 1 1
     1467  10  4  3 1 1 1
     1468  10  4  4 1 1 1
     1469  10  4  5 1 1 1
     1470  10  4  6 1 1 1
     1471  10  4  7 1 1 1
     1472  10  4  8 1 1 1
     1473  10  5  1 1 1 1
     1474  10  5  2 1 1 1
     1475  10  5  3 1 1 1
     1476  10  5  4 1 1 1
     1477  10  5  5 1 1 1
     1478  10  5  6 1 1 1
     1479  10  5  7 1 1 1
     1480  10  5  8 1 1 1
     1481  10  6  1 1 1 1
     1482  10  6  2 1 1 1
     1483  10  6  3 1 1 1
     1484  10  6  4 1 1 1
     1485  10  6  5 1 1 1
     1486  10  6  6 1 1 1
     1487  10  6  7 1 1 1
     1488  10  6  8 1 1 1
     1489  10  7  1 1 1 1
     1490  10  7  2 1 1 1
     1491  10  7  3 1 1 1
     1492  10  7  4 1 1 1
     1493  10  7  5 1 1 1
     1494  10  7  6 1 1 1
     1495  10  7  7 1 1 1
     1496  10  7  8 1 1 1
     1497  10  8  1 1 1 1
     1498  10  8  2 1 1 1
     1499  10  8  3 1 1 1
     1500  10  8  4 1 1 1
     1501  10  8  5 1 1 1
     1502  10  8  6 1 1 1
     1503  10  8  7 1 1 1
     1504  10  8  8 1 1 1
     1505  10  9  1 1 1 1
     1506  10  9  2 1 1 1
     1507  10  9  3 1 1 1
     1508  10  9  4 1 1 1
     1509  10  9  5 1 1 1
     1510  10  9  6 1 1 1
     1511  10  9  7 1 1 1
     1512  10  9  8 1 1 1
     1513  10  10  1 1 1 1
     1514  10  10  2 1 1 1
     1515  10  10  3 1 1 1
     1516  10  10  4 1 1 1
     1517  10  10  5 1 1 1
     1518  10  10  6 1 1 1
     1519  10  10  7 1 1 1
     1520  10  10  8 1 1 1
     1521  10  11  1 1 1 1
     1522  10  11  2 1 1 1
     1523  10  11  3 1 1 1
     1524  10  11  4 1 1 1
     1525  10  11  5 1 1 1
     1526  10  11  6 1 1 1
     1527  10  11  7 1 1 1
     1528  10  11  8 1 1 1
     1529  10  12  1 1 1 1
     1530  10  12  2 1 1 1
     1531  10  12  3 1 1 1
     1532  10  12  4 1 1 1
     1533  10  12  5 1 1 1
     1534  10  12  6 1 1 1
     1535  10  12  7 1 1 1
     1536  10  12  8 1 1 1
     1537  10  13  1 1 1 1
     1538  10  13  2 1 1 1
     1539  10  13  3 1 1 1
     1540  10  13  4 1 1 1
     1541  10  13  5 1 1 1
     1542  10  13  6 1 1 1
     1543  10  13  7 1 1 1
     1544  10  13  8 1 1 1
     1545  10  14  1 1 1 1
     1546  10  14  2 1 1 1
     1547  10  14  3 1 1 1
     1548  10  14  4 1 1 1
     1549  10  14  5 1 1 1
     1550  10  14  6 1 1 1
     1551  10  14  7 1 1 1
     1552  10  14  8 1 1 1
     1553  10  15  1 1 1 1
     1554  10  15  2 1 1 1
     1555  10  15  3 1 1 1
     1556  10  15  4 1 1 1
     1557  10  15  5 1 1 1
     1558  10  15  6 1 1 1
     1559  10  15  7 1 1 1
     1560  10  15  8 1 1 1
     1561  10  16  1 1 1 1
     1562  10  16  2 1 1 1
     1563  10  16  3 1 1 1
     1564  10  16  4 1 1 1
     1565  10  16  5 1 1 1
     1566  10  16  6 1 1 1
     1567  10  16  7 1 1 1
     1568  10  16  8 1 1 1
     1569  10  17  1 1 1 1
     1570  10  17  2 1 1 1
     1571  10  17  3 1 1 1
     1572  10  17  4 1 1 1
     1573  10  17  5 1 1 1
     1574  10  17  6 1 1 1
     1575  10  17  7 1 1 1
     1576  10  17  8 1 1 1
     1577  10  18  1 1 1 1
     1578  10  18  2 1 1 1
     1579  10  18  3 1 1 1
     1580  10  18  4 1 1 1
     1581  10  18  5 1 1 1
     1582  10  18  6 1 1 1
     1583  10  18  7 1 1 1
     1584  10  18  8 1 1 1
     1585  10  19  1 1 1 1
     1586  10  19  2 1 1 1
     1587  10  19  3 1 1 1
     1588  10  19  4 1 1 1
     1589  10  19  5 1 1 1
     1590  10  19  6 1 1 1
     1591  10  19  7 1 1 1
     1592  10  19  8 1 1 1
     1593  10  20  1 1 1 1
     1594  10  20  2 1 1 1
     1595  10  20  3 1 1 1
     1596  10  20  4 1 1 1
     1597  10  20  5 1 1 1
     1598  10  20  6 1 1 1
     1599  10  20  7 1 1 1
     1600  10  20  8 1 1 1
     1601  11  1  1 1 1 1
     1602  11  1  2 1 1 1
     1603  11  1  3 1 1 1
     1604  11  1  4 1 1 1
     1605  11  1  5 1 1 1
     1606  11  1  6 1 1 1
     1607  11  1  7 1 1 1
     1608  11  1  8 1 1 1
     1609  11  2  1 1 1 1
     1610  11  2  2 1 1 1
     1611  11  2  3 1 1 1
     1612  11  2  4 1 1 1
     1613  11  2  5 1 1 1
     1614  11  2  6 1 1 1
     1615  11  2  7 1 1 1
     1616  11  2  8 1 1 1
     1617  11  3  1 1 1 1
     1618  11  3  2 1 1 1
     1619  11  3  3 1 1 1
     1620  11  3  4 1 1 1
     1621  11  3  5 1 1 1
     1622  11  3  6 1 1 1
     1623  11  3  7 1 1 1
     1624  11  3  8 1 1 1
     1625  11  4  1 1 1 1
     1626  11  4  2 1 1 1
     1627  11  4  3 1 1 1
     1628  11  4  4 1 1 1
     1629  11  4  5 1 1 1
     1630  11  4  6 1 1 1
     1631  11  4  7 1 1 1
     1632  11  4  8 1 1 1
     1633  11  5  1 1 1 1
     1634  11  5  2 1 1 1
     1635  11  5  3 1 1 1
     1636  11  5  4 1 1 1
     1637  11  5  5 1 1 1
     1638  11  5  6 1 1 1
     1639  11  5  7 1 1 1
     1640  11  5  8 1 1 1
     1641  11  6  1 1 1 1
     1642  11  6  2 1 1 1
     1643  11  6  3 1 1 1
     1644  11  6  4 1 1 1
     1645  11  6  5 1 1 1
     1646  11  6  6 1 1 1
     1647  11  6  7 1 1 1
     1648  11  6  8 1 1 1
     1649  11  7  1 1 1 1
     1650  11  7  2 1 1 1
     1651  11  7  3 1 1 1
     1652  11  7  4 1 1 1
     1653  11  7  5 1 1 1
     1654  11  7  6 1 1 1
     1655  11  7  7 1 1 1
     1656  11  7  8 1 1 1
     1657  11  8  1 1 1 1
     1658  11  8  2 1 1 1
     1659  11  8  3 1 1 1
     1660  11  8  4 1 1 1
     1661  11  8  5 1 1 1
     1662  11  8  6 1 1 1
     1663  11  8  7 1 1 1
     1664  11  8  8 1 1 1
     1665  11  9  1 1 1 1
     1666  11  9  2 1 1 1
     1667  11  9  3 1 1 1
     1668  11  9  4 1 1 1
     1669  11  9  5 1 1 1
     1670  11  9  6 1 1 1
     1671  11  9  7 1 1 1
     1672  11  9  8 1 1 1
     1673  11  10  1 1 1 1
     1674  11  10  2 1 1 1
     1675  11  10  3 1 1 1
     1676  11  10  4 1 1 1
     1677  11  10  5 1 1 1
     1678  11  10  6 1 1 1
     1679  11  10  7 1 1 1
     1680  11  10  8 1 1 1
     1681  11  11  1 1 1 1
     1682  11  11  2 1 1 1
     1683  11  11  3 1 1 1
     1684  11  11  4 1 1 1
     1685  11  11  5 1 1 1
     1686  11  11  6 1 1 1
     1687  11  11  7 1 1 1
     1688  11  11  8 1 1 1
     1689  11  12  1 1 1 1
     1690  11  12  2 1 1 1
     1691  11  12  3 1 1 1
     1692  11  12  4 1 1 1
     1693  11  12  5 1 1 1
     1694  11  12  6 1 1 1
     1695  11  12  7 1 1 1
     1696  11  12  8 1 1 1
     1697  11  13  1 1 1 1
     1698  11  13  2 1 1 1
     1699  11  13  3 1 1 1
     1700  11  13  4 1 1 1
     1701  11  13  5 1 1 1
     1702  11  13  6 1 1 1
     1703  11  13  7 1 1 1
     1704  11  13  8 1 1 1
     1705  11  14  1 1 1 1
     1706  11  14  2 1 1 1
     1707  11  14  3 1 1 1
     1708  11  14  4 1 1 1
     1709  11  14  5 1 1 1
     1710  11  14  6 1 1 1
     1711  11  14  7 1 1 1
     1712  11  14  8 1 1 1
     1713  11  15  1 1 1 1
     1714  11  15  2 1 1 1
     1715  11  15  3 1 1 1
     1716  11  15  4 1 1 1
     1717  11  15  5 1 1 1
     1718  11  15  6 1 1 1
     1719  11  15  7 1 1 1
     1720  11  15  8 1 1 1
     1721  11  16  1 1 1 1
     1722  11  16  2 1 1 1
     1723  11  16  3 1 1 1
     1724  11  16  4 1 1 1
     1725  11  16  5 1 1 1
     1726  11  16  6 1 1 1
     1727  11  16  7 1 1 1
     1728  11  16  8 1 1 1
     1729  11  17  1 1 1 1
     1730  11  17  2 1 1 1
     1731  11  17  3 1 1 1
     1732  11  17  4 1 1 1
     1733  11  17  5 1 1 1
     1734  11  17  6 1 1 1
     1735  11  17  7 1 1 1
     1736  11  17  8 1 1 1
     1737  11  18  1 1 1 1
     1738  11  18  2 1 1 1
     1739  11  18  3 1 1 1
     1740  11  18  4 1 1 1
     1741  11  18  5 1 1 1
     1742  11  18  6 1 1 1
     1743  11  18  7 1 1 1
     1744  11  18  8 1 1 1
     1745  11  19  1 1 1 1
     1746  11  19  2 1 1 1
     1747  11  19  3 1 1 1
     1748  11  19  4 1 1 1
     1749  11  19  5 1 1 1
     1750  11  19  6 1 1 1
     1751  11  19  7 1 1 1
     1752  11  19  8 1 1 1
     1753  11  20  1 1 1 1
     1754  11  20  2 1 1 1
     1755  11  20  3 1 1 1
     1756  11  20  4 1 1 1
     1757  11  20  5 1 1 1
     1758  11  20  6 1 1 1
     1759  11  20  7 1 1 1
     1760  11  20  8 1 1 1
     1761  12  1  1 1 1 1
     1762  12  1  2 1 1 1
     1763  12  1  3 1 1 1
     1764  12  1  4 1 1 1
     1765  12  1  5 1 1 1
     1766  12  1  6 1 1 1
     1767  12  1  7 1 1 1
     1768  12  1  8 1 1 1
     1769  12  2  1 1 1 1
     1770  12  2  2 1 1 1
     1771  12  2  3 1 1 1
     1772  12  2  4 1 1 1
     1773  12  2  5 1 1 1
     1774  12  2  6 1 1 1
     1775  12  2  7 1 1 1
     1776  12  2  8 1 1 1
     1777  12  3  1 1 1 1
     1778  12  3  2 1 1 1
     1779  12  3  3 1 1 1
     1780  12  3  4 1 1 1
     1781  12  3  5 1 1 1
     1782  12  3  6 1 1 1
     1783  12  3  7 1 1 1
     1784  12  3  8 1 1 1
     1785  12  4  1 1 1 1
     1786  12  4  2 1 1 1
     1787  12  4  3 1 1 1
     1788  12  4  4 1 1 1
     1789  12  4  5 1 1 1
     1790  12  4  6 1 1 1
     1791  12  4  7 1 1 1
     1792  12  4  8 1 1 1
     1793  12  5  1 1 1 1
     1794  12  5  2 1 1 1
     1795  12  5  3 1 1 1
     1796  12  5  4 1 1 1
     1797  12  5  5 1 1 1
     1798  12  5  6 1 1 1
     1799  12  5  7 1 1 1
     1800  12  5  8 1 1 1
     1801  12  6  1 1 1 1
     1802  12  6  2 1 1 1
     1803  12  6  3 1 1 1
     1804  12  6  4 1 1 1
     1805  12  6  5 1 1 1
     1806  12  6  6 1 1 1
     1807  12  6  7 1 1 1
     1808  12  6  8 1 1 1
     1809  12  7  1 1 1 1
     1810  12  7  2 1 1 1
     1811  12  7  3 1 1 1
     1812  12  7  4 1 1 1
     1813  12  7  5 1 1 1
     1814  12  7  6 1 1 1
     1815  12  7  7 1 1 1
     1816  12  7  8 1 1 1
     1817  12  8  1 1 1 1
     1818  12  8  2 1 1 1
     1819  12  8  3 1 1 1
     1820  12  8  4 1 1 1
     1821  12  8  5 1 1 1
     1822  12  8  6 1 1 1
     1823  12  8  7 1 1 1
     1824  12  8  8 1 1 1
     1825  12  9  1 1 1 1
     1826  12  9  2 1 1 1
     1827  12  9  3 1 1 1
     1828  12  9  4 1 1 1
     1829  12  9  5 1 1 1
     1830  12  9  6 1 1 1
     1831  12  9  7 1 1 1
     1832  12  9  8 1 1 1
     1833  12  10  1 1 1 1
     1834  12  10  2 1 1 1
     1835  12  10  3 1 1 1
     1836  12  10  4 1 1 1
     1837  12  10  5 1 1 1
     1838  12  10  6 1 1 1
     1839  12  10  7 1 1 1
     1840  12  10  8 1 1 1
     1841  12  11  1 1 1 1
     1842  12  11  2 1 1 1
     1843  12  11  3 1 1 1
     1844  12  11  4 1 1 1
     1845  12  11  5 1 1 1
     1846  12  11  6 1 1 1
     1847  12  11  7 1 1 1
     1848  12  11  8 1 1 1
     1849  12  12  1 1 1 1
     1850  12  12  2 1 1 1
     1851  12  12  3 1 1 1
     1852  12  12  4 1 1 1
     1853  12  12  5 1 1 1
     1854  12  12  6 1 1 1
     1855  12  12  7 1 1 1
     1856  12  12  8 1 1 1
     1857  12  13  1 1 1 1
     1858  12  13  2 1 1 1
     1859  12  13  3 1 1 1
     1860  12  13  4 1 1 1
     1861  12  13  5 1 1 1
     1862  12  13  6 1 1 1
     1863  12  13  7 1 1 1
     1864  12  13  8 1 1 1
     1865  12  14  1 1 1 1
     1866  12  14  2 1 1 1
     1867  12  14  3 1 1 1
     1868  12  14  4 1 1 1
     1869  12  14  5 1 1 1
     1870  12  14  6 1 1 1
     1871  12  14  7 1 1 1
     1872  12  14  8 1 1 1
     1873  12  15  1 1 1 1
     1874  12  15  2 1 1 1
     1875  12  15  3 1 1 1
     1876  12  15  4 1 1 1
     1877  12  15  5 1 1 1
     1878  12  15  6 1 1 1
     1879  12  15  7 1 1 1
     1880  12  15  8 1 1 1
     1881  12  16  1 1 1 1
     1882  12  16  2 1 1 1
     1883  12  16  3 1 1 1
     1884  12  16  4 1 1 1
     1885  12  16  5 1 1 1
     1886  12  16  6 1 1 1
     1887  12  16  7 1 1 1
     1888  12  16  8 1 1 1
     1889  12  17  1 1 1 1
     1890  12  17  2 1 1 1
     1891  12  17  3 1 1 1
     1892  12  17  4 1 1 1
     1893  12  17  5 1 1 1
     1894  12  17  6 1 1 1
     1895  12  17  7 1 1 1
     1896  12  17  8 1 1 1
     1897  12  18  1 1 1 1
     1898  12  18  2 1 1 1
     1899  12  18  3 1 1 1
     1900  12  18  4 1 1 1
     1901  12  18  5 1 1 1
     1902  12  18  6 1 1 1
     1903  12  18  7 1 1 1
     1904  12  18  8 1 1 1
     1905  12  19  1 1 1 1
     1906  12  19  2 1 1 1
     1907  12  19  3 1 1 1
     1908  12  19  4 1 1 1
     1909  12  19  5 1 1 1
     1910  12  19  6 1 1 1
     1911  12  19  7 1 1 1
     1912  12  19  8 1 1 1
     1913  12  20  1 1 1 1
     1914  12  20  2 1 1 1
     1915  12  20  3 1 1 1
     1916  12  20  4 1 1 1
     1917  12  20  5 1 1 1
     1918  12  20  6 1 1 1
     1919  12  20  7 1 1 1
     1920  12  20  8 1 1 1
     1921  13  1  1 1 1 1
     1922  13  1  2 1 1 1
     1923  13  1  3 1 1 1
     1924  13  1  4 1 1 1
     1925  13  1  5 1 1 1
     1926  13  1  6 1 1 1
     1927  13  1  7 1 1 1
     1928  13  1  8 1 1 1
     1929  13  2  1 1 1 1
     1930  13  2  2 1 1 1
     1931  13  2  3 1 1 1
     1932  13  2  4 1 1 1
     1933  13  2  5 1 1 1
     1934  13  2  6 1 1 1
     1935  13  2  7 1 1 1
     1936  13  2  8 1 1 1
     1937  13  3  1 1 1 1
     1938  13  3  2 1 1 1
     1939  13  3  3 1 1 1
     1940  13  3  4 1 1 1
     1941  13  3  5 1 1 1
     1942  13  3  6 1 1 1
     1943  13  3  7 1 1 1
     1944  13  3  8 1 1 1
     1945  13  4  1 1 1 1
     1946  13  4  2 1 1 1
     1947  13  4  3 1 1 1
     1948  13  4  4 1 1 1
     1949  13  4  5 1 1 1
     1950  13  4  6 1 1 1
     1951  13  4  7 1 1 1
     1952  13  4  8 1 1 1
     1953  13  5  1 1 1 1
     1954  13  5  2 1 1 1
     1955  13  5  3 1 1 1
     1956  13  5  4 1 1 1
     1957  13  5  5 1 1 1
     1958  13  5  6 1 1 1
     1959  13  5  7 1 1 1
     1960  13  5  8 1 1 1
     1961  13  6  1 1 1 1
     1962  13  6  2 1 1 1
     1963  13  6  3 1 1 1
     1964  13  6  4 1 1 1
     1965  13  6  5 1 1 1
     1966  13  6  6 1 1 1
     1967  13  6  7 1 1 1
     1968  13  6  8 1 1 1
     1969  13  7  1 1 1 1
     1970  13  7  2 1 1 1
     1971  13  7  3 1 1 1
     1972  13  7  4 1 1 1
     1973  13  7  5 1 1 1
     1974  13  7  6 1 1 1
     1975  13  7  7 1 1 1
     1976  13  7  8 1 1 1
     1977  13  8  1 1 1 1
     1978  13  8  2 1 1 1
     1979  13  8  3 1 1 1
     1980  13  8  4 1 1 1
     1981  13  8  5 1 1 1
     1982  13  8  6 1 1 1
     1983  13  8  7 1 1 1
     1984  13  8  8 1 1 1
     1985  13  9  1 1 1 1
     1986  13  9  2 1 1 1
     1987  13  9  3 1 1 1
     1988  13  9  4 1 1 1
     1989  13  9  5 1 1 1
     1990  13  9  6 1 1 1
     1991  13  9  7 1 1 1
     1992  13  9  8 1 1 1
     1993  13  10  1 1 1 1
     1994  13  10  2 1 1 1
     1995  13  10  3 1 1 1
     1996  13  10  4 1 1 1
     1997  13  10  5 1 1 1
     1998  13  10  6 1 1 1
     1999  13  10  7 1 1 1
     2000  13  10  8 1 1 1
     2001  13  11  1 1 1 1
     2002  13  11  2 1 1 1
     2003  13  11  3 1 1 1
     2004  13  11  4 1 1 1
     2005  13  11  5 1 1 1
     2006  13  11  6 1 1 1
     2007  13  11  7 1 1 1
     2008  13  11  8 1 1 1
     2009  13  12  1 1 1 1
     2010  13  12  2 1 1 1
     2011  13  12  3 1 1 1
     2012  13  12  4 1 1 1
     2013  13  12  5 1 1 1
     2014  13  12  6 1 1 1
     2015  13  12  7 1 1 1
     2016  13  12  8 1 1 1
     2017  13  13  1 1 1 1
     2018  13  13  2 1 1 1
     2019  13  13  3 1 1 1
     2020  13  13  4 1 1 1
     2021  13  13  5 1 1 1
     2022  13  13  6 1 1 1
     2023  13  13  7 1 1 1
     2024  13  13  8 1 1 1
     2025  13  14  1 1 1 1
     2026  13  14  2 1 1 1
     2027  13  14  3 1 1 1
     2028  13  14  4 1 1 1
     2029  13  14  5 1 1 1
     2030  13  14  6 1 1 1
     2031  13  14  7 1 1 1
     2032  13  14  8 1 1 1
     2033  13  15  1 1 1 1
     2034  13  15  2 1 1 1
     2035  13  15  3 1 1 1
     2036  13  15  4 1 1 1
     2037  13  15  5 1 1 1
     2038  13  15  6 1 1 1
     2039  13  15  7 1 1 1
     2040  13  15  8 1 1 1
     2041  13  16  1 1 1 1
     2042  13  16  2 1 1 1
     2043  13  16  3 1 1 1
     2044  13  16  4 1 1 1
     2045  13  16  5 1 1 1
     2046  13  16  6 1 1 1
     2047  13  16  7 1 1 1
     2048  13  16  8 1 1 1
     2049  13  17  1 1 1 1
     2050  13  17  2 1 1 1
     2051  13  17  3 1 1 1
     2052  13  17  4 1 1 1
     2053  13  17  5 1 1 1
     2054  13  17  6 1 1 1
     2055  13  17  7 1 1 1
     2056  13  17  8 1 1 1
     2057  13  18  1 1 1 1
     2058  13  18  2 1 1 1
     2059  13  18  3 1 1 1
     2060  13  18  4 1 1 1
     2061  13  18  5 1 1 1
     2062  13  18  6 1 1 1
     2063  13  18  7 1 1 1
     2064  13  18  8 1 1 1
     2065  13  19  1 1 1 1
     2066  13  19  2 1 1 1
     2067  13  19  3 1 1 1
     2068  13  19  4 1 1 1
     2069  13  19  5 1 1 1
     2070  13  19  6 1 1 1
     2071  13  19  7 1 1 1
     2072  13  19  8 1 1 1
     2073  13  20  1 1 1 1
     2074  13  20  2 1 1 1
     2075  13  20  3 1 1 1
     2076  13  20  4 1 1 1
     2077  13  20  5 1 1 1
     2078  13  20  6 1 1 1
     2079  13  20  7 1 1 1
     2080  13  20  8 1 1 1
     2081  14  1  1 1 1 1
     2082  14  1  2 1 1 1
     2083  14  1  3 1 1 1
     2084  14  1  4 1 1 1
     2085  14  1  5 1 1 1
     2086  14  1  6 1 1 1
     2087  14  1  7 1 1 1
     2088  14  1  8 1 1 1
     2089  14  2  1 1 1 1
     2090  14  2  2 1 1 1
     2091  14  2  3 1 1 1
     2092  14  2  4 1 1 1
     2093  14  2  5 1 1 1
     2094  14  2  6 1 1 1
     2095  14  2  7 1 1 1
     2096  14  2  8 1 1 1
     2097  14  3  1 1 1 1
     2098  14  3  2 1 1 1
     2099  14  3  3 1 1 1
     2100  14  3  4 1 1 1
     2101  14  3  5 1 1 1
     2102  14  3  6 1 1 1
     2103  14  3  7 1 1 1
     2104  14  3  8 1 1 1
     2105  14  4  1 1 1 1
     2106  14  4  2 1 1 1
     2107  14  4  3 1 1 1
     2108  14  4  4 1 1 1
     2109  14  4  5 1 1 1
     2110  14  4  6 1 1 1
     2111  14  4  7 1 1 1
     2112  14  4  8 1 1 1
     2113  14  5  1 1 1 1
     2114  14  5  2 1 1 1
     2115  14  5  3 1 1 1
     2116  14  5  4 1 1 1
     2117  14  5  5 1 1 1
     2118  14  5  6 1 1 1
     2119  14  5  7 1 1 1
     2120  14  5  8 1 1 1
     2121  14  6  1 1 1 1
     2122  14  6  2 1 1 1
     2123  14  6  3 1 1 1
     2124  14  6  4 1 1 1
     2125  14  6  5 1 1 1
     2126  14  6  6 1 1 1
     2127  14  6  7 1 1 1
     2128  14  6  8 1 1 1
     2129  14  7  1 1 1 1
     2130  14  7  2 1 1 1
     2131  14  7  3 1 1 1
     2132  14  7  4 1 1 1
     2133  14  7  5 1 1 1
     2134  14  7  6 1 1 1
     2135  14  7  7 1 1 1
     2136  14  7  8 1 1 1
     2137  14  8  1 1 1 1
     2138  14  8  2 1 1 1
     2139  14  8  3 1 1 1
     2140  14  8  4 1 1 1
     2141  14  8  5 1 1 1
     2142  14  8  6 1 1 1
     2143  14  8  7 1 1 1
     2144  14  8  8 1 1 1
     2145  14  9  1 1 1 1
     2146  14  9  2 1 1 1
     2147  14  9  3 1 1 1
     2148  14  9  4 1 1 1
     2149  14  9  5 1 1 1
     2150  14  9  6 1 1 1
     2151  14  9  7 1 1 1
     2152  14  9  8 1 1 1
     2153  14  10  1 1 1 1
     2154  14  10  2 1 1 1
     2155  14  10  3 1 1 1
     2156  14  10  4 1 1 1
     2157  14  10  5 1 1 1
     2158  14  10  6 1 1 1
     2159  14  10  7 1 1 1
     2160  14  10  8 1 1 1
     2161  14  11  1 1 1 1
     2162  14  11  2 1 1 1
     2163  14  11  3 1 1 1
     2164  14  11  4 1 1 1
     2165  14  11  5 1 1 1
     2166  14  11  6 1 1 1
     2167  14  11  7 1 1 1
     2168  14  11  8 1 1 1
     2169  14  12  1 1 1 1
     2170  14  12  2 1 1 1
     2171  14  12  3 1 1 1
     2172  14  12  4 1 1 1
     2173  14  12  5 1 1 1
     2174  14  12  6 1 1 1
     2175  14  12  7 1 1 1
     2176  14  12  8 1 1 1
     2177  14  13  1 1 1 1
     2178  14  13  2 1 1 1
     2179  14  13  3 1 1 1
     2180  14  13  4 1 1 1
     2181  14  13  5 1 1 1
     2182  14  13  6 1 1 1
     2183  14  13  7 1 1 1
     2184  14  13  8 1 1 1
     2185  14  14  1 1 1 1
     2186  14  14  2 1 1 1
     2187  14  14  3 1 1 1
     2188  14  14  4 1 1 1
     2189  14  14  5 1 1 1
     2190  14  14  6 1 1 1
     2191  14  14  7 1 1 1
     2192  14  14  8 1 1 1
     2193  14  15  1 1 1 1
     2194  14  15  2 1 1 1
     2195  14  15  3 1 1 1
     2196  14  15  4 1 1 1
     2197  14  15  5 1 1 1
     2198  14  15  6 1 1 1
     2199  14  15  7 1 1 1
     2200  14  15  8 1 1 1
     2201  14  16  1 1 1 1
     2202  14  16  2 1 1 1
     2203  14  16  3 1 1 1
     2204  14  16  4 1 1 1
     2205  14  16  5 1 1 1
     2206  14  16  6 1 1 1
     2207  14  16  7 1 1 1
     2208  14  16  8 1 1 1
     2209  14  17  1 1 1 1
     2210  14  17  2 1 1 1
     2211  14  17  3 1 1 1
     2212  14  17  4 1 1 1
     2213  14  17  5 1 1 1
     2214  14  17  6 1 1 1
     2215  14  17  7 1 1 1
     2216  14  17  8 1 1 1
     2217  14  18  1 1 1 1
     2218  14  18  2 1 1 1
     2219  14  18  3 1 1 1
     2220  14  18  4 1 1 1
     2221  14  18  5 1 1 1
     2222  14  18  6 1 1 1
     2223  14  18  7 1 1 1
     2224  14  18  8 1 1 1
     2225  14  19  1 1 1 1
     2226  14  19  2 1 1 1
     2227  14  19  3 1 1 1
     2228  14  19  4 1 1 1
     2229  14  19  5 1 1 1
     2230  14  19  6 1 1 1
     2231  14  19  7 1 1 1
     2232  14  19  8 1 1 1
     2233  14  20  1 1 1 1
     2234  14  20  2 1 1 1
     2235  14  20  3 1 1 1
     2236  14  20  4 1 1 1
     2237  14  20  5 1 1 1
     2238  14  20  6 1 1 1
     2239  14  20  7 1 1 1
     2240  14  20  8 1 1 1
     2241  15  1  1 1 1 1
     2242  15  1  2 1 1 1
     2243  15  1  3 1 1 1
     2244  15  1  4 1 1 1
     2245  15  1  5 1 1 1
     2246  15  1  6 1 1 1
     2247  15  1  7 1 1 1
     2248  15  1  8 1 1 1
     2249  15  2  1 1 1 1
     2250  15  2  2 1 1 1
     2251  15  2  3 1 1 1
     2252  15  2  4 1 1 1
     2253  15  2  5 1 1 1
     2254  15  2  6 1 1 1
     2255  15  2  7 1 1 1
     2256  15  2  8 1 1 1
     2257  15  3  1 1 1 1
     2258  15  3  2 1 1 1
     2259  15  3  3 1 1 1
     2260  15  3  4 1 1 1
     2261  15  3  5 1 1 1
     2262  15  3  6 1 1 1
     2263  15  3  7 1 1 1
     2264  15  3  8 1 1 1
     2265  15  4  1 1 1 1
     2266  15  4  2 1 1 1
     2267  15  4  3 1 1 1
     2268  15  4  4 1 1 1
     2269  15  4  5 1 1 1
     2270  15  4  6 1 1 1
     2271  15  4  7 1 1 1
     2272  15  4  8 1 1 1
     2273  15  5  1 1 1 1
     2274  15  5  2 1 1 1
     2275  15  5  3 1 1 1
     2276  15  5  4 1 1 1
     2277  15  5  5 1 1 1
     2278  15  5  6 1 1 1
     2279  15  5  7 1 1 1
     2280  15  5  8 1 1 1
     2281  15  6  1 1 1 1
     2282  15  6  2 1 1 1
     2283  15  6  3 1 1 1
     2284  15  6  4 1 1 1
     2285  15  6  5 1 1 1
     2286  15  6  6 1 1 1
     2287  15  6  7 1 1 1
     2288  15  6  8 1 1 1
     2289  15  7  1 1 1 1
     2290  15  7  2 1 1 1
     2291  15  7  3 1 1 1
     2292  15  7  4 1 1 1
     2293  15  7  5 1 1 1
     2294  15  7  6 1 1 1
     2295  15  7  7 1 1 1
     2296  15  7  8 1 1 1
     2297  15  8  1 1 1 1
     2298  15  8  2 1 1 1
     2299  15  8  3 1 1 1
     2300  15  8  4 1 1 1
     2301  15  8  5 1 1 1
     2302  15  8  6 1 1 1
     2303  15  8  7 1 1 1
     2304  15  8  8 1 1 1
     2305  15  9  1 1 1 1
     2306  15  9  2 1 1 1
     2307  15  9  3 1 1 1
     2308  15  9  4 1 1 1
     2309  15  9  5 1 1 1
     2310  15  9  6 1 1 1
     2311  15  9  7 1 1 1
     2312  15  9  8 1 1 1
     2313  15  10  1 1 1 1
     2314  15  10  2 1 1 1
     2315  15  10  3 1 1 1
     2316  15  10  4 1 1 1
     2317  15  10  5 1 1 1
     2318  15  10  6 1 1 1
     2319  15  10  7 1 1 1
     2320  15  10  8 1 1 1
     2321  15  11  1 1 1 1
     2322  15  11  2 1 1 1
     2323  15  11  3 1 1 1
     2324  15  11  4 1 1 1
     2325  15  11  5 1 1 1
     2326  15  11  6 1 1 1
     2327  15  11  7 1 1 1
     2328  15  11  8 1 1 1
     2329  15  12  1 1 1 1
     2330  15  12  2 1 1 1
     2331  15  12  3 1 1 1
     2332  15  12  4 1 1 1
     2333  15  12  5 1 1 1
     2334  15  12  6 1 1 1
     2335  15  12  7 1 1 1
     2336  15  12  8 1 1 1
     2337  15  13  1 1 1 1
     2338  15  13  2 1 1 1
     2339  15  13  3 1 1 1
     2340  15  13  4 1 1 1
     2341  15  13  5 1 1 1
     2342  15  13  6 1 1 1
     2343  15  13  7 1 1 1
     2344  15  13  8 1 1 1
     2345  15  14  1 1 1 1
     2346  15  14  2 1 1 1
     2347  15  14  3 1 1 1
     2348  15  14  4 1 1 1
     2349  15  14  5 1 1 1
     2350  15  14  6 1 1 1
     2351  15  14  7 1 1 1
     2352  15  14  8 1 1 1
     2353  15  15  1 1 1 1
     2354  15  15  2 1 1 1
     2355  15  15  3 1 1 1
     2356  15  15  4 1 1 1
     2357  15  15  5 1 1 1
     2358  15  15  6 1 1 1
     2359  15  15  7 1 1 1
     2360  15  15  8 1 1 1
     2361  15  16  1 1 1 1
     2362  15  16  2 1 1 1
     2363  15  16  3 1 1 1
     2364  15  16  4 1 1 1
     2365  15  16  5 1 1 1
     2366  15  16  6 1 1 1
     2367  15  16  7 1 1 1
     2368  15  16  8 1 1 1
     2369  15  17  1 1 1 1
     2370  15  17  2 1 1 1
     2371  15  17  3 1 1 1
     2372  15  17  4 1 1 1
     2373  15  17  5 1 1 1
     2374  15  17  6 1 1 1
     2375  15  17  7 1 1 1
     2376  15  17  8 1 1 1
     2377  15  18  1 1 1 1
     2378  15  18  2 1 1 1
     2379  15  18  3 1 1 1
     2380  15  18  4 1 1 1
     2381  15  18  5 1 1 1
     2382  15  18  6 1 1 1
     2383  15  18  7 1 1 1
     2384  15  18  8 1 1 1
     2385  15  19  1 1 1 1
     2386  15  19  2 1 1 1
     2387  15  19  3 1 1 1
     2388  15  19  4 1 1 1
     2389  15  19  5 1 1 1
     2390  15  19  6 1 1 1
     2391  15  19  7 1 1 1
     2392  15  19  8 1 1 1
     2393  15  20  1 1 1 1
     2394  15  20  2 1 1 1
     2395  15  20  3 1 1 1
     2396  15  20  4 1 1 1
     2397  15  20  5 1 1 1
     2398  15  20  6 1 1 1
     2399  15  20  7 1 1 1
     2400  15  20  8 1 1 1
     2401  16  1  1 1 1 1
     2402  16  1  2 1 1 1
     2403  16  1  3 1 1 1
     2404  16  1  4 1 1 1
     2405  16  1  5 1 1 1
     2406  16  1  6 1 1 1
     2407  16  1  7 1 1 1
     2408  16  1  8 1 1 1
     2409  16  2  1 1 1 1
     2410  16  2  2 1 1 1
     2411  16  2  3 1 1 1
     2412  16  2  4 1 1 1
     2413  16  2  5 1 1 1
     2414  16  2  6 1 1 1
     2415  16  2  7 1 1 1
     2416  16  2  8 1 1 1
     2417  16  3  1 1 1 1
     2418  16  3  2 1 1 1
     2419  16  3  3 1 1 1
     2420  16  3  4 1 1 1
     2421  16  3  5 1 1 1
     2422  16  3  6 1 1 1
     2423  16  3  7 1 1 1
     2424  16  3  8 1 1 1
     2425  16  4  1 1 1 1
     2426  16  4  2 1 1 1
     2427  16  4  3 1 1 1
     2428  16  4  4 1 1 1
     2429  16  4  5 1 1 1
     2430  16  4  6 1 1 1
     2431  16  4  7 1 1 1
     2432  16  4  8 1 1 1
     2433  16  5  1 1 1 1
     2434  16  5  2 1 1 1
     2435  16  5  3 1 1 1
     2436  16  5  4 1 1 1
     2437  16  5  5 1 1 1
     2438  16  5  6 1 1 1
     2439  16  5  7 1 1 1
     2440  16  5  8 1 1 1
     2441  16  6  1 1 1 1
     2442  16  6  2 1 1 1
     2443  16  6  3 1 1 1
     2444  16  6  4 1 1 1
     2445  16  6  5 1 1 1
     2446  16  6  6 1 1 1
     2447  16  6  7 1 1 1
     2448  16  6  8 1 1 1
     2449  16  7  1 1 1 1
     2450  16  7  2 1 1 1
     2451  16  7  3 1 1 1
     2452  16  7  4 1 1 1
     2453  16  7  5 1 1 1
     2454  16  7  6 1 1 1
     2455  16  7  7 1 1 1
     2456  16  7  8 1 1 1
     2457  16  8  1 1 1 1
     2458  16  8  2 1 1 1
     2459  16  8  3 1 1 1
     2460  16  8  4 1 1 1
     2461  16  8  5 1 1 1
     2462  16  8  6 1 1 1
     2463  16  8  7 1 1 1
     2464  16  8  8 1 1 1
     2465  16  9  1 1 1 1
     2466  16  9  2 1 1 1
     2467  16  9  3 1 1 1
     2468  16  9  4 1 1 1
     2469  16  9  5 1 1 1
     2470  16  9  6 1 1 1
     2471  16  9  7 1 1 1
     2472  16  9  8 1 1 1
     2473  16  10  1 1 1 1
     2474  16  10  2 1 1 1
     2475  16  10  3 1 1 1
     2476  16  10  4 1 1 1
     2477  16  10  5 1 1 1
     2478  16  10  6 1 1 1
     2479  16  10  7 1 1 1
     2480  16  10  8 1 1 1
     2481  16  11  1 1 1 1
     2482  16  11  2 1 1 1
     2483  16  11  3 1 1 1
     2484  16  11  4 1 1 1
     2485  16  11  5 1 1 1
     2486  16  11  6 1 1 1
     2487  16  11  7 1 1 1
     2488  16  11  8 1 1 1
     2489  16  12  1 1 1 1
     2490  16  12  2 1 1 1
     2491  16  12  3 1 1 1
     2492  16  12  4 1 1 1
     2493  16  12  5 1 1 1
     2494  16  12  6 1 1 1
     2495  16  12  7 1 1 1
     2496  16  12  8 1 1 1
     2497  16  13  1 1 1 1
     2498  16  13  2 1 1 1
     2499  16  13  3 1 1 1
     2500  16  13  4 1 1 1
     2501  16  13  5 1 1 1
     2502  16  13  6 1 1 1
     2503  16  13  7 1 1 1
     2504  16  13  8 1 1 1
     2505  16  14  1 1 1 1
     2506  16  14  2 1 1 1
     2507  16  14  3 1 1 1
     2508  16  14  4 1 1 1
     2509  16  14  5 1 1 1
     2510  16  14  6 1 1 1
     2511  16  14  7 1 1 1
     2512  16  14  8 1 1 1
     2513  16  15  1 1 1 1
     2514  16  15  2 1 1 1
     2515  16  15  3 1 1 1
     2516  16  15  4 1 1 1
     2517  16  15  5 1 1 1
     2518  16  15  6 1 1 1
     2519  16  15  7 1 1 1
     2520  16  15  8 1 1 1
     2521  16  16  1 1 1 1
     2522  16  16  2 1 1 1
     2523  16  16  3 1 1 1
     2524  16  16  4 1 1 1
     2525  16  16  5 1 1 1
     2526  16  16  6 1 1 1
     2527  16  16  7 1 1 1
     2528  16  16  8 1 1 1
     2529  16  17  1 1 1 1
     2530  16  17  2 1 1 1
     2531  16  17  3 1 1 1
     2532  16  17  4 1 1 1
     2533  16  17  5 1 1 1
     2534  16  17  6 1 1 1
     2535  16  17  7 1 1 1
     2536  16  17  8 1 1 1
     2537  16  18  1 1 1 1
     2538  16  18  2 1 1 1
     2539  16  18  3 1 1 1
     2540  16  18  4 1 1 1
     2541  16  18  5 1 1 1
     2542  16  18  6 1 1 1
     2543  16  18  7 1 1 1
     2544  16  18  8 1 1 1
     2545  16  19  1 1 1 1
     2546  16  19  2 1 1 1
     2547  16  19  3 1 1 1
     2548  16  19  4 1 1 1
     2549  16  19  5 1 1 1
     2550  16  19  6 1 1 1
     2551  16  19  7 1 1 1
     2552  16  19  8 1 1 1
     2553  16  20  1 1 1 1
     2554  16  20  2 1 1 1
     2555  16  20  3 1 1 1
     2556  16  20  4 1 1 1
     2557  16  20  5 1 1 1
     2558  16  20  6 1 1 1
     2559  16  20  7 1 1 1
     2560  16  20  8 1 1 1
     2561  17  1  1 1 1 1
     2562  17  1  2 1 1 1
     2563  17  1  3 1 1 1
     2564  17  1  4 1 1 1
     2565  17  1  5 1 1 1
     2566  17  1  6 1 1 1
     2567  17  1  7 1 1 1
     2568  17  1  8 1 1 1
     2569  17  2  1 1 1 1
     2570  17  2  2 1 1 1
     2571  17  2  3 1 1 1
     2572  17  2  4 1 1 1
     2573  17  2  5 1 1 1
     2574  17  2  6 1 1 1
     2575  17  2  7 1 1 1
     2576  17  2  8 1 1 1
     2577  17  3  1 1 1 1
     2578  17  3  2 1 1 1
     2579  17  3  3 1 1 1
     2580  17  3  4 1 1 1
     2581  17  3  5 1 1 1
     2582  17  3  6 1 1 1
     2583  17  3  7 1 1 1
     2584  17  3  8 1 1 1
     2585  17  4  1 1 1 1
     2586  17  4  2 1 1 1
     2587  17  4  3 1 1 1
     2588  17  4  4 1 1 1
     2589  17  4  5 1 1 1
     2590  17  4  6 1 1 1
     2591  17  4  7 1 1 1
     2592  17  4  8 1 1 1
     2593  17  5  1 1 1 1
     2594  17  5  2 1 1 1
     2595  17  5  3 1 1 1
     2596  17  5  4 1 1 1
     2597  17  5  5 1 1 1
     2598  17  5  6 1 1 1
     2599  17  5  7 1 1 1
     2600  17  5  8 1 1 1
     2601  17  6  1 1 1 1
     2602  17  6  2 1 1 1
     2603  17  6  3 1 1 1
     2604  17  6  4 1 1 1
     2605  17  6  5 1 1 1
     2606  17  6  6 1 1 1
     2607  17  6  7 1 1 1
     2608  17  6  8 1 1 1
     2609  17  7  1 1 1 1
     2610  17  7  2 1 1 1
     2611  17  7  3 1 1 1
     2612  17  7  4 1 1 1
     2613  17  7  5 1 1 1
     2614  17  7  6 1 1 1
     2615  17  7  7 1 1 1
     2616  17  7  8 1 1 1
     2617  17  8  1 1 1 1
     2618  17  8  2 1 1 1
     2619  17  8  3 1 1 1
     2620  17  8  4 1 1 1
     2621  17  8  5 1 1 1
     2622  17  8  6 1 1 1
     2623  17  8  7 1 1 1
     2624  17  8  8 1 1 1
     2625  17  9  1 1 1 1
     2626  17  9  2 1 1 1
     2627  17  9  3 1 1 1
     2628  17  9  4 1 1 1
     2629  17  9  5 1 1 1
     2630  17  9  6 1 1 1
     2631  17  9  7 1 1 1
     2632  17  9  8 1 1 1
     2633  17  10  1 1 1 1
     2634  17  10  2 1 1 1
     2635  17  10  3 1 1 1
     2636  17  10  4 1 1 1
     2637  17  10  5 1 1 1
     2638  17  10  6 1 1 1
     2639  17  10  7 1 1 1
     2640  17  10  8 1 1 1
     2641  17  11  1 1 1 1
     2642  17  11  2 1 1 1
     2643  17  11  3 1 1 1
     2644  17  11  4 1 1 1
     2645  17  11  5 1 1 1
     2646  17  11  6 1 1 1
     2647  17  11  7 1 1 1
     2648  17  11  8 1 1 1
     2649  17  12  1 1 1 1
     2650  17  12  2 1 1 1
     2651  17  12  3 1 1 1
     2652  17  12  4 1 1 1
     2653  17  12  5 1 1 1
     2654  17  12  6 1 1 1
     2655  17  12  7 1 1 1
     2656  17  12  8 1 1 1
     2657  17  13  1 1 1 1
     2658  17  13  2 1 1 1
     2659  17  13  3 1 1 1
     2660  17  13  4 1 1 1
     2661  17  13  5 1 1 1
     2662  17  13  6 1 1 1
     2663  17  13  7 1 1 1
     2664  17  13  8 1 1 1
     2665  17  14  1 1 1 1
     2666  17  14  2 1 1 1
     2667  17  14  3 1 1 1
     2668  17  14  4 1 1 1
     2669  17  14  5 1 1 1
     2670  17  14  6 1 1 1
     2671  17  14  7 1 1 1
     2672  17  14  8 1 1 1
     2673  17  15  1 1 1 1
     2674  17  15  2 1 1 1
     2675  17  15  3 1 1 1
     2676  17  15  4 1 1 1
     2677  17  15  5 1 1 1
     2678  17  15  6 1 1 1
     2679  17  15  7 1 1 1
     2680  17  15  8 1 1 1
     2681  17  16  1 1 1 1
     2682  17  16  2 1 1 1
     2683  17  16  3 1 1 1
     2684  17  16  4 1 1 1
     2685  17  16  5 1 1 1
     2686  17  16  6 1 1 1
     2687  17  16  7 1 1 1
     2688  17  16  8 1 1 1
     2689  17  17  1 1 1 1
     2690  17  17  2 1 1 1
     2691  17  17  3 1 1 1
     2692  17  17  4 1 1 1
     2693  17  17  5 1 1 1
     2694  17  17  6 1 1 1
     2695  17  17  7 1 1 1
     2696  17  17  8 1 1 1
     2697  17  18  1 1 1 1
     2698  17  18  2 1 1 1
     2699  17  18  3 1 1 1
     2700  17  18  4 1 1 1
     2701  17  18  5 1 1 1
     2702  17  18  6 1 1 1
     2703  17  18  7 1 1 1
     2704  17  18  8 1 1 1
     2705  17  19  1 1 1 1
     2706  17  19  2 1 1 1
     2707  17  19  3 1 1 1
     2708  17  19  4 1 1 1
     2709  17  19  5 1 1 1
     2710  17  19  6 1 1 1
     2711  17  19  7 1 1 1
     2712  17  19  8 1 1 1
     2713  17  20  1 1 1 1
     2714  17  20  2 1 1 1
     2715  17  20  3 1 1 1
     2716  17  20  4 1 1 1
     2717  17  20  5 1 1 1
     2718  17  20  6 1 1 1
     2719  17  20  7 1 1 1
     2720  17  20  8 1 1 1