>GEOMETRY   rect_prism; AX,AY,AZ= 0.6280 0.6280 0.6280
     3596 = NAT 
  1.000000  0.000000  0.000000 = A_1 vector
  0.000000  1.000000  0.000000 = A_2 vector
  1.000000  1.000000  1.000000 = lattice spacings (d_x,d_y,d_z)/d
 -0.15200 -0.01640 -0.14030 = lattice offset x0(1-3) = (x_TF, y_TF, z_TF)/d for dipole 0 0 0
     JA  IX  IY  IZ ICOMP(x,y,z)
     1  1  1  1 1 1 1
     2  1  1  2 1 1 1
     3  1  1  3 1 1 1
     4  1  1  4 1 1 1
     5  1  1  5 1 1 1
     6  1  1  6 1 1 1
     7  1  1  7 1 1 1
     8  1  1  8 1 1 1
     9  1  1  9 1 1 1
     10  1  1  10 1 1 1
     11  1  1  11 1 1 1
     12  1  1  12 1 1 1
     13  1  1  13 1 1 1
     14  1  1  14 1 1 1
     15  1  1  15 1 1 1
     16  1  1  16 1 1 1
     17  1  1  17 1 1 1
     18  1  1  18 1 1 1
     19  1  1  19 1 1 1
     20  1  1  20 1 1 1
     21  1  1  21 1 1 1
     22  1  1  22 1 1 1
     23  1  1  23 1 1 1
     24  1  1  24 1 1 1
     25  1  1  25 1 1 1
     26  1  1  26 1 1 1
     27  1  1  27 1 1 1
     28  1  1  28 1 1 1
     29  1  1  29 1 1 1
     30  1  2  1 1 1 1
     31  1  2  2 1 1 1
     32  1  2  3 1 1 1
     33  1  2  4 1 1 1
     34  1  2  5 1 1 1
     35  1  2  6 1 1 1
     36  1  2  7 1 1 1
     37  1  2  8 1 1 1
     38  1  2  9 1 1 1
     39  1  2  10 1 1 1
     40  1  2  11 1 1 1
     41  1  2  12 1 1 1
     42  1  2  13 1 1 1
     43  1  2  14 1 1 1
     44  1  2  15 1 1 1
     45  1  2  16 1 1 1
     46  1  2  17 1 1 1
     47  1  2  18 1 1 1
     48  1  2  19 1 1 1
     49  1  2  20 1 1 1
     50  1  2  21 1 1 1
     51  1  2  22 1 1 1
     52  1  2  23 1 1 1
     53  1  2  24 1 1 1
     54  1  2  25 1 1 1
     55  1  2  26 1 1 1
     56  1  2  27 1 1 1
     57  1  2  28 1 1 1
     58  1  2  29 1 1 1
     59  1  3  1 1 1 1
     60  1  3  2 1 1 1
     61  1  3  3 1 1 1
     62  1  3  4 1 1 1
     63  1  3  5 1 1 1
     64  1  3  6 1 1 1
     65  1  3  7 1 1 1
     66  1  3  8 1 1 1
     67  1  3  9 1 1 1
     68  1  3  10 1 1 1
     69  1  3  11 1 1 1
     70  1  3  12 1 1 1
     71  1  3  13 1 1 1
     72  1  3  14 1 1 1
     73  1  3  15 1 1 1
     74  1  3  16 1 1 1
     75  1  3  17 1 1 1
     76  1  3  18 1 1 1
     77  1  3  19 1 1 1
     78  1  3  20 1 1 1
     79  1  3  21 1 1 1
     80  1  3  22 1 1 1
     81  1  3  23 1 1 1
     82  1  3  24 1 1 1
     83  1  3  25 1 1 1
     84  1  3  26 1 1 1
     85  1  3  27 1 1 1
     86  1  3  28 1 1 1
     87  1  3  29 1 1 1
     88  1  4  1 1 1 1
     89  1  4  2 1 1 1
     90  1  4  3 1 1 1
     91  1  4  4 1 1 1
     92  1  4  5 1 1 1
     93  1  4  6 1 1 1
     94  1  4  7 1 1 1
     95  1  4  8 1 1 1
     96  1  4  9 1 1 1
     97  1  4  10 1 1 1
     98  1  4  11 1 1 1
     99  1  4  12 1 1 1
     100  1  4  13 1 1 1
     101  1  4  14 1 1 1
     102  1  4  15 1 1 1
     103  1  4  16 1 1 1
     104  1  4  17 1 1 1
     105  1  4  18 1 1 1
     106  1  4  19 1 1 1
     107  1  4  20 1 1 1
     108  1  4  21 1 1 1
     109  1  4  22 1 1 1
     110  1  4  23 1 1 1
     111  1  4  24 1 1 1
     112  1  4  25 1 1 1
     113  1  4  26 1 1 1
     114  1  4  27 1 1 1
     115  1  4  28 1 1 1
     116  1  4  29 1 1 1
     117  2  1  1 1 1 1
     118  2  1  2 1 1 1
     119  2  1  3 1 1 1
     120  2  1  4 1 1 1
     121  2  1  5 1 1 1
     122  2  1  6 1 1 1
     123  2  1  7 1 1 1
     124  2  1  8 1 1 1
     125  2  1  9 1 1 1
     126  2  1  10 1 1 1
     127  2  1  11 1 1 1
     128  2  1  12 1 1 1
     129  2  1  13 1 1 1
     130  2  1  14 1 1 1
     131  2  1  15 1 1 1
     132  2  1  16 1 1 1
     133  2  1  17 1 1 1
     134  2  1  18 1 1 1
     135  2  1  19 1 1 1
     136  2  1  20 1 1 1
     137  2  1  21 1 1 1
     138  2  1  22 1 1 1
     139  2  1  23 1 1 1
     140  2  1  24 1 1 1
     141  2  1  25 1 1 1
     142  2  1  26 1 1 1
     143  2  1  27 1 1 1
     144  2  1  28 1 1 1
     145  2  1  29 1 1 1
     146  2  2  1 1 1 1
     147  2  2  2 1 1 1
     148  2  2  3 1 1 1
     149  2  2  4 1 1 1
     150  2  2  5 1 1 1
     151  2  2  6 1 1 1
     152  2  2  7 1 1 1
     153  2  2  8 1 1 1
     154  2  2  9 1 1 1
     155  2  2  10 1 1 1
     156  2  2  11 1 1 1
     157  2  2  12 1 1 1
     158  2  2  13 1 1 1
     159  2  2  14 1 1 1
     160  2  2  15 1 1 1
     161  2  2  16 1 1 1
     162  2  2  17 1 1 1
     163  2  2  18 1 1 1
     164  2  2  19 1 1 1
     165  2  2  20 1 1 1
     166  2  2  21 1 1 1
     167  2  2  22 1 1 1
     168  2  2  23 1 1 1
     169  2  2  24 1 1 1
     170  2  2  25 1 1 1
     171  2  2  26 1 1 1
     172  2  2  27 1 1 1
     173  2  2  28 1 1 1
     174  2  2  29 1 1 1
     175  2  3  1 1 1 1
     176  2  3  2 1 1 1
     177  2  3  3 1 1 1
     178  2  3  4 1 1 1
     179  2  3  5 1 1 1
     180  2  3  6 1 1 1
     181  2  3  7 1 1 1
     182  2  3  8 1 1 1
     183  2  3  9 1 1 1
     184  2  3  10 1 1 1
     185  2  3  11 1 1 1
     186  2  3  12 1 1 1
     187  2  3  13 1 1 1
     188  2  3  14 1 1 1
     189  2  3  15 1 1 1
     190  2  3  16 1 1 1
     191  2  3  17 1 1 1
     192  2  3  18 1 1 1
     193  2  3  19 1 1 1
     194  2  3  20 1 1 1
     195  2  3  21 1 1 1
     196  2  3  22 1 1 1
     197  2  3  23 1 1 1
     198  2  3  24 1 1 1
     199  2  3  25 1 1 1
     200  2  3  26 1 1 1
     201  2  3  27 1 1 1
     202  2  3  28 1 1 1
     203  2  3  29 1 1 1
     204  2  4  1 1 1 1
     205  2  4  2 1 1 1
     206  2  4  3 1 1 1
     207  2  4  4 1 1 1
     208  2  4  5 1 1 1
     209  2  4  6 1 1 1
     210  2  4  7 1 1 1
     211  2  4  8 1 1 1
     212  2  4  9 1 1 1
     213  2  4  10 1 1 1
     214  2  4  11 1 1 1
     215  2  4  12 1 1 1
     216  2  4  13 1 1 1
     217  2  4  14 1 1 1
     218  2  4  15 1 1 1
     219  2  4  16 1 1 1
     220  2  4  17 1 1 1
     221  2  4  18 1 1 1
     222  2  4  19 1 1 1
     223  2  4  20 1 1 1
     224  2  4  21 1 1 1
     225  2  4  22 1 1 1
     226  2  4  23 1 1 1
     227  2  4  24 1 1 1
     228  2  4  25 1 1 1
     229  2  4  26 1 1 1
     230  2  4  27 1 1 1
     231  2  4  28 1 1 1
     232  2  4  29 1 1 1
     233  3  1  1 1 1 1
     234  3  1  2 1 1 1
     235  3  1  3 1 1 1
     236  3  1  4 1 1 1
     237  3  1  5 1 1 1
     238  3  1  6 1 1 1
     239  3  1  7 1 1 1
     240  3  1  8 1 1 1
     241  3  1  9 1 1 1
     242  3  1  10 1 1 1
     243  3  1  11 1 1 1
     244  3  1  12 1 1 1
     245  3  1  13 1 1 1
     246  3  1  14 1 1 1
     247  3  1  15 1 1 1
     248  3  1  16 1 1 1
     249  3  1  17 1 1 1
     250  3  1  18 1 1 1
     251  3  1  19 1 1 1
     252  3  1  20 1 1 1
     253  3  1  21 1 1 1
     254  3  1  22 1 1 1
     255  3  1  23 1 1 1
     256  3  1  24 1 1 1
     257  3  1  25 1 1 1
     258  3  1  26 1 1 1
     259  3  1  27 1 1 1
     260  3  1  28 1 1 1
     261  3  1  29 1 1 1
     262  3  2  1 1 1 1
     263  3  2  2 1 1 1
     264  3  2  3 1 1 1
     265  3  2  4 1 1 1
     266  3  2  5 1 1 1
     267  3  2  6 1 1 1
     268  3  2  7 1 1 1
     269  3  2  8 1 1 1
     270  3  2  9 1 1 1
     271  3  2  10 1 1 1
     272  3  2  11 1 1 1
     273  3  2  12 1 1 1
     274  3  2  13 1 1 1
     275  3  2  14 1 1 1
     276  3  2  15 1 1 1
     277  3  2  16 1 1 1
     278  3  2  17 1 1 1
     279  3  2  18 1 1 1
     280  3  2  19 1 1 1
     281  3  2  20 1 1 1
     282  3  2  21 1 1 1
     283  3  2  22 1 1 1
     284  3  2  23 1 1 1
     285  3  2  24 1 1 1
     286  3  2  25 1 1 1
     287  3  2  26 1 1 1
     288  3  2  27 1 1 1
     289  3  2  28 1 1 1
     290  3  2  29 1 1 1
     291  3  3  1 1 1 1
     292  3  3  2 1 1 1
     293  3  3  3 1 1 1
     294  3  3  4 1 1 1
     295  3  3  5 1 1 1
     296  3  3  6 1 1 1
     297  3  3  7 1 1 1
     298  3  3  8 1 1 1
     299  3  3  9 1 1 1
     300  3  3  10 1 1 1
     301  3  3  11 1 1 1
     302  3  3  12 1 1 1
     303  3  3  13 1 1 1
     304  3  3  14 1 1 1
     305  3  3  15 1 1 1
     306  3  3  16 1 1 1
     307  3  3  17 1 1 1
     308  3  3  18 1 1 1
     309  3  3  19 1 1 1
     310  3  3  20 1 1 1
     311  3  3  21 1 1 1
     312  3  3  22 1 1 1
     313  3  3  23 1 1 1
     314  3  3  24 1 1 1
     315  3  3  25 1 1 1
     316  3  3  26 1 1 1
     317  3  3  27 1 1 1
     318  3  3  28 1 1 1
     319  3  3  29 1 1 1
     320  3  4  1 1 1 1
     321  3  4  2 1 1 1
     322  3  4  3 1 1 1
     323  3  4  4 1 1 1
     324  3  4  5 1 1 1
     325  3  4  6 1 1 1
     326  3  4  7 1 1 1
     327  3  4  8 1 1 1
     328  3  4  9 1 1 1
     329  3  4  10 1 1 1
     330  3  4  11 1 1 1
     331  3  4  12 1 1 1
     332  3  4  13 1 1 1
     333  3  4  14 1 1 1
     334  3  4  15 1 1 1
     335  3  4  16 1 1 1
     336  3  4  17 1 1 1
     337  3  4  18 1 1 1
     338  3  4  19 1 1 1
     339  3  4  20 1 1 1
     340  3  4  21 1 1 1
     341  3  4  22 1 1 1
     342  3  4  23 1 1 1
     343  3  4  24 1 1 1
     344  3  4  25 1 1 1
     345  3  4  26 1 1 1
     346  3  4  27 1 1 1
     347  3  4  28 1 1 1
     348  3  4  29 1 1 1
     349  4  1  1 1 1 1
     350  4  1  2 1 1 1
     351  4  1  3 1 1 1
     352  4  1  4 1 1 1
     353  4  1  5 1 1 1
     354  4  1  6 1 1 1
     355  4  1  7 1 1 1
     356  4  1  8 1 1 1
     357  4  1  9 1 1 1
     358  4  1  10 1 1 1
     359  4  1  11 1 1 1
     360  4  1  12 1 1 1
     361  4  1  13 1 1 1
     362  4  1  14 1 1 1
     363  4  1  15 1 1 1
     364  4  1  16 1 1 1
     365  4  1  17 1 1 1
     366  4  1  18 1 1 1
     367  4  1  19 1 1 1
     368  4  1  20 1 1 1
     369  4  1  21 1 1 1
     370  4  1  22 1 1 1
     371  4  1  23 1 1 1
     372  4  1  24 1 1 1
     373  4  1  25 1 1 1
     374  4  1  26 1 1 1
     375  4  1  27 1 1 1
     376  4  1  28 1 1 1
     377  4  1  29 1 1 1
     378  4  2  1 1 1 1
     379  4  2  2 1 1 1
     380  4  2  3 1 1 1
     381  4  2  4 1 1 1
     382  4  2  5 1 1 1
     383  4  2  6 1 1 1
     384  4  2  7 1 1 1
     385  4  2  8 1 1 1
     386  4  2  9 1 1 1
     387  4  2  10 1 1 1
     388  4  2  11 1 1 1
     389  4  2  12 1 1 1
     390  4  2  13 1 1 1
     391  4  2  14 1 1 1
     392  4  2  15 1 1 1
     393  4  2  16 1 1 1
     394  4  2  17 1 1 1
     395  4  2  18 1 1 1
     396  4  2  19 1 1 1
     397  4  2  20 1 1 1
     398  4  2  21 1 1 1
     399  4  2  22 1 1 1
     400  4  2  23 1 1 1
     401  4  2  24 1 1 1
     402  4  2  25 1 1 1
     403  4  2  26 1 1 1
     404  4  2  27 1 1 1
     405  4  2  28 1 1 1
     406  4  2  29 1 1 1
     407  4  3  1 1 1 1
     408  4  3  2 1 1 1
     409  4  3  3 1 1 1
     410  4  3  4 1 1 1
     411  4  3  5 1 1 1
     412  4  3  6 1 1 1
     413  4  3  7 1 1 1
     414  4  3  8 1 1 1
     415  4  3  9 1 1 1
     416  4  3  10 1 1 1
     417  4  3  11 1 1 1
     418  4  3  12 1 1 1
     419  4  3  13 1 1 1
     420  4  3  14 1 1 1
     421  4  3  15 1 1 1
     422  4  3  16 1 1 1
     423  4  3  17 1 1 1
     424  4  3  18 1 1 1
     425  4  3  19 1 1 1
     426  4  3  20 1 1 1
     427  4  3  21 1 1 1
     428  4  3  22 1 1 1
     429  4  3  23 1 1 1
     430  4  3  24 1 1 1
     431  4  3  25 1 1 1
     432  4  3  26 1 1 1
     433  4  3  27 1 1 1
     434  4  3  28 1 1 1
     435  4  3  29 1 1 1
     436  4  4  1 1 1 1
     437  4  4  2 1 1 1
     438  4  4  3 1 1 1
     439  4  4  4 1 1 1
     440  4  4  5 1 1 1
     441  4  4  6 1 1 1
     442  4  4  7 1 1 1
     443  4  4  8 1 1 1
     444  4  4  9 1 1 1
     445  4  4  10 1 1 1
     446  4  4  11 1 1 1
     447  4  4  12 1 1 1
     448  4  4  13 1 1 1
     449  4  4  14 1 1 1
     450  4  4  15 1 1 1
     451  4  4  16 1 1 1
     452  4  4  17 1 1 1
     453  4  4  18 1 1 1
     454  4  4  19 1 1 1
     455  4  4  20 1 1 1
     456  4  4  21 1 1 1
     457  4  4  22 1 1 1
     458  4  4  23 1 1 1
     459  4  4  24 1 1 1
     460  4  4  25 1 1 1
     461  4  4  26 1 1 1
     462  4  4  27 1 1 1
     463  4  4  28 1 1 1
     464  4  4  29 1 1 1
     465  5  1  1 1 1 1
     466  5  1  2 1 1 1
     467  5  1  3 1 1 1
     468  5  1  4 1 1 1
     469  5  1  5 1 1 1
     470  5  1  6 1 1 1
     471  5  1  7 1 1 1
     472  5  1  8 1 1 1
     473  5  1  9 1 1 1
     474  5  1  10 1 1 1
     475  5  1  11 1 1 1
     476  5  1  12 1 1 1
     477  5  1  13 1 1 1
     478  5  1  14 1 1 1
     479  5  1  15 1 1 1
     480  5  1  16 1 1 1
     481  5  1  17 1 1 1
     482  5  1  18 1 1 1
     483  5  1  19 1 1 1
     484  5  1  20 1 1 1
     485  5  1  21 1 1 1
     486  5  1  22 1 1 1
     487  5  1  23 1 1 1
     488  5  1  24 1 1 1
     489  5  1  25 1 1 1
     490  5  1  26 1 1 1
     491  5  1  27 1 1 1
     492  5  1  28 1 1 1
     493  5  1  29 1 1 1
     494  5  2  1 1 1 1
     495  5  2  2 1 1 1
     496  5  2  3 1 1 1
     497  5  2  4 1 1 1
     498  5  2  5 1 1 1
     499  5  2  6 1 1 1
     500  5  2  7 1 1 1
     501  5  2  8 1 1 1
     502  5  2  9 1 1 1
     503  5  2  10 1 1 1
     504  5  2  11 1 1 1
     505  5  2  12 1 1 1
     506  5  2  13 1 1 1
     507  5  2  14 1 1 1
     508  5  2  15 1 1 1
     509  5  2  16 1 1 1
     510  5  2  17 1 1 1
     511  5  2  18 1 1 1
     512  5  2  19 1 1 1
     513  5  2  20 1 1 1
     514  5  2  21 1 1 1
     515  5  2  22 1 1 1
     516  5  2  23 1 1 1
     517  5  2  24 1 1 1
     518  5  2  25 1 1 1
     519  5  2  26 1 1 1
     520  5  2  27 1 1 1
     521  5  2  28 1 1 1
     522  5  2  29 1 1 1
     523  5  3  1 1 1 1
     524  5  3  2 1 1 1
     525  5  3  3 1 1 1
     526  5  3  4 1 1 1
     527  5  3  5 1 1 1
     528  5  3  6 1 1 1
     529  5  3  7 1 1 1
     530  5  3  8 1 1 1
     531  5  3  9 1 1 1
     532  5  3  10 1 1 1
     533  5  3  11 1 1 1
     534  5  3  12 1 1 1
     535  5  3  13 1 1 1
     536  5  3  14 1 1 1
     537  5  3  15 1 1 1
     538  5  3  16 1 1 1
     539  5  3  17 1 1 1
     540  5  3  18 1 1 1
     541  5  3  19 1 1 1
     542  5  3  20 1 1 1
     543  5  3  21 1 1 1
     544  5  3  22 1 1 1
     545  5  3  23 1 1 1
     546  5  3  24 1 1 1
     547  5  3  25 1 1 1
     548  5  3  26 1 1 1
     549  5  3  27 1 1 1
     550  5  3  28 1 1 1
     551  5  3  29 1 1 1
     552  5  4  1 1 1 1
     553  5  4  2 1 1 1
     554  5  4  3 1 1 1
     555  5  4  4 1 1 1
     556  5  4  5 1 1 1
     557  5  4  6 1 1 1
     558  5  4  7 1 1 1
     559  5  4  8 1 1 1
     560  5  4  9 1 1 1
     561  5  4  10 1 1 1
     562  5  4  11 1 1 1
     563  5  4  12 1 1 1
     564  5  4  13 1 1 1
     565  5  4  14 1 1 1
     566  5  4  15 1 1 1
     567  5  4  16 1 1 1
     568  5  4  17 1 1 1
     569  5  4  18 1 1 1
     570  5  4  19 1 1 1
     571  5  4  20 1 1 1
     572  5  4  21 1 1 1
     573  5  4  22 1 1 1
     574  5  4  23 1 1 1
     575  5  4  24 1 1 1
     576  5  4  25 1 1 1
     577  5  4  26 1 1 1
     578  5  4  27 1 1 1
     579  5  4  28 1 1 1
     580  5  4  29 1 1 1
     581  6  1  1 1 1 1
     582  6  1  2 1 1 1
     583  6  1  3 1 1 1
     584  6  1  4 1 1 1
     585  6  1  5 1 1 1
     586  6  1  6 1 1 1
     587  6  1  7 1 1 1
     588  6  1  8 1 1 1
     589  6  1  9 1 1 1
     590  6  1  10 1 1 1
     591  6  1  11 1 1 1
     592  6  1  12 1 1 1
     593  6  1  13 1 1 1
     594  6  1  14 1 1 1
     595  6  1  15 1 1 1
     596  6  1  16 1 1 1
     597  6  1  17 1 1 1
     598  6  1  18 1 1 1
     599  6  1  19 1 1 1
     600  6  1  20 1 1 1
     601  6  1  21 1 1 1
     602  6  1  22 1 1 1
     603  6  1  23 1 1 1
     604  6  1  24 1 1 1
     605  6  1  25 1 1 1
     606  6  1  26 1 1 1
     607  6  1  27 1 1 1
     608  6  1  28 1 1 1
     609  6  1  29 1 1 1
     610  6  2  1 1 1 1
     611  6  2  2 1 1 1
     612  6  2  3 1 1 1
     613  6  2  4 1 1 1
     614  6  2  5 1 1 1
     615  6  2  6 1 1 1
     616  6  2  7 1 1 1
     617  6  2  8 1 1 1
     618  6  2  9 1 1 1
     619  6  2  10 1 1 1
     620  6  2  11 1 1 1
     621  6  2  12 1 1 1
     622  6  2  13 1 1 1
     623  6  2  14 1 1 1
     624  6  2  15 1 1 1
     625  6  2  16 1 1 1
     626  6  2  17 1 1 1
     627  6  2  18 1 1 1
     628  6  2  19 1 1 1
     629  6  2  20 1 1 1
     630  6  2  21 1 1 1
     631  6  2  22 1 1 1
     632  6  2  23 1 1 1
     633  6  2  24 1 1 1
     634  6  2  25 1 1 1
     635  6  2  26 1 1 1
     636  6  2  27 1 1 1
     637  6  2  28 1 1 1
     638  6  2  29 1 1 1
     639  6  3  1 1 1 1
     640  6  3  2 1 1 1
     641  6  3  3 1 1 1
     642  6  3  4 1 1 1
     643  6  3  5 1 1 1
     644  6  3  6 1 1 1
     645  6  3  7 1 1 1
     646  6  3  8 1 1 1
     647  6  3  9 1 1 1
     648  6  3  10 1 1 1
     649  6  3  11 1 1 1
     650  6  3  12 1 1 1
     651  6  3  13 1 1 1
     652  6  3  14 1 1 1
     653  6  3  15 1 1 1
     654  6  3  16 1 1 1
     655  6  3  17 1 1 1
     656  6  3  18 1 1 1
     657  6  3  19 1 1 1
     658  6  3  20 1 1 1
     659  6  3  21 1 1 1
     660  6  3  22 1 1 1
     661  6  3  23 1 1 1
     662  6  3  24 1 1 1
     663  6  3  25 1 1 1
     664  6  3  26 1 1 1
     665  6  3  27 1 1 1
     666  6  3  28 1 1 1
     667  6  3  29 1 1 1
     668  6  4  1 1 1 1
     669  6  4  2 1 1 1
     670  6  4  3 1 1 1
     671  6  4  4 1 1 1
     672  6  4  5 1 1 1
     673  6  4  6 1 1 1
     674  6  4  7 1 1 1
     675  6  4  8 1 1 1
     676  6  4  9 1 1 1
     677  6  4  10 1 1 1
     678  6  4  11 1 1 1
     679  6  4  12 1 1 1
     680  6  4  13 1 1 1
     681  6  4  14 1 1 1
     682  6  4  15 1 1 1
     683  6  4  16 1 1 1
     684  6  4  17 1 1 1
     685  6  4  18 1 1 1
     686  6  4  19 1 1 1
     687  6  4  20 1 1 1
     688  6  4  21 1 1 1
     689  6  4  22 1 1 1
     690  6  4  23 1 1 1
     691  6  4  24 1 1 1
     692  6  4  25 1 1 1
     693  6  4  26 1 1 1
     694  6  4  27 1 1 1
     695  6  4  28 1 1 1
     696  6  4  29 1 1 1
     697  7  1  1 1 1 1
     698  7  1  2 1 1 1
     699  7  1  3 1 1 1
     700  7  1  4 1 1 1
     701  7  1  5 1 1 1
     702  7  1  6 1 1 1
     703  7  1  7 1 1 1
     704  7  1  8 1 1 1
     705  7  1  9 1 1 1
     706  7  1  10 1 1 1
     707  7  1  11 1 1 1
     708  7  1  12 1 1 1
     709  7  1  13 1 1 1
     710  7  1  14 1 1 1
     711  7  1  15 1 1 1
     712  7  1  16 1 1 1
     713  7  1  17 1 1 1
     714  7  1  18 1 1 1
     715  7  1  19 1 1 1
     716  7  1  20 1 1 1
     717  7  1  21 1 1 1
     718  7  1  22 1 1 1
     719  7  1  23 1 1 1
     720  7  1  24 1 1 1
     721  7  1  25 1 1 1
     722  7  1  26 1 1 1
     723  7  1  27 1 1 1
     724  7  1  28 1 1 1
     725  7  1  29 1 1 1
     726  7  2  1 1 1 1
     727  7  2  2 1 1 1
     728  7  2  3 1 1 1
     729  7  2  4 1 1 1
     730  7  2  5 1 1 1
     731  7  2  6 1 1 1
     732  7  2  7 1 1 1
     733  7  2  8 1 1 1
     734  7  2  9 1 1 1
     735  7  2  10 1 1 1
     736  7  2  11 1 1 1
     737  7  2  12 1 1 1
     738  7  2  13 1 1 1
     739  7  2  14 1 1 1
     740  7  2  15 1 1 1
     741  7  2  16 1 1 1
     742  7  2  17 1 1 1
     743  7  2  18 1 1 1
     744  7  2  19 1 1 1
     745  7  2  20 1 1 1
     746  7  2  21 1 1 1
     747  7  2  22 1 1 1
     748  7  2  23 1 1 1
     749  7  2  24 1 1 1
     750  7  2  25 1 1 1
     751  7  2  26 1 1 1
     752  7  2  27 1 1 1
     753  7  2  28 1 1 1
     754  7  2  29 1 1 1
     755  7  3  1 1 1 1
     756  7  3  2 1 1 1
     757  7  3  3 1 1 1
     758  7  3  4 1 1 1
     759  7  3  5 1 1 1
     760  7  3  6 1 1 1
     761  7  3  7 1 1 1
     762  7  3  8 1 1 1
     763  7  3  9 1 1 1
     764  7  3  10 1 1 1
     765  7  3  11 1 1 1
     766  7  3  12 1 1 1
     767  7  3  13 1 1 1
     768  7  3  14 1 1 1
     769  7  3  15 1 1 1
     770  7  3  16 1 1 1
     771  7  3  17 1 1 1
     772  7  3  18 1 1 1
     773  7  3  19 1 1 1
     774  7  3  20 1 1 1
     775  7  3  21 1 1 1
     776  7  3  22 1 1 1
     777  7  3  23 1 1 1
     778  7  3  24 1 1 1
     779  7  3  25 1 1 1
     780  7  3  26 1 1 1
     781  7  3  27 1 1 1
     782  7  3  28 1 1 1
     783  7  3  29 1 1 1
     784  7  4  1 1 1 1
     785  7  4  2 1 1 1
     786  7  4  3 1 1 1
     787  7  4  4 1 1 1
     788  7  4  5 1 1 1
     789  7  4  6 1 1 1
     790  7  4  7 1 1 1
     791  7  4  8 1 1 1
     792  7  4  9 1 1 1
     793  7  4  10 1 1 1
     794  7  4  11 1 1 1
     795  7  4  12 1 1 1
     796  7  4  13 1 1 1
     797  7  4  14 1 1 1
     798  7  4  15 1 1 1
     799  7  4  16 1 1 1
     800  7  4  17 1 1 1
     801  7  4  18 1 1 1
     802  7  4  19 1 1 1
     803  7  4  20 1 1 1
     804  7  4  21 1 1 1
     805  7  4  22 1 1 1
     806  7  4  23 1 1 1
     807  7  4  24 1 1 1
     808  7  4  25 1 1 1
     809  7  4  26 1 1 1
     810  7  4  27 1 1 1
     811  7  4  28 1 1 1
     812  7  4  29 1 1 1
     813  8  1  1 1 1 1
     814  8  1  2 1 1 1
     815  8  1  3 1 1 1
     816  8  1  4 1 1 1
     817  8  1  5 1 1 1
     818  8  1  6 1 1 1
     819  8  1  7 1 1 1
     820  8  1  8 1 1 1
     821  8  1  9 1 1 1
     822  8  1  10 1 1 1
     823  8  1  11 1 1 1
     824  8  1  12 1 1 1
     825  8  1  13 1 1 1
     826  8  1  14 1 1 1
     827  8  1  15 1 1 1
     828  8  1  16 1 1 1
     829  8  1  17 1 1 1
     830  8  1  18 1 1 1
     831  8  1  19 1 1 1
     832  8  1  20 1 1 1
     833  8  1  21 1 1 1
     834  8  1  22 1 1 1
     835  8  1  23 1 1 1
     836  8  1  24 1 1 1
     837  8  1  25 1 1 1
     838  8  1  26 1 1 1
     839  8  1  27 1 1 1
     840  8  1  28 1 1 1
     841  8  1  29 1 1 1
     842  8  2  1 1 1 1
     843  8  2  2 1 1 1
     844  8  2  3 1 1 1
     845  8  2  4 1 1 1
     846  8  2  5 1 1 1
     847  8  2  6 1 1 1
     848  8  2  7 1 1 1
     849  8  2  8 1 1 1
     850  8  2  9 1 1 1
     851  8  2  10 1 1 1
     852  8  2  11 1 1 1
     853  8  2  12 1 1 1
     854  8  2  13 1 1 1
     855  8  2  14 1 1 1
     856  8  2  15 1 1 1
     857  8  2  16 1 1 1
     858  8  2  17 1 1 1
     859  8  2  18 1 1 1
     860  8  2  19 1 1 1
     861  8  2  20 1 1 1
     862  8  2  21 1 1 1
     863  8  2  22 1 1 1
     864  8  2  23 1 1 1
     865  8  2  24 1 1 1
     866  8  2  25 1 1 1
     867  8  2  26 1 1 1
     868  8  2  27 1 1 1
     869  8  2  28 1 1 1
     870  8  2  29 1 1 1
     871  8  3  1 1 1 1
     872  8  3  2 1 1 1
     873  8  3  3 1 1 1
     874  8  3  4 1 1 1
     875  8  3  5 1 1 1
     876  8  3  6 1 1 1
     877  8  3  7 1 1 1
     878  8  3  8 1 1 1
     879  8  3  9 1 1 1
     880  8  3  10 1 1 1
     881  8  3  11 1 1 1
     882  8  3  12 1 1 1
     883  8  3  13 1 1 1
     884  8  3  14 1 1 1
     885  8  3  15 1 1 1
     886  8  3  16 1 1 1
     887  8  3  17 1 1 1
     888  8  3  18 1 1 1
     889  8  3  19 1 1 1
     890  8  3  20 1 1 1
     891  8  3  21 1 1 1
     892  8  3  22 1 1 1
     893  8  3  23 1 1 1
     894  8  3  24 1 1 1
     895  8  3  25 1 1 1
     896  8  3  26 1 1 1
     897  8  3  27 1 1 1
     898  8  3  28 1 1 1
     899  8  3  29 1 1 1
     900  8  4  1 1 1 1
     901  8  4  2 1 1 1
     902  8  4  3 1 1 1
     903  8  4  4 1 1 1
     904  8  4  5 1 1 1
     905  8  4  6 1 1 1
     906  8  4  7 1 1 1
     907  8  4  8 1 1 1
     908  8  4  9 1 1 1
     909  8  4  10 1 1 1
     910  8  4  11 1 1 1
     911  8  4  12 1 1 1
     912  8  4  13 1 1 1
     913  8  4  14 1 1 1
     914  8  4  15 1 1 1
     915  8  4  16 1 1 1
     916  8  4  17 1 1 1
     917  8  4  18 1 1 1
     918  8  4  19 1 1 1
     919  8  4  20 1 1 1
     920  8  4  21 1 1 1
     921  8  4  22 1 1 1
     922  8  4  23 1 1 1
     923  8  4  24 1 1 1
     924  8  4  25 1 1 1
     925  8  4  26 1 1 1
     926  8  4  27 1 1 1
     927  8  4  28 1 1 1
     928  8  4  29 1 1 1
     929  9  1  1 1 1 1
     930  9  1  2 1 1 1
     931  9  1  3 1 1 1
     932  9  1  4 1 1 1
     933  9  1  5 1 1 1
     934  9  1  6 1 1 1
     935  9  1  7 1 1 1
     936  9  1  8 1 1 1
     937  9  1  9 1 1 1
     938  9  1  10 1 1 1
     939  9  1  11 1 1 1
     940  9  1  12 1 1 1
     941  9  1  13 1 1 1
     942  9  1  14 1 1 1
     943  9  1  15 1 1 1
     944  9  1  16 1 1 1
     945  9  1  17 1 1 1
     946  9  1  18 1 1 1
     947  9  1  19 1 1 1
     948  9  1  20 1 1 1
     949  9  1  21 1 1 1
     950  9  1  22 1 1 1
     951  9  1  23 1 1 1
     952  9  1  24 1 1 1
     953  9  1  25 1 1 1
     954  9  1  26 1 1 1
     955  9  1  27 1 1 1
     956  9  1  28 1 1 1
     957  9  1  29 1 1 1
     958  9  2  1 1 1 1
     959  9  2  2 1 1 1
     960  9  2  3 1 1 1
     961  9  2  4 1 1 1
     962  9  2  5 1 1 1
     963  9  2  6 1 1 1
     964  9  2  7 1 1 1
     965  9  2  8 1 1 1
     966  9  2  9 1 1 1
     967  9  2  10 1 1 1
     968  9  2  11 1 1 1
     969  9  2  12 1 1 1
     970  9  2  13 1 1 1
     971  9  2  14 1 1 1
     972  9  2  15 1 1 1
     973  9  2  16 1 1 1
     974  9  2  17 1 1 1
     975  9  2  18 1 1 1
     976  9  2  19 1 1 1
     977  9  2  20 1 1 1
     978  9  2  21 1 1 1
     979  9  2  22 1 1 1
     980  9  2  23 1 1 1
     981  9  2  24 1 1 1
     982  9  2  25 1 1 1
     983  9  2  26 1 1 1
     984  9  2  27 1 1 1
     985  9  2  28 1 1 1
     986  9  2  29 1 1 1
     987  9  3  1 1 1 1
     988  9  3  2 1 1 1
     989  9  3  3 1 1 1
     990  9  3  4 1 1 1
     991  9  3  5 1 1 1
     992  9  3  6 1 1 1
     993  9  3  7 1 1 1
     994  9  3  8 1 1 1
     995  9  3  9 1 1 1
     996  9  3  10 1 1 1
     997  9  3  11 1 1 1
     998  9  3  12 1 1 1
     999  9  3  13 1 1 1
     1000  9  3  14 1 1 1
     1001  9  3  15 1 1 1
     1002  9  3  16 1 1 1
     1003  9  3  17 1 1 1
     1004  9  3  18 1 1 1
     1005  9  3  19 1 1 1
     1006  9  3  20 1 1 1
     1007  9  3  21 1 1 1
     1008  9  3  22 1 1 1
     1009  9  3  23 1 1 1
     1010  9  3  24 1 1 1
     1011  9  3  25 1 1 1
     1012  9  3  26 1 1 1
     1013  9  3  27 1 1 1
     1014  9  3  28 1 1 1
     1015  9  3  29 1 1 1
     1016  9  4  1 1 1 1
     1017  9  4  2 1 1 1
     1018  9  4  3 1 1 1
     1019  9  4  4 1 1 1
     1020  9  4  5 1 1 1
     1021  9  4  6 1 1 1
     1022  9  4  7 1 1 1
     1023  9  4  8 1 1 1
     1024  9  4  9 1 1 1
     1025  9  4  10 1 1 1
     1026  9  4  11 1 1 1
     1027  9  4  12 1 1 1
     1028  9  4  13 1 1 1
     1029  9  4  14 1 1 1
     1030  9  4  15 1 1 1
     1031  9  4  16 1 1 1
     1032  9  4  17 1 1 1
     1033  9  4  18 1 1 1
     1034  9  4  19 1 1 1
     1035  9  4  20 1 1 1
     1036  9  4  21 1 1 1
     1037  9  4  22 1 1 1
     1038  9  4  23 1 1 1
     1039  9  4  24 1 1 1
     1040  9  4  25 1 1 1
     1041  9  4  26 1 1 1
     1042  9  4  27 1 1 1
     1043  9  4  28 1 1 1
     1044  9  4  29 1 1 1
     1045  10  1  1 1 1 1
     1046  10  1  2 1 1 1
     1047  10  1  3 1 1 1
     1048  10  1  4 1 1 1
     1049  10  1  5 1 1 1
     1050  10  1  6 1 1 1
     1051  10  1  7 1 1 1
     1052  10  1  8 1 1 1
     1053  10  1  9 1 1 1
     1054  10  1  10 1 1 1
     1055  10  1  11 1 1 1
     1056  10  1  12 1 1 1
     1057  10  1  13 1 1 1
     1058  10  1  14 1 1 1
     1059  10  1  15 1 1 1
     1060  10  1  16 1 1 1
     1061  10  1  17 1 1 1
     1062  10  1  18 1 1 1
     1063  10  1  19 1 1 1
     1064  10  1  20 1 1 1
     1065  10  1  21 1 1 1
     1066  10  1  22 1 1 1
     1067  10  1  23 1 1 1
     1068  10  1  24 1 1 1
     1069  10  1  25 1 1 1
     1070  10  1  26 1 1 1
     1071  10  1  27 1 1 1
     1072  10  1  28 1 1 1
     1073  10  1  29 1 1 1
     1074  10  2  1 1 1 1
     1075  10  2  2 1 1 1
     1076  10  2  3 1 1 1
     1077  10  2  4 1 1 1
     1078  10  2  5 1 1 1
     1079  10  2  6 1 1 1
     1080  10  2  7 1 1 1
     1081  10  2  8 1 1 1
     1082  10  2  9 1 1 1
     1083  10  2  10 1 1 1
     1084  10  2  11 1 1 1
     1085  10  2  12 1 1 1
     1086  10  2  13 1 1 1
     1087  10  2  14 1 1 1
     1088  10  2  15 1 1 1
     1089  10  2  16 1 1 1
     1090  10  2  17 1 1 1
     1091  10  2  18 1 1 1
     1092  10  2  19 1 1 1
     1093  10  2  20 1 1 1
     1094  10  2  21 1 1 1
     1095  10  2  22 1 1 1
     1096  10  2  23 1 1 1
     1097  10  2  24 1 1 1
     1098  10  2  25 1 1 1
     1099  10  2  26 1 1 1
     1100  10  2  27 1 1 1
     1101  10  2  28 1 1 1
     1102  10  2  29 1 1 1
     1103  10  3  1 1 1 1
     1104  10  3  2 1 1 1
     1105  10  3  3 1 1 1
     1106  10  3  4 1 1 1
     1107  10  3  5 1 1 1
     1108  10  3  6 1 1 1
     1109  10  3  7 1 1 1
     1110  10  3  8 1 1 1
     1111  10  3  9 1 1 1
     1112  10  3  10 1 1 1
     1113  10  3  11 1 1 1
     1114  10  3  12 1 1 1
     1115  10  3  13 1 1 1
     1116  10  3  14 1 1 1
     1117  10  3  15 1 1 1
     1118  10  3  16 1 1 1
     1119  10  3  17 1 1 1
     1120  10  3  18 1 1 1
     1121  10  3  19 1 1 1
     1122  10  3  20 1 1 1
     1123  10  3  21 1 1 1
     1124  10  3  22 1 1 1
     1125  10  3  23 1 1 1
     1126  10  3  24 1 1 1
     1127  10  3  25 1 1 1
     1128  10  3  26 1 1 1
     1129  10  3  27 1 1 1
     1130  10  3  28 1 1 1
     1131  10  3  29 1 1 1
     1132  10  4  1 1 1 1
     1133  10  4  2 1 1 1
     1134  10  4  3 1 1 1
     1135  10  4  4 1 1 1
     1136  10  4  5 1 1 1
     1137  10  4  6 1 1 1
     1138  10  4  7 1 1 1
     1139  10  4  8 1 1 1
     1140  10  4  9 1 1 1
     1141  10  4  10 1 1 1
     1142  10  4  11 1 1 1
     1143  10  4  12 1 1 1
     1144  10  4  13 1 1 1
     1145  10  4  14 1 1 1
     1146  10  4  15 1 1 1
     1147  10  4  16 1 1 1
     1148  10  4  17 1 1 1
     1149  10  4  18 1 1 1
     1150  10  4  19 1 1 1
     1151  10  4  20 1 1 1
     1152  10  4  21 1 1 1
     1153  10  4  22 1 1 1
     1154  10  4  23 1 1 1
     1155  10  4  24 1 1 1
     1156  10  4  25 1 1 1
     1157  10  4  26 1 1 1
     1158  10  4  27 1 1 1
     1159  10  4  28 1 1 1
     1160  10  4  29 1 1 1
     1161  11  1  1 1 1 1
     1162  11  1  2 1 1 1
     1163  11  1  3 1 1 1
     1164  11  1  4 1 1 1
     1165  11  1  5 1 1 1
     1166  11  1  6 1 1 1
     1167  11  1  7 1 1 1
     1168  11  1  8 1 1 1
     1169  11  1  9 1 1 1
     1170  11  1  10 1 1 1
     1171  11  1  11 1 1 1
     1172  11  1  12 1 1 1
     1173  11  1  13 1 1 1
     1174  11  1  14 1 1 1
     1175  11  1  15 1 1 1
     1176  11  1  16 1 1 1
     1177  11  1  17 1 1 1
     1178  11  1  18 1 1 1
     1179  11  1  19 1 1 1
     1180  11  1  20 1 1 1
     1181  11  1  21 1 1 1
     1182  11  1  22 1 1 1
     1183  11  1  23 1 1 1
     1184  11  1  24 1 1 1
     1185  11  1  25 1 1 1
     1186  11  1  26 1 1 1
     1187  11  1  27 1 1 1
     1188  11  1  28 1 1 1
     1189  11  1  29 1 1 1
     1190  11  2  1 1 1 1
     1191  11  2  2 1 1 1
     1192  11  2  3 1 1 1
     1193  11  2  4 1 1 1
     1194  11  2  5 1 1 1
     1195  11  2  6 1 1 1
     1196  11  2  7 1 1 1
     1197  11  2  8 1 1 1
     1198  11  2  9 1 1 1
     1199  11  2  10 1 1 1
     1200  11  2  11 1 1 1
     1201  11  2  12 1 1 1
     1202  11  2  13 1 1 1
     1203  11  2  14 1 1 1
     1204  11  2  15 1 1 1
     1205  11  2  16 1 1 1
     1206  11  2  17 1 1 1
     1207  11  2  18 1 1 1
     1208  11  2  19 1 1 1
     1209  11  2  20 1 1 1
     1210  11  2  21 1 1 1
     1211  11  2  22 1 1 1
     1212  11  2  23 1 1 1
     1213  11  2  24 1 1 1
     1214  11  2  25 1 1 1
     1215  11  2  26 1 1 1
     1216  11  2  27 1 1 1
     1217  11  2  28 1 1 1
     1218  11  2  29 1 1 1
     1219  11  3  1 1 1 1
     1220  11  3  2 1 1 1
     1221  11  3  3 1 1 1
     1222  11  3  4 1 1 1
     1223  11  3  5 1 1 1
     1224  11  3  6 1 1 1
     1225  11  3  7 1 1 1
     1226  11  3  8 1 1 1
     1227  11  3  9 1 1 1
     1228  11  3  10 1 1 1
     1229  11  3  11 1 1 1
     1230  11  3  12 1 1 1
     1231  11  3  13 1 1 1
     1232  11  3  14 1 1 1
     1233  11  3  15 1 1 1
     1234  11  3  16 1 1 1
     1235  11  3  17 1 1 1
     1236  11  3  18 1 1 1
     1237  11  3  19 1 1 1
     1238  11  3  20 1 1 1
     1239  11  3  21 1 1 1
     1240  11  3  22 1 1 1
     1241  11  3  23 1 1 1
     1242  11  3  24 1 1 1
     1243  11  3  25 1 1 1
     1244  11  3  26 1 1 1
     1245  11  3  27 1 1 1
     1246  11  3  28 1 1 1
     1247  11  3  29 1 1 1
     1248  11  4  1 1 1 1
     1249  11  4  2 1 1 1
     1250  11  4  3 1 1 1
     1251  11  4  4 1 1 1
     1252  11  4  5 1 1 1
     1253  11  4  6 1 1 1
     1254  11  4  7 1 1 1
     1255  11  4  8 1 1 1
     1256  11  4  9 1 1 1
     1257  11  4  10 1 1 1
     1258  11  4  11 1 1 1
     1259  11  4  12 1 1 1
     1260  11  4  13 1 1 1
     1261  11  4  14 1 1 1
     1262  11  4  15 1 1 1
     1263  11  4  16 1 1 1
     1264  11  4  17 1 1 1
     1265  11  4  18 1 1 1
     1266  11  4  19 1 1 1
     1267  11  4  20 1 1 1
     1268  11  4  21 1 1 1
     1269  11  4  22 1 1 1
     1270  11  4  23 1 1 1
     1271  11  4  24 1 1 1
     1272  11  4  25 1 1 1
     1273  11  4  26 1 1 1
     1274  11  4  27 1 1 1
     1275  11  4  28 1 1 1
     1276  11  4  29 1 1 1
     1277  12  1  1 1 1 1
     1278  12  1  2 1 1 1
     1279  12  1  3 1 1 1
     1280  12  1  4 1 1 1
     1281  12  1  5 1 1 1
     1282  12  1  6 1 1 1
     1283  12  1  7 1 1 1
     1284  12  1  8 1 1 1
     1285  12  1  9 1 1 1
     1286  12  1  10 1 1 1
     1287  12  1  11 1 1 1
     1288  12  1  12 1 1 1
     1289  12  1  13 1 1 1
     1290  12  1  14 1 1 1
     1291  12  1  15 1 1 1
     1292  12  1  16 1 1 1
     1293  12  1  17 1 1 1
     1294  12  1  18 1 1 1
     1295  12  1  19 1 1 1
     1296  12  1  20 1 1 1
     1297  12  1  21 1 1 1
     1298  12  1  22 1 1 1
     1299  12  1  23 1 1 1
     1300  12  1  24 1 1 1
     1301  12  1  25 1 1 1
     1302  12  1  26 1 1 1
     1303  12  1  27 1 1 1
     1304  12  1  28 1 1 1
     1305  12  1  29 1 1 1
     1306  12  2  1 1 1 1
     1307  12  2  2 1 1 1
     1308  12  2  3 1 1 1
     1309  12  2  4 1 1 1
     1310  12  2  5 1 1 1
     1311  12  2  6 1 1 1
     1312  12  2  7 1 1 1
     1313  12  2  8 1 1 1
     1314  12  2  9 1 1 1
     1315  12  2  10 1 1 1
     1316  12  2  11 1 1 1
     1317  12  2  12 1 1 1
     1318  12  2  13 1 1 1
     1319  12  2  14 1 1 1
     1320  12  2  15 1 1 1
     1321  12  2  16 1 1 1
     1322  12  2  17 1 1 1
     1323  12  2  18 1 1 1
     1324  12  2  19 1 1 1
     1325  12  2  20 1 1 1
     1326  12  2  21 1 1 1
     1327  12  2  22 1 1 1
     1328  12  2  23 1 1 1
     1329  12  2  24 1 1 1
     1330  12  2  25 1 1 1
     1331  12  2  26 1 1 1
     1332  12  2  27 1 1 1
     1333  12  2  28 1 1 1
     1334  12  2  29 1 1 1
     1335  12  3  1 1 1 1
     1336  12  3  2 1 1 1
     1337  12  3  3 1 1 1
     1338  12  3  4 1 1 1
     1339  12  3  5 1 1 1
     1340  12  3  6 1 1 1
     1341  12  3  7 1 1 1
     1342  12  3  8 1 1 1
     1343  12  3  9 1 1 1
     1344  12  3  10 1 1 1
     1345  12  3  11 1 1 1
     1346  12  3  12 1 1 1
     1347  12  3  13 1 1 1
     1348  12  3  14 1 1 1
     1349  12  3  15 1 1 1
     1350  12  3  16 1 1 1
     1351  12  3  17 1 1 1
     1352  12  3  18 1 1 1
     1353  12  3  19 1 1 1
     1354  12  3  20 1 1 1
     1355  12  3  21 1 1 1
     1356  12  3  22 1 1 1
     1357  12  3  23 1 1 1
     1358  12  3  24 1 1 1
     1359  12  3  25 1 1 1
     1360  12  3  26 1 1 1
     1361  12  3  27 1 1 1
     1362  12  3  28 1 1 1
     1363  12  3  29 1 1 1
     1364  12  4  1 1 1 1
     1365  12  4  2 1 1 1
     1366  12  4  3 1 1 1
     1367  12  4  4 1 1 1
     1368  12  4  5 1 1 1
     1369  12  4  6 1 1 1
     1370  12  4  7 1 1 1
     1371  12  4  8 1 1 1
     1372  12  4  9 1 1 1
     1373  12  4  10 1 1 1
     1374  12  4  11 1 1 1
     1375  12  4  12 1 1 1
     1376  12  4  13 1 1 1
     1377  12  4  14 1 1 1
     1378  12  4  15 1 1 1
     1379  12  4  16 1 1 1
     1380  12  4  17 1 1 1
     1381  12  4  18 1 1 1
     1382  12  4  19 1 1 1
     1383  12  4  20 1 1 1
     1384  12  4  21 1 1 1
     1385  12  4  22 1 1 1
     1386  12  4  23 1 1 1
     1387  12  4  24 1 1 1
     1388  12  4  25 1 1 1
     1389  12  4  26 1 1 1
     1390  12  4  27 1 1 1
     1391  12  4  28 1 1 1
     1392  12  4  29 1 1 1
     1393  13  1  1 1 1 1
     1394  13  1  2 1 1 1
     1395  13  1  3 1 1 1
     1396  13  1  4 1 1 1
     1397  13  1  5 1 1 1
     1398  13  1  6 1 1 1
     1399  13  1  7 1 1 1
     1400  13  1  8 1 1 1
     1401  13  1  9 1 1 1
     1402  13  1  10 1 1 1
     1403  13  1  11 1 1 1
     1404  13  1  12 1 1 1
     1405  13  1  13 1 1 1
     1406  13  1  14 1 1 1
     1407  13  1  15 1 1 1
     1408  13  1  16 1 1 1
     1409  13  1  17 1 1 1
     1410  13  1  18 1 1 1
     1411  13  1  19 1 1 1
     1412  13  1  20 1 1 1
     1413  13  1  21 1 1 1
     1414  13  1  22 1 1 1
     1415  13  1  23 1 1 1
     1416  13  1  24 1 1 1
     1417  13  1  25 1 1 1
     1418  13  1  26 1 1 1
     1419  13  1  27 1 1 1
     1420  13  1  28 1 1 1
     1421  13  1  29 1 1 1
     1422  13  2  1 1 1 1
     1423  13  2  2 1 1 1
     1424  13  2  3 1 1 1
     1425  13  2  4 1 1 1
     1426  13  2  5 1 1 1
     1427  13  2  6 1 1 1
     1428  13  2  7 1 1 1
     1429  13  2  8 1 1 1
     1430  13  2  9 1 1 1
     1431  13  2  10 1 1 1
     1432  13  2  11 1 1 1
     1433  13  2  12 1 1 1
     1434  13  2  13 1 1 1
     1435  13  2  14 1 1 1
     1436  13  2  15 1 1 1
     1437  13  2  16 1 1 1
     1438  13  2  17 1 1 1
     1439  13  2  18 1 1 1
     1440  13  2  19 1 1 1
     1441  13  2  20 1 1 1
     1442  13  2  21 1 1 1
     1443  13  2  22 1 1 1
     1444  13  2  23 1 1 1
     1445  13  2  24 1 1 1
     1446  13  2  25 1 1 1
     1447  13  2  26 1 1 1
     1448  13  2  27 1 1 1
     1449  13  2  28 1 1 1
     1450  13  2  29 1 1 1
     1451  13  3  1 1 1 1
     1452  13  3  2 1 1 1
     1453  13  3  3 1 1 1
     1454  13  3  4 1 1 1
     1455  13  3  5 1 1 1
     1456  13  3  6 1 1 1
     1457  13  3  7 1 1 1
     1458  13  3  8 1 1 1
     1459  13  3  9 1 1 1
     1460  13  3  10 1 1 1
     1461  13  3  11 1 1 1
     1462  13  3  12 1 1 1
     1463  13  3  13 1 1 1
     1464  13  3  14 1 1 1
     1465  13  3  15 1 1 1
     1466  13  3  16 1 1 1
     1467  13  3  17 1 1 1
     1468  13  3  18 1 1 1
     1469  13  3  19 1 1 1
     1470  13  3  20 1 1 1
     1471  13  3  21 1 1 1
     1472  13  3  22 1 1 1
     1473  13  3  23 1 1 1
     1474  13  3  24 1 1 1
     1475  13  3  25 1 1 1
     1476  13  3  26 1 1 1
     1477  13  3  27 1 1 1
     1478  13  3  28 1 1 1
     1479  13  3  29 1 1 1
     1480  13  4  1 1 1 1
     1481  13  4  2 1 1 1
     1482  13  4  3 1 1 1
     1483  13  4  4 1 1 1
     1484  13  4  5 1 1 1
     1485  13  4  6 1 1 1
     1486  13  4  7 1 1 1
     1487  13  4  8 1 1 1
     1488  13  4  9 1 1 1
     1489  13  4  10 1 1 1
     1490  13  4  11 1 1 1
     1491  13  4  12 1 1 1
     1492  13  4  13 1 1 1
     1493  13  4  14 1 1 1
     1494  13  4  15 1 1 1
     1495  13  4  16 1 1 1
     1496  13  4  17 1 1 1
     1497  13  4  18 1 1 1
     1498  13  4  19 1 1 1
     1499  13  4  20 1 1 1
     1500  13  4  21 1 1 1
     1501  13  4  22 1 1 1
     1502  13  4  23 1 1 1
     1503  13  4  24 1 1 1
     1504  13  4  25 1 1 1
     1505  13  4  26 1 1 1
     1506  13  4  27 1 1 1
     1507  13  4  28 1 1 1
     1508  13  4  29 1 1 1
     1509  14  1  1 1 1 1
     1510  14  1  2 1 1 1
     1511  14  1  3 1 1 1
     1512  14  1  4 1 1 1
     1513  14  1  5 1 1 1
     1514  14  1  6 1 1 1
     1515  14  1  7 1 1 1
     1516  14  1  8 1 1 1
     1517  14  1  9 1 1 1
     1518  14  1  10 1 1 1
     1519  14  1  11 1 1 1
     1520  14  1  12 1 1 1
     1521  14  1  13 1 1 1
     1522  14  1  14 1 1 1
     1523  14  1  15 1 1 1
     1524  14  1  16 1 1 1
     1525  14  1  17 1 1 1
     1526  14  1  18 1 1 1
     1527  14  1  19 1 1 1
     1528  14  1  20 1 1 1
     1529  14  1  21 1 1 1
     1530  14  1  22 1 1 1
     1531  14  1  23 1 1 1
     1532  14  1  24 1 1 1
     1533  14  1  25 1 1 1
     1534  14  1  26 1 1 1
     1535  14  1  27 1 1 1
     1536  14  1  28 1 1 1
     1537  14  1  29 1 1 1
     1538  14  2  1 1 1 1
     1539  14  2  2 1 1 1
     1540  14  2  3 1 1 1
     1541  14  2  4 1 1 1
     1542  14  2  5 1 1 1
     1543  14  2  6 1 1 1
     1544  14  2  7 1 1 1
     1545  14  2  8 1 1 1
     1546  14  2  9 1 1 1
     1547  14  2  10 1 1 1
     1548  14  2  11 1 1 1
     1549  14  2  12 1 1 1
     1550  14  2  13 1 1 1
     1551  14  2  14 1 1 1
     1552  14  2  15 1 1 1
     1553  14  2  16 1 1 1
     1554  14  2  17 1 1 1
     1555  14  2  18 1 1 1
     1556  14  2  19 1 1 1
     1557  14  2  20 1 1 1
     1558  14  2  21 1 1 1
     1559  14  2  22 1 1 1
     1560  14  2  23 1 1 1
     1561  14  2  24 1 1 1
     1562  14  2  25 1 1 1
     1563  14  2  26 1 1 1
     1564  14  2  27 1 1 1
     1565  14  2  28 1 1 1
     1566  14  2  29 1 1 1
     1567  14  3  1 1 1 1
     1568  14  3  2 1 1 1
     1569  14  3  3 1 1 1
     1570  14  3  4 1 1 1
     1571  14  3  5 1 1 1
     1572  14  3  6 1 1 1
     1573  14  3  7 1 1 1
     1574  14  3  8 1 1 1
     1575  14  3  9 1 1 1
     1576  14  3  10 1 1 1
     1577  14  3  11 1 1 1
     1578  14  3  12 1 1 1
     1579  14  3  13 1 1 1
     1580  14  3  14 1 1 1
     1581  14  3  15 1 1 1
     1582  14  3  16 1 1 1
     1583  14  3  17 1 1 1
     1584  14  3  18 1 1 1
     1585  14  3  19 1 1 1
     1586  14  3  20 1 1 1
     1587  14  3  21 1 1 1
     1588  14  3  22 1 1 1
     1589  14  3  23 1 1 1
     1590  14  3  24 1 1 1
     1591  14  3  25 1 1 1
     1592  14  3  26 1 1 1
     1593  14  3  27 1 1 1
     1594  14  3  28 1 1 1
     1595  14  3  29 1 1 1
     1596  14  4  1 1 1 1
     1597  14  4  2 1 1 1
     1598  14  4  3 1 1 1
     1599  14  4  4 1 1 1
     1600  14  4  5 1 1 1
     1601  14  4  6 1 1 1
     1602  14  4  7 1 1 1
     1603  14  4  8 1 1 1
     1604  14  4  9 1 1 1
     1605  14  4  10 1 1 1
     1606  14  4  11 1 1 1
     1607  14  4  12 1 1 1
     1608  14  4  13 1 1 1
     1609  14  4  14 1 1 1
     1610  14  4  15 1 1 1
     1611  14  4  16 1 1 1
     1612  14  4  17 1 1 1
     1613  14  4  18 1 1 1
     1614  14  4  19 1 1 1
     1615  14  4  20 1 1 1
     1616  14  4  21 1 1 1
     1617  14  4  22 1 1 1
     1618  14  4  23 1 1 1
     1619  14  4  24 1 1 1
     1620  14  4  25 1 1 1
     1621  14  4  26 1 1 1
     1622  14  4  27 1 1 1
     1623  14  4  28 1 1 1
     1624  14  4  29 1 1 1
     1625  15  1  1 1 1 1
     1626  15  1  2 1 1 1
     1627  15  1  3 1 1 1
     1628  15  1  4 1 1 1
     1629  15  1  5 1 1 1
     1630  15  1  6 1 1 1
     1631  15  1  7 1 1 1
     1632  15  1  8 1 1 1
     1633  15  1  9 1 1 1
     1634  15  1  10 1 1 1
     1635  15  1  11 1 1 1
     1636  15  1  12 1 1 1
     1637  15  1  13 1 1 1
     1638  15  1  14 1 1 1
     1639  15  1  15 1 1 1
     1640  15  1  16 1 1 1
     1641  15  1  17 1 1 1
     1642  15  1  18 1 1 1
     1643  15  1  19 1 1 1
     1644  15  1  20 1 1 1
     1645  15  1  21 1 1 1
     1646  15  1  22 1 1 1
     1647  15  1  23 1 1 1
     1648  15  1  24 1 1 1
     1649  15  1  25 1 1 1
     1650  15  1  26 1 1 1
     1651  15  1  27 1 1 1
     1652  15  1  28 1 1 1
     1653  15  1  29 1 1 1
     1654  15  2  1 1 1 1
     1655  15  2  2 1 1 1
     1656  15  2  3 1 1 1
     1657  15  2  4 1 1 1
     1658  15  2  5 1 1 1
     1659  15  2  6 1 1 1
     1660  15  2  7 1 1 1
     1661  15  2  8 1 1 1
     1662  15  2  9 1 1 1
     1663  15  2  10 1 1 1
     1664  15  2  11 1 1 1
     1665  15  2  12 1 1 1
     1666  15  2  13 1 1 1
     1667  15  2  14 1 1 1
     1668  15  2  15 1 1 1
     1669  15  2  16 1 1 1
     1670  15  2  17 1 1 1
     1671  15  2  18 1 1 1
     1672  15  2  19 1 1 1
     1673  15  2  20 1 1 1
     1674  15  2  21 1 1 1
     1675  15  2  22 1 1 1
     1676  15  2  23 1 1 1
     1677  15  2  24 1 1 1
     1678  15  2  25 1 1 1
     1679  15  2  26 1 1 1
     1680  15  2  27 1 1 1
     1681  15  2  28 1 1 1
     1682  15  2  29 1 1 1
     1683  15  3  1 1 1 1
     1684  15  3  2 1 1 1
     1685  15  3  3 1 1 1
     1686  15  3  4 1 1 1
     1687  15  3  5 1 1 1
     1688  15  3  6 1 1 1
     1689  15  3  7 1 1 1
     1690  15  3  8 1 1 1
     1691  15  3  9 1 1 1
     1692  15  3  10 1 1 1
     1693  15  3  11 1 1 1
     1694  15  3  12 1 1 1
     1695  15  3  13 1 1 1
     1696  15  3  14 1 1 1
     1697  15  3  15 1 1 1
     1698  15  3  16 1 1 1
     1699  15  3  17 1 1 1
     1700  15  3  18 1 1 1
     1701  15  3  19 1 1 1
     1702  15  3  20 1 1 1
     1703  15  3  21 1 1 1
     1704  15  3  22 1 1 1
     1705  15  3  23 1 1 1
     1706  15  3  24 1 1 1
     1707  15  3  25 1 1 1
     1708  15  3  26 1 1 1
     1709  15  3  27 1 1 1
     1710  15  3  28 1 1 1
     1711  15  3  29 1 1 1
     1712  15  4  1 1 1 1
     1713  15  4  2 1 1 1
     1714  15  4  3 1 1 1
     1715  15  4  4 1 1 1
     1716  15  4  5 1 1 1
     1717  15  4  6 1 1 1
     1718  15  4  7 1 1 1
     1719  15  4  8 1 1 1
     1720  15  4  9 1 1 1
     1721  15  4  10 1 1 1
     1722  15  4  11 1 1 1
     1723  15  4  12 1 1 1
     1724  15  4  13 1 1 1
     1725  15  4  14 1 1 1
     1726  15  4  15 1 1 1
     1727  15  4  16 1 1 1
     1728  15  4  17 1 1 1
     1729  15  4  18 1 1 1
     1730  15  4  19 1 1 1
     1731  15  4  20 1 1 1
     1732  15  4  21 1 1 1
     1733  15  4  22 1 1 1
     1734  15  4  23 1 1 1
     1735  15  4  24 1 1 1
     1736  15  4  25 1 1 1
     1737  15  4  26 1 1 1
     1738  15  4  27 1 1 1
     1739  15  4  28 1 1 1
     1740  15  4  29 1 1 1
     1741  16  1  1 1 1 1
     1742  16  1  2 1 1 1
     1743  16  1  3 1 1 1
     1744  16  1  4 1 1 1
     1745  16  1  5 1 1 1
     1746  16  1  6 1 1 1
     1747  16  1  7 1 1 1
     1748  16  1  8 1 1 1
     1749  16  1  9 1 1 1
     1750  16  1  10 1 1 1
     1751  16  1  11 1 1 1
     1752  16  1  12 1 1 1
     1753  16  1  13 1 1 1
     1754  16  1  14 1 1 1
     1755  16  1  15 1 1 1
     1756  16  1  16 1 1 1
     1757  16  1  17 1 1 1
     1758  16  1  18 1 1 1
     1759  16  1  19 1 1 1
     1760  16  1  20 1 1 1
     1761  16  1  21 1 1 1
     1762  16  1  22 1 1 1
     1763  16  1  23 1 1 1
     1764  16  1  24 1 1 1
     1765  16  1  25 1 1 1
     1766  16  1  26 1 1 1
     1767  16  1  27 1 1 1
     1768  16  1  28 1 1 1
     1769  16  1  29 1 1 1
     1770  16  2  1 1 1 1
     1771  16  2  2 1 1 1
     1772  16  2  3 1 1 1
     1773  16  2  4 1 1 1
     1774  16  2  5 1 1 1
     1775  16  2  6 1 1 1
     1776  16  2  7 1 1 1
     1777  16  2  8 1 1 1
     1778  16  2  9 1 1 1
     1779  16  2  10 1 1 1
     1780  16  2  11 1 1 1
     1781  16  2  12 1 1 1
     1782  16  2  13 1 1 1
     1783  16  2  14 1 1 1
     1784  16  2  15 1 1 1
     1785  16  2  16 1 1 1
     1786  16  2  17 1 1 1
     1787  16  2  18 1 1 1
     1788  16  2  19 1 1 1
     1789  16  2  20 1 1 1
     1790  16  2  21 1 1 1
     1791  16  2  22 1 1 1
     1792  16  2  23 1 1 1
     1793  16  2  24 1 1 1
     1794  16  2  25 1 1 1
     1795  16  2  26 1 1 1
     1796  16  2  27 1 1 1
     1797  16  2  28 1 1 1
     1798  16  2  29 1 1 1
     1799  16  3  1 1 1 1
     1800  16  3  2 1 1 1
     1801  16  3  3 1 1 1
     1802  16  3  4 1 1 1
     1803  16  3  5 1 1 1
     1804  16  3  6 1 1 1
     1805  16  3  7 1 1 1
     1806  16  3  8 1 1 1
     1807  16  3  9 1 1 1
     1808  16  3  10 1 1 1
     1809  16  3  11 1 1 1
     1810  16  3  12 1 1 1
     1811  16  3  13 1 1 1
     1812  16  3  14 1 1 1
     1813  16  3  15 1 1 1
     1814  16  3  16 1 1 1
     1815  16  3  17 1 1 1
     1816  16  3  18 1 1 1
     1817  16  3  19 1 1 1
     1818  16  3  20 1 1 1
     1819  16  3  21 1 1 1
     1820  16  3  22 1 1 1
     1821  16  3  23 1 1 1
     1822  16  3  24 1 1 1
     1823  16  3  25 1 1 1
     1824  16  3  26 1 1 1
     1825  16  3  27 1 1 1
     1826  16  3  28 1 1 1
     1827  16  3  29 1 1 1
     1828  16  4  1 1 1 1
     1829  16  4  2 1 1 1
     1830  16  4  3 1 1 1
     1831  16  4  4 1 1 1
     1832  16  4  5 1 1 1
     1833  16  4  6 1 1 1
     1834  16  4  7 1 1 1
     1835  16  4  8 1 1 1
     1836  16  4  9 1 1 1
     1837  16  4  10 1 1 1
     1838  16  4  11 1 1 1
     1839  16  4  12 1 1 1
     1840  16  4  13 1 1 1
     1841  16  4  14 1 1 1
     1842  16  4  15 1 1 1
     1843  16  4  16 1 1 1
     1844  16  4  17 1 1 1
     1845  16  4  18 1 1 1
     1846  16  4  19 1 1 1
     1847  16  4  20 1 1 1
     1848  16  4  21 1 1 1
     1849  16  4  22 1 1 1
     1850  16  4  23 1 1 1
     1851  16  4  24 1 1 1
     1852  16  4  25 1 1 1
     1853  16  4  26 1 1 1
     1854  16  4  27 1 1 1
     1855  16  4  28 1 1 1
     1856  16  4  29 1 1 1
     1857  17  1  1 1 1 1
     1858  17  1  2 1 1 1
     1859  17  1  3 1 1 1
     1860  17  1  4 1 1 1
     1861  17  1  5 1 1 1
     1862  17  1  6 1 1 1
     1863  17  1  7 1 1 1
     1864  17  1  8 1 1 1
     1865  17  1  9 1 1 1
     1866  17  1  10 1 1 1
     1867  17  1  11 1 1 1
     1868  17  1  12 1 1 1
     1869  17  1  13 1 1 1
     1870  17  1  14 1 1 1
     1871  17  1  15 1 1 1
     1872  17  1  16 1 1 1
     1873  17  1  17 1 1 1
     1874  17  1  18 1 1 1
     1875  17  1  19 1 1 1
     1876  17  1  20 1 1 1
     1877  17  1  21 1 1 1
     1878  17  1  22 1 1 1
     1879  17  1  23 1 1 1
     1880  17  1  24 1 1 1
     1881  17  1  25 1 1 1
     1882  17  1  26 1 1 1
     1883  17  1  27 1 1 1
     1884  17  1  28 1 1 1
     1885  17  1  29 1 1 1
     1886  17  2  1 1 1 1
     1887  17  2  2 1 1 1
     1888  17  2  3 1 1 1
     1889  17  2  4 1 1 1
     1890  17  2  5 1 1 1
     1891  17  2  6 1 1 1
     1892  17  2  7 1 1 1
     1893  17  2  8 1 1 1
     1894  17  2  9 1 1 1
     1895  17  2  10 1 1 1
     1896  17  2  11 1 1 1
     1897  17  2  12 1 1 1
     1898  17  2  13 1 1 1
     1899  17  2  14 1 1 1
     1900  17  2  15 1 1 1
     1901  17  2  16 1 1 1
     1902  17  2  17 1 1 1
     1903  17  2  18 1 1 1
     1904  17  2  19 1 1 1
     1905  17  2  20 1 1 1
     1906  17  2  21 1 1 1
     1907  17  2  22 1 1 1
     1908  17  2  23 1 1 1
     1909  17  2  24 1 1 1
     1910  17  2  25 1 1 1
     1911  17  2  26 1 1 1
     1912  17  2  27 1 1 1
     1913  17  2  28 1 1 1
     1914  17  2  29 1 1 1
     1915  17  3  1 1 1 1
     1916  17  3  2 1 1 1
     1917  17  3  3 1 1 1
     1918  17  3  4 1 1 1
     1919  17  3  5 1 1 1
     1920  17  3  6 1 1 1
     1921  17  3  7 1 1 1
     1922  17  3  8 1 1 1
     1923  17  3  9 1 1 1
     1924  17  3  10 1 1 1
     1925  17  3  11 1 1 1
     1926  17  3  12 1 1 1
     1927  17  3  13 1 1 1
     1928  17  3  14 1 1 1
     1929  17  3  15 1 1 1
     1930  17  3  16 1 1 1
     1931  17  3  17 1 1 1
     1932  17  3  18 1 1 1
     1933  17  3  19 1 1 1
     1934  17  3  20 1 1 1
     1935  17  3  21 1 1 1
     1936  17  3  22 1 1 1
     1937  17  3  23 1 1 1
     1938  17  3  24 1 1 1
     1939  17  3  25 1 1 1
     1940  17  3  26 1 1 1
     1941  17  3  27 1 1 1
     1942  17  3  28 1 1 1
     1943  17  3  29 1 1 1
     1944  17  4  1 1 1 1
     1945  17  4  2 1 1 1
     1946  17  4  3 1 1 1
     1947  17  4  4 1 1 1
     1948  17  4  5 1 1 1
     1949  17  4  6 1 1 1
     1950  17  4  7 1 1 1
     1951  17  4  8 1 1 1
     1952  17  4  9 1 1 1
     1953  17  4  10 1 1 1
     1954  17  4  11 1 1 1
     1955  17  4  12 1 1 1
     1956  17  4  13 1 1 1
     1957  17  4  14 1 1 1
     1958  17  4  15 1 1 1
     1959  17  4  16 1 1 1
     1960  17  4  17 1 1 1
     1961  17  4  18 1 1 1
     1962  17  4  19 1 1 1
     1963  17  4  20 1 1 1
     1964  17  4  21 1 1 1
     1965  17  4  22 1 1 1
     1966  17  4  23 1 1 1
     1967  17  4  24 1 1 1
     1968  17  4  25 1 1 1
     1969  17  4  26 1 1 1
     1970  17  4  27 1 1 1
     1971  17  4  28 1 1 1
     1972  17  4  29 1 1 1
     1973  18  1  1 1 1 1
     1974  18  1  2 1 1 1
     1975  18  1  3 1 1 1
     1976  18  1  4 1 1 1
     1977  18  1  5 1 1 1
     1978  18  1  6 1 1 1
     1979  18  1  7 1 1 1
     1980  18  1  8 1 1 1
     1981  18  1  9 1 1 1
     1982  18  1  10 1 1 1
     1983  18  1  11 1 1 1
     1984  18  1  12 1 1 1
     1985  18  1  13 1 1 1
     1986  18  1  14 1 1 1
     1987  18  1  15 1 1 1
     1988  18  1  16 1 1 1
     1989  18  1  17 1 1 1
     1990  18  1  18 1 1 1
     1991  18  1  19 1 1 1
     1992  18  1  20 1 1 1
     1993  18  1  21 1 1 1
     1994  18  1  22 1 1 1
     1995  18  1  23 1 1 1
     1996  18  1  24 1 1 1
     1997  18  1  25 1 1 1
     1998  18  1  26 1 1 1
     1999  18  1  27 1 1 1
     2000  18  1  28 1 1 1
     2001  18  1  29 1 1 1
     2002  18  2  1 1 1 1
     2003  18  2  2 1 1 1
     2004  18  2  3 1 1 1
     2005  18  2  4 1 1 1
     2006  18  2  5 1 1 1
     2007  18  2  6 1 1 1
     2008  18  2  7 1 1 1
     2009  18  2  8 1 1 1
     2010  18  2  9 1 1 1
     2011  18  2  10 1 1 1
     2012  18  2  11 1 1 1
     2013  18  2  12 1 1 1
     2014  18  2  13 1 1 1
     2015  18  2  14 1 1 1
     2016  18  2  15 1 1 1
     2017  18  2  16 1 1 1
     2018  18  2  17 1 1 1
     2019  18  2  18 1 1 1
     2020  18  2  19 1 1 1
     2021  18  2  20 1 1 1
     2022  18  2  21 1 1 1
     2023  18  2  22 1 1 1
     2024  18  2  23 1 1 1
     2025  18  2  24 1 1 1
     2026  18  2  25 1 1 1
     2027  18  2  26 1 1 1
     2028  18  2  27 1 1 1
     2029  18  2  28 1 1 1
     2030  18  2  29 1 1 1
     2031  18  3  1 1 1 1
     2032  18  3  2 1 1 1
     2033  18  3  3 1 1 1
     2034  18  3  4 1 1 1
     2035  18  3  5 1 1 1
     2036  18  3  6 1 1 1
     2037  18  3  7 1 1 1
     2038  18  3  8 1 1 1
     2039  18  3  9 1 1 1
     2040  18  3  10 1 1 1
     2041  18  3  11 1 1 1
     2042  18  3  12 1 1 1
     2043  18  3  13 1 1 1
     2044  18  3  14 1 1 1
     2045  18  3  15 1 1 1
     2046  18  3  16 1 1 1
     2047  18  3  17 1 1 1
     2048  18  3  18 1 1 1
     2049  18  3  19 1 1 1
     2050  18  3  20 1 1 1
     2051  18  3  21 1 1 1
     2052  18  3  22 1 1 1
     2053  18  3  23 1 1 1
     2054  18  3  24 1 1 1
     2055  18  3  25 1 1 1
     2056  18  3  26 1 1 1
     2057  18  3  27 1 1 1
     2058  18  3  28 1 1 1
     2059  18  3  29 1 1 1
     2060  18  4  1 1 1 1
     2061  18  4  2 1 1 1
     2062  18  4  3 1 1 1
     2063  18  4  4 1 1 1
     2064  18  4  5 1 1 1
     2065  18  4  6 1 1 1
     2066  18  4  7 1 1 1
     2067  18  4  8 1 1 1
     2068  18  4  9 1 1 1
     2069  18  4  10 1 1 1
     2070  18  4  11 1 1 1
     2071  18  4  12 1 1 1
     2072  18  4  13 1 1 1
     2073  18  4  14 1 1 1
     2074  18  4  15 1 1 1
     2075  18  4  16 1 1 1
     2076  18  4  17 1 1 1
     2077  18  4  18 1 1 1
     2078  18  4  19 1 1 1
     2079  18  4  20 1 1 1
     2080  18  4  21 1 1 1
     2081  18  4  22 1 1 1
     2082  18  4  23 1 1 1
     2083  18  4  24 1 1 1
     2084  18  4  25 1 1 1
     2085  18  4  26 1 1 1
     2086  18  4  27 1 1 1
     2087  18  4  28 1 1 1
     2088  18  4  29 1 1 1
     2089  19  1  1 1 1 1
     2090  19  1  2 1 1 1
     2091  19  1  3 1 1 1
     2092  19  1  4 1 1 1
     2093  19  1  5 1 1 1
     2094  19  1  6 1 1 1
     2095  19  1  7 1 1 1
     2096  19  1  8 1 1 1
     2097  19  1  9 1 1 1
     2098  19  1  10 1 1 1
     2099  19  1  11 1 1 1
     2100  19  1  12 1 1 1
     2101  19  1  13 1 1 1
     2102  19  1  14 1 1 1
     2103  19  1  15 1 1 1
     2104  19  1  16 1 1 1
     2105  19  1  17 1 1 1
     2106  19  1  18 1 1 1
     2107  19  1  19 1 1 1
     2108  19  1  20 1 1 1
     2109  19  1  21 1 1 1
     2110  19  1  22 1 1 1
     2111  19  1  23 1 1 1
     2112  19  1  24 1 1 1
     2113  19  1  25 1 1 1
     2114  19  1  26 1 1 1
     2115  19  1  27 1 1 1
     2116  19  1  28 1 1 1
     2117  19  1  29 1 1 1
     2118  19  2  1 1 1 1
     2119  19  2  2 1 1 1
     2120  19  2  3 1 1 1
     2121  19  2  4 1 1 1
     2122  19  2  5 1 1 1
     2123  19  2  6 1 1 1
     2124  19  2  7 1 1 1
     2125  19  2  8 1 1 1
     2126  19  2  9 1 1 1
     2127  19  2  10 1 1 1
     2128  19  2  11 1 1 1
     2129  19  2  12 1 1 1
     2130  19  2  13 1 1 1
     2131  19  2  14 1 1 1
     2132  19  2  15 1 1 1
     2133  19  2  16 1 1 1
     2134  19  2  17 1 1 1
     2135  19  2  18 1 1 1
     2136  19  2  19 1 1 1
     2137  19  2  20 1 1 1
     2138  19  2  21 1 1 1
     2139  19  2  22 1 1 1
     2140  19  2  23 1 1 1
     2141  19  2  24 1 1 1
     2142  19  2  25 1 1 1
     2143  19  2  26 1 1 1
     2144  19  2  27 1 1 1
     2145  19  2  28 1 1 1
     2146  19  2  29 1 1 1
     2147  19  3  1 1 1 1
     2148  19  3  2 1 1 1
     2149  19  3  3 1 1 1
     2150  19  3  4 1 1 1
     2151  19  3  5 1 1 1
     2152  19  3  6 1 1 1
     2153  19  3  7 1 1 1
     2154  19  3  8 1 1 1
     2155  19  3  9 1 1 1
     2156  19  3  10 1 1 1
     2157  19  3  11 1 1 1
     2158  19  3  12 1 1 1
     2159  19  3  13 1 1 1
     2160  19  3  14 1 1 1
     2161  19  3  15 1 1 1
     2162  19  3  16 1 1 1
     2163  19  3  17 1 1 1
     2164  19  3  18 1 1 1
     2165  19  3  19 1 1 1
     2166  19  3  20 1 1 1
     2167  19  3  21 1 1 1
     2168  19  3  22 1 1 1
     2169  19  3  23 1 1 1
     2170  19  3  24 1 1 1
     2171  19  3  25 1 1 1
     2172  19  3  26 1 1 1
     2173  19  3  27 1 1 1
     2174  19  3  28 1 1 1
     2175  19  3  29 1 1 1
     2176  19  4  1 1 1 1
     2177  19  4  2 1 1 1
     2178  19  4  3 1 1 1
     2179  19  4  4 1 1 1
     2180  19  4  5 1 1 1
     2181  19  4  6 1 1 1
     2182  19  4  7 1 1 1
     2183  19  4  8 1 1 1
     2184  19  4  9 1 1 1
     2185  19  4  10 1 1 1
     2186  19  4  11 1 1 1
     2187  19  4  12 1 1 1
     2188  19  4  13 1 1 1
     2189  19  4  14 1 1 1
     2190  19  4  15 1 1 1
     2191  19  4  16 1 1 1
     2192  19  4  17 1 1 1
     2193  19  4  18 1 1 1
     2194  19  4  19 1 1 1
     2195  19  4  20 1 1 1
     2196  19  4  21 1 1 1
     2197  19  4  22 1 1 1
     2198  19  4  23 1 1 1
     2199  19  4  24 1 1 1
     2200  19  4  25 1 1 1
     2201  19  4  26 1 1 1
     2202  19  4  27 1 1 1
     2203  19  4  28 1 1 1
     2204  19  4  29 1 1 1
     2205  20  1  1 1 1 1
     2206  20  1  2 1 1 1
     2207  20  1  3 1 1 1
     2208  20  1  4 1 1 1
     2209  20  1  5 1 1 1
     2210  20  1  6 1 1 1
     2211  20  1  7 1 1 1
     2212  20  1  8 1 1 1
     2213  20  1  9 1 1 1
     2214  20  1  10 1 1 1
     2215  20  1  11 1 1 1
     2216  20  1  12 1 1 1
     2217  20  1  13 1 1 1
     2218  20  1  14 1 1 1
     2219  20  1  15 1 1 1
     2220  20  1  16 1 1 1
     2221  20  1  17 1 1 1
     2222  20  1  18 1 1 1
     2223  20  1  19 1 1 1
     2224  20  1  20 1 1 1
     2225  20  1  21 1 1 1
     2226  20  1  22 1 1 1
     2227  20  1  23 1 1 1
     2228  20  1  24 1 1 1
     2229  20  1  25 1 1 1
     2230  20  1  26 1 1 1
     2231  20  1  27 1 1 1
     2232  20  1  28 1 1 1
     2233  20  1  29 1 1 1
     2234  20  2  1 1 1 1
     2235  20  2  2 1 1 1
     2236  20  2  3 1 1 1
     2237  20  2  4 1 1 1
     2238  20  2  5 1 1 1
     2239  20  2  6 1 1 1
     2240  20  2  7 1 1 1
     2241  20  2  8 1 1 1
     2242  20  2  9 1 1 1
     2243  20  2  10 1 1 1
     2244  20  2  11 1 1 1
     2245  20  2  12 1 1 1
     2246  20  2  13 1 1 1
     2247  20  2  14 1 1 1
     2248  20  2  15 1 1 1
     2249  20  2  16 1 1 1
     2250  20  2  17 1 1 1
     2251  20  2  18 1 1 1
     2252  20  2  19 1 1 1
     2253  20  2  20 1 1 1
     2254  20  2  21 1 1 1
     2255  20  2  22 1 1 1
     2256  20  2  23 1 1 1
     2257  20  2  24 1 1 1
     2258  20  2  25 1 1 1
     2259  20  2  26 1 1 1
     2260  20  2  27 1 1 1
     2261  20  2  28 1 1 1
     2262  20  2  29 1 1 1
     2263  20  3  1 1 1 1
     2264  20  3  2 1 1 1
     2265  20  3  3 1 1 1
     2266  20  3  4 1 1 1
     2267  20  3  5 1 1 1
     2268  20  3  6 1 1 1
     2269  20  3  7 1 1 1
     2270  20  3  8 1 1 1
     2271  20  3  9 1 1 1
     2272  20  3  10 1 1 1
     2273  20  3  11 1 1 1
     2274  20  3  12 1 1 1
     2275  20  3  13 1 1 1
     2276  20  3  14 1 1 1
     2277  20  3  15 1 1 1
     2278  20  3  16 1 1 1
     2279  20  3  17 1 1 1
     2280  20  3  18 1 1 1
     2281  20  3  19 1 1 1
     2282  20  3  20 1 1 1
     2283  20  3  21 1 1 1
     2284  20  3  22 1 1 1
     2285  20  3  23 1 1 1
     2286  20  3  24 1 1 1
     2287  20  3  25 1 1 1
     2288  20  3  26 1 1 1
     2289  20  3  27 1 1 1
     2290  20  3  28 1 1 1
     2291  20  3  29 1 1 1
     2292  20  4  1 1 1 1
     2293  20  4  2 1 1 1
     2294  20  4  3 1 1 1
     2295  20  4  4 1 1 1
     2296  20  4  5 1 1 1
     2297  20  4  6 1 1 1
     2298  20  4  7 1 1 1
     2299  20  4  8 1 1 1
     2300  20  4  9 1 1 1
     2301  20  4  10 1 1 1
     2302  20  4  11 1 1 1
     2303  20  4  12 1 1 1
     2304  20  4  13 1 1 1
     2305  20  4  14 1 1 1
     2306  20  4  15 1 1 1
     2307  20  4  16 1 1 1
     2308  20  4  17 1 1 1
     2309  20  4  18 1 1 1
     2310  20  4  19 1 1 1
     2311  20  4  20 1 1 1
     2312  20  4  21 1 1 1
     2313  20  4  22 1 1 1
     2314  20  4  23 1 1 1
     2315  20  4  24 1 1 1
     2316  20  4  25 1 1 1
     2317  20  4  26 1 1 1
     2318  20  4  27 1 1 1
     2319  20  4  28 1 1 1
     2320  20  4  29 1 1 1
     2321  21  1  1 1 1 1
     2322  21  1  2 1 1 1
     2323  21  1  3 1 1 1
     2324  21  1  4 1 1 1
     2325  21  1  5 1 1 1
     2326  21  1  6 1 1 1
     2327  21  1  7 1 1 1
     2328  21  1  8 1 1 1
     2329  21  1  9 1 1 1
     2330  21  1  10 1 1 1
     2331  21  1  11 1 1 1
     2332  21  1  12 1 1 1
     2333  21  1  13 1 1 1
     2334  21  1  14 1 1 1
     2335  21  1  15 1 1 1
     2336  21  1  16 1 1 1
     2337  21  1  17 1 1 1
     2338  21  1  18 1 1 1
     2339  21  1  19 1 1 1
     2340  21  1  20 1 1 1
     2341  21  1  21 1 1 1
     2342  21  1  22 1 1 1
     2343  21  1  23 1 1 1
     2344  21  1  24 1 1 1
     2345  21  1  25 1 1 1
     2346  21  1  26 1 1 1
     2347  21  1  27 1 1 1
     2348  21  1  28 1 1 1
     2349  21  1  29 1 1 1
     2350  21  2  1 1 1 1
     2351  21  2  2 1 1 1
     2352  21  2  3 1 1 1
     2353  21  2  4 1 1 1
     2354  21  2  5 1 1 1
     2355  21  2  6 1 1 1
     2356  21  2  7 1 1 1
     2357  21  2  8 1 1 1
     2358  21  2  9 1 1 1
     2359  21  2  10 1 1 1
     2360  21  2  11 1 1 1
     2361  21  2  12 1 1 1
     2362  21  2  13 1 1 1
     2363  21  2  14 1 1 1
     2364  21  2  15 1 1 1
     2365  21  2  16 1 1 1
     2366  21  2  17 1 1 1
     2367  21  2  18 1 1 1
     2368  21  2  19 1 1 1
     2369  21  2  20 1 1 1
     2370  21  2  21 1 1 1
     2371  21  2  22 1 1 1
     2372  21  2  23 1 1 1
     2373  21  2  24 1 1 1
     2374  21  2  25 1 1 1
     2375  21  2  26 1 1 1
     2376  21  2  27 1 1 1
     2377  21  2  28 1 1 1
     2378  21  2  29 1 1 1
     2379  21  3  1 1 1 1
     2380  21  3  2 1 1 1
     2381  21  3  3 1 1 1
     2382  21  3  4 1 1 1
     2383  21  3  5 1 1 1
     2384  21  3  6 1 1 1
     2385  21  3  7 1 1 1
     2386  21  3  8 1 1 1
     2387  21  3  9 1 1 1
     2388  21  3  10 1 1 1
     2389  21  3  11 1 1 1
     2390  21  3  12 1 1 1
     2391  21  3  13 1 1 1
     2392  21  3  14 1 1 1
     2393  21  3  15 1 1 1
     2394  21  3  16 1 1 1
     2395  21  3  17 1 1 1
     2396  21  3  18 1 1 1
     2397  21  3  19 1 1 1
     2398  21  3  20 1 1 1
     2399  21  3  21 1 1 1
     2400  21  3  22 1 1 1
     2401  21  3  23 1 1 1
     2402  21  3  24 1 1 1
     2403  21  3  25 1 1 1
     2404  21  3  26 1 1 1
     2405  21  3  27 1 1 1
     2406  21  3  28 1 1 1
     2407  21  3  29 1 1 1
     2408  21  4  1 1 1 1
     2409  21  4  2 1 1 1
     2410  21  4  3 1 1 1
     2411  21  4  4 1 1 1
     2412  21  4  5 1 1 1
     2413  21  4  6 1 1 1
     2414  21  4  7 1 1 1
     2415  21  4  8 1 1 1
     2416  21  4  9 1 1 1
     2417  21  4  10 1 1 1
     2418  21  4  11 1 1 1
     2419  21  4  12 1 1 1
     2420  21  4  13 1 1 1
     2421  21  4  14 1 1 1
     2422  21  4  15 1 1 1
     2423  21  4  16 1 1 1
     2424  21  4  17 1 1 1
     2425  21  4  18 1 1 1
     2426  21  4  19 1 1 1
     2427  21  4  20 1 1 1
     2428  21  4  21 1 1 1
     2429  21  4  22 1 1 1
     2430  21  4  23 1 1 1
     2431  21  4  24 1 1 1
     2432  21  4  25 1 1 1
     2433  21  4  26 1 1 1
     2434  21  4  27 1 1 1
     2435  21  4  28 1 1 1
     2436  21  4  29 1 1 1
     2437  22  1  1 1 1 1
     2438  22  1  2 1 1 1
     2439  22  1  3 1 1 1
     2440  22  1  4 1 1 1
     2441  22  1  5 1 1 1
     2442  22  1  6 1 1 1
     2443  22  1  7 1 1 1
     2444  22  1  8 1 1 1
     2445  22  1  9 1 1 1
     2446  22  1  10 1 1 1
     2447  22  1  11 1 1 1
     2448  22  1  12 1 1 1
     2449  22  1  13 1 1 1
     2450  22  1  14 1 1 1
     2451  22  1  15 1 1 1
     2452  22  1  16 1 1 1
     2453  22  1  17 1 1 1
     2454  22  1  18 1 1 1
     2455  22  1  19 1 1 1
     2456  22  1  20 1 1 1
     2457  22  1  21 1 1 1
     2458  22  1  22 1 1 1
     2459  22  1  23 1 1 1
     2460  22  1  24 1 1 1
     2461  22  1  25 1 1 1
     2462  22  1  26 1 1 1
     2463  22  1  27 1 1 1
     2464  22  1  28 1 1 1
     2465  22  1  29 1 1 1
     2466  22  2  1 1 1 1
     2467  22  2  2 1 1 1
     2468  22  2  3 1 1 1
     2469  22  2  4 1 1 1
     2470  22  2  5 1 1 1
     2471  22  2  6 1 1 1
     2472  22  2  7 1 1 1
     2473  22  2  8 1 1 1
     2474  22  2  9 1 1 1
     2475  22  2  10 1 1 1
     2476  22  2  11 1 1 1
     2477  22  2  12 1 1 1
     2478  22  2  13 1 1 1
     2479  22  2  14 1 1 1
     2480  22  2  15 1 1 1
     2481  22  2  16 1 1 1
     2482  22  2  17 1 1 1
     2483  22  2  18 1 1 1
     2484  22  2  19 1 1 1
     2485  22  2  20 1 1 1
     2486  22  2  21 1 1 1
     2487  22  2  22 1 1 1
     2488  22  2  23 1 1 1
     2489  22  2  24 1 1 1
     2490  22  2  25 1 1 1
     2491  22  2  26 1 1 1
     2492  22  2  27 1 1 1
     2493  22  2  28 1 1 1
     2494  22  2  29 1 1 1
     2495  22  3  1 1 1 1
     2496  22  3  2 1 1 1
     2497  22  3  3 1 1 1
     2498  22  3  4 1 1 1
     2499  22  3  5 1 1 1
     2500  22  3  6 1 1 1
     2501  22  3  7 1 1 1
     2502  22  3  8 1 1 1
     2503  22  3  9 1 1 1
     2504  22  3  10 1 1 1
     2505  22  3  11 1 1 1
     2506  22  3  12 1 1 1
     2507  22  3  13 1 1 1
     2508  22  3  14 1 1 1
     2509  22  3  15 1 1 1
     2510  22  3  16 1 1 1
     2511  22  3  17 1 1 1
     2512  22  3  18 1 1 1
     2513  22  3  19 1 1 1
     2514  22  3  20 1 1 1
     2515  22  3  21 1 1 1
     2516  22  3  22 1 1 1
     2517  22  3  23 1 1 1
     2518  22  3  24 1 1 1
     2519  22  3  25 1 1 1
     2520  22  3  26 1 1 1
     2521  22  3  27 1 1 1
     2522  22  3  28 1 1 1
     2523  22  3  29 1 1 1
     2524  22  4  1 1 1 1
     2525  22  4  2 1 1 1
     2526  22  4  3 1 1 1
     2527  22  4  4 1 1 1
     2528  22  4  5 1 1 1
     2529  22  4  6 1 1 1
     2530  22  4  7 1 1 1
     2531  22  4  8 1 1 1
     2532  22  4  9 1 1 1
     2533  22  4  10 1 1 1
     2534  22  4  11 1 1 1
     2535  22  4  12 1 1 1
     2536  22  4  13 1 1 1
     2537  22  4  14 1 1 1
     2538  22  4  15 1 1 1
     2539  22  4  16 1 1 1
     2540  22  4  17 1 1 1
     2541  22  4  18 1 1 1
     2542  22  4  19 1 1 1
     2543  22  4  20 1 1 1
     2544  22  4  21 1 1 1
     2545  22  4  22 1 1 1
     2546  22  4  23 1 1 1
     2547  22  4  24 1 1 1
     2548  22  4  25 1 1 1
     2549  22  4  26 1 1 1
     2550  22  4  27 1 1 1
     2551  22  4  28 1 1 1
     2552  22  4  29 1 1 1
     2553  23  1  1 1 1 1
     2554  23  1  2 1 1 1
     2555  23  1  3 1 1 1
     2556  23  1  4 1 1 1
     2557  23  1  5 1 1 1
     2558  23  1  6 1 1 1
     2559  23  1  7 1 1 1
     2560  23  1  8 1 1 1
     2561  23  1  9 1 1 1
     2562  23  1  10 1 1 1
     2563  23  1  11 1 1 1
     2564  23  1  12 1 1 1
     2565  23  1  13 1 1 1
     2566  23  1  14 1 1 1
     2567  23  1  15 1 1 1
     2568  23  1  16 1 1 1
     2569  23  1  17 1 1 1
     2570  23  1  18 1 1 1
     2571  23  1  19 1 1 1
     2572  23  1  20 1 1 1
     2573  23  1  21 1 1 1
     2574  23  1  22 1 1 1
     2575  23  1  23 1 1 1
     2576  23  1  24 1 1 1
     2577  23  1  25 1 1 1
     2578  23  1  26 1 1 1
     2579  23  1  27 1 1 1
     2580  23  1  28 1 1 1
     2581  23  1  29 1 1 1
     2582  23  2  1 1 1 1
     2583  23  2  2 1 1 1
     2584  23  2  3 1 1 1
     2585  23  2  4 1 1 1
     2586  23  2  5 1 1 1
     2587  23  2  6 1 1 1
     2588  23  2  7 1 1 1
     2589  23  2  8 1 1 1
     2590  23  2  9 1 1 1
     2591  23  2  10 1 1 1
     2592  23  2  11 1 1 1
     2593  23  2  12 1 1 1
     2594  23  2  13 1 1 1
     2595  23  2  14 1 1 1
     2596  23  2  15 1 1 1
     2597  23  2  16 1 1 1
     2598  23  2  17 1 1 1
     2599  23  2  18 1 1 1
     2600  23  2  19 1 1 1
     2601  23  2  20 1 1 1
     2602  23  2  21 1 1 1
     2603  23  2  22 1 1 1
     2604  23  2  23 1 1 1
     2605  23  2  24 1 1 1
     2606  23  2  25 1 1 1
     2607  23  2  26 1 1 1
     2608  23  2  27 1 1 1
     2609  23  2  28 1 1 1
     2610  23  2  29 1 1 1
     2611  23  3  1 1 1 1
     2612  23  3  2 1 1 1
     2613  23  3  3 1 1 1
     2614  23  3  4 1 1 1
     2615  23  3  5 1 1 1
     2616  23  3  6 1 1 1
     2617  23  3  7 1 1 1
     2618  23  3  8 1 1 1
     2619  23  3  9 1 1 1
     2620  23  3  10 1 1 1
     2621  23  3  11 1 1 1
     2622  23  3  12 1 1 1
     2623  23  3  13 1 1 1
     2624  23  3  14 1 1 1
     2625  23  3  15 1 1 1
     2626  23  3  16 1 1 1
     2627  23  3  17 1 1 1
     2628  23  3  18 1 1 1
     2629  23  3  19 1 1 1
     2630  23  3  20 1 1 1
     2631  23  3  21 1 1 1
     2632  23  3  22 1 1 1
     2633  23  3  23 1 1 1
     2634  23  3  24 1 1 1
     2635  23  3  25 1 1 1
     2636  23  3  26 1 1 1
     2637  23  3  27 1 1 1
     2638  23  3  28 1 1 1
     2639  23  3  29 1 1 1
     2640  23  4  1 1 1 1
     2641  23  4  2 1 1 1
     2642  23  4  3 1 1 1
     2643  23  4  4 1 1 1
     2644  23  4  5 1 1 1
     2645  23  4  6 1 1 1
     2646  23  4  7 1 1 1
     2647  23  4  8 1 1 1
     2648  23  4  9 1 1 1
     2649  23  4  10 1 1 1
     2650  23  4  11 1 1 1
     2651  23  4  12 1 1 1
     2652  23  4  13 1 1 1
     2653  23  4  14 1 1 1
     2654  23  4  15 1 1 1
     2655  23  4  16 1 1 1
     2656  23  4  17 1 1 1
     2657  23  4  18 1 1 1
     2658  23  4  19 1 1 1
     2659  23  4  20 1 1 1
     2660  23  4  21 1 1 1
     2661  23  4  22 1 1 1
     2662  23  4  23 1 1 1
     2663  23  4  24 1 1 1
     2664  23  4  25 1 1 1
     2665  23  4  26 1 1 1
     2666  23  4  27 1 1 1
     2667  23  4  28 1 1 1
     2668  23  4  29 1 1 1
     2669  24  1  1 1 1 1
     2670  24  1  2 1 1 1
     2671  24  1  3 1 1 1
     2672  24  1  4 1 1 1
     2673  24  1  5 1 1 1
     2674  24  1  6 1 1 1
     2675  24  1  7 1 1 1
     2676  24  1  8 1 1 1
     2677  24  1  9 1 1 1
     2678  24  1  10 1 1 1
     2679  24  1  11 1 1 1
     2680  24  1  12 1 1 1
     2681  24  1  13 1 1 1
     2682  24  1  14 1 1 1
     2683  24  1  15 1 1 1
     2684  24  1  16 1 1 1
     2685  24  1  17 1 1 1
     2686  24  1  18 1 1 1
     2687  24  1  19 1 1 1
     2688  24  1  20 1 1 1
     2689  24  1  21 1 1 1
     2690  24  1  22 1 1 1
     2691  24  1  23 1 1 1
     2692  24  1  24 1 1 1
     2693  24  1  25 1 1 1
     2694  24  1  26 1 1 1
     2695  24  1  27 1 1 1
     2696  24  1  28 1 1 1
     2697  24  1  29 1 1 1
     2698  24  2  1 1 1 1
     2699  24  2  2 1 1 1
     2700  24  2  3 1 1 1
     2701  24  2  4 1 1 1
     2702  24  2  5 1 1 1
     2703  24  2  6 1 1 1
     2704  24  2  7 1 1 1
     2705  24  2  8 1 1 1
     2706  24  2  9 1 1 1
     2707  24  2  10 1 1 1
     2708  24  2  11 1 1 1
     2709  24  2  12 1 1 1
     2710  24  2  13 1 1 1
     2711  24  2  14 1 1 1
     2712  24  2  15 1 1 1
     2713  24  2  16 1 1 1
     2714  24  2  17 1 1 1
     2715  24  2  18 1 1 1
     2716  24  2  19 1 1 1
     2717  24  2  20 1 1 1
     2718  24  2  21 1 1 1
     2719  24  2  22 1 1 1
     2720  24  2  23 1 1 1
     2721  24  2  24 1 1 1
     2722  24  2  25 1 1 1
     2723  24  2  26 1 1 1
     2724  24  2  27 1 1 1
     2725  24  2  28 1 1 1
     2726  24  2  29 1 1 1
     2727  24  3  1 1 1 1
     2728  24  3  2 1 1 1
     2729  24  3  3 1 1 1
     2730  24  3  4 1 1 1
     2731  24  3  5 1 1 1
     2732  24  3  6 1 1 1
     2733  24  3  7 1 1 1
     2734  24  3  8 1 1 1
     2735  24  3  9 1 1 1
     2736  24  3  10 1 1 1
     2737  24  3  11 1 1 1
     2738  24  3  12 1 1 1
     2739  24  3  13 1 1 1
     2740  24  3  14 1 1 1
     2741  24  3  15 1 1 1
     2742  24  3  16 1 1 1
     2743  24  3  17 1 1 1
     2744  24  3  18 1 1 1
     2745  24  3  19 1 1 1
     2746  24  3  20 1 1 1
     2747  24  3  21 1 1 1
     2748  24  3  22 1 1 1
     2749  24  3  23 1 1 1
     2750  24  3  24 1 1 1
     2751  24  3  25 1 1 1
     2752  24  3  26 1 1 1
     2753  24  3  27 1 1 1
     2754  24  3  28 1 1 1
     2755  24  3  29 1 1 1
     2756  24  4  1 1 1 1
     2757  24  4  2 1 1 1
     2758  24  4  3 1 1 1
     2759  24  4  4 1 1 1
     2760  24  4  5 1 1 1
     2761  24  4  6 1 1 1
     2762  24  4  7 1 1 1
     2763  24  4  8 1 1 1
     2764  24  4  9 1 1 1
     2765  24  4  10 1 1 1
     2766  24  4  11 1 1 1
     2767  24  4  12 1 1 1
     2768  24  4  13 1 1 1
     2769  24  4  14 1 1 1
     2770  24  4  15 1 1 1
     2771  24  4  16 1 1 1
     2772  24  4  17 1 1 1
     2773  24  4  18 1 1 1
     2774  24  4  19 1 1 1
     2775  24  4  20 1 1 1
     2776  24  4  21 1 1 1
     2777  24  4  22 1 1 1
     2778  24  4  23 1 1 1
     2779  24  4  24 1 1 1
     2780  24  4  25 1 1 1
     2781  24  4  26 1 1 1
     2782  24  4  27 1 1 1
     2783  24  4  28 1 1 1
     2784  24  4  29 1 1 1
     2785  25  1  1 1 1 1
     2786  25  1  2 1 1 1
     2787  25  1  3 1 1 1
     2788  25  1  4 1 1 1
     2789  25  1  5 1 1 1
     2790  25  1  6 1 1 1
     2791  25  1  7 1 1 1
     2792  25  1  8 1 1 1
     2793  25  1  9 1 1 1
     2794  25  1  10 1 1 1
     2795  25  1  11 1 1 1
     2796  25  1  12 1 1 1
     2797  25  1  13 1 1 1
     2798  25  1  14 1 1 1
     2799  25  1  15 1 1 1
     2800  25  1  16 1 1 1
     2801  25  1  17 1 1 1
     2802  25  1  18 1 1 1
     2803  25  1  19 1 1 1
     2804  25  1  20 1 1 1
     2805  25  1  21 1 1 1
     2806  25  1  22 1 1 1
     2807  25  1  23 1 1 1
     2808  25  1  24 1 1 1
     2809  25  1  25 1 1 1
     2810  25  1  26 1 1 1
     2811  25  1  27 1 1 1
     2812  25  1  28 1 1 1
     2813  25  1  29 1 1 1
     2814  25  2  1 1 1 1
     2815  25  2  2 1 1 1
     2816  25  2  3 1 1 1
     2817  25  2  4 1 1 1
     2818  25  2  5 1 1 1
     2819  25  2  6 1 1 1
     2820  25  2  7 1 1 1
     2821  25  2  8 1 1 1
     2822  25  2  9 1 1 1
     2823  25  2  10 1 1 1
     2824  25  2  11 1 1 1
     2825  25  2  12 1 1 1
     2826  25  2  13 1 1 1
     2827  25  2  14 1 1 1
     2828  25  2  15 1 1 1
     2829  25  2  16 1 1 1
     2830  25  2  17 1 1 1
     2831  25  2  18 1 1 1
     2832  25  2  19 1 1 1
     2833  25  2  20 1 1 1
     2834  25  2  21 1 1 1
     2835  25  2  22 1 1 1
     2836  25  2  23 1 1 1
     2837  25  2  24 1 1 1
     2838  25  2  25 1 1 1
     2839  25  2  26 1 1 1
     2840  25  2  27 1 1 1
     2841  25  2  28 1 1 1
     2842  25  2  29 1 1 1
     2843  25  3  1 1 1 1
     2844  25  3  2 1 1 1
     2845  25  3  3 1 1 1
     2846  25  3  4 1 1 1
     2847  25  3  5 1 1 1
     2848  25  3  6 1 1 1
     2849  25  3  7 1 1 1
     2850  25  3  8 1 1 1
     2851  25  3  9 1 1 1
     2852  25  3  10 1 1 1
     2853  25  3  11 1 1 1
     2854  25  3  12 1 1 1
     2855  25  3  13 1 1 1
     2856  25  3  14 1 1 1
     2857  25  3  15 1 1 1
     2858  25  3  16 1 1 1
     2859  25  3  17 1 1 1
     2860  25  3  18 1 1 1
     2861  25  3  19 1 1 1
     2862  25  3  20 1 1 1
     2863  25  3  21 1 1 1
     2864  25  3  22 1 1 1
     2865  25  3  23 1 1 1
     2866  25  3  24 1 1 1
     2867  25  3  25 1 1 1
     2868  25  3  26 1 1 1
     2869  25  3  27 1 1 1
     2870  25  3  28 1 1 1
     2871  25  3  29 1 1 1
     2872  25  4  1 1 1 1
     2873  25  4  2 1 1 1
     2874  25  4  3 1 1 1
     2875  25  4  4 1 1 1
     2876  25  4  5 1 1 1
     2877  25  4  6 1 1 1
     2878  25  4  7 1 1 1
     2879  25  4  8 1 1 1
     2880  25  4  9 1 1 1
     2881  25  4  10 1 1 1
     2882  25  4  11 1 1 1
     2883  25  4  12 1 1 1
     2884  25  4  13 1 1 1
     2885  25  4  14 1 1 1
     2886  25  4  15 1 1 1
     2887  25  4  16 1 1 1
     2888  25  4  17 1 1 1
     2889  25  4  18 1 1 1
     2890  25  4  19 1 1 1
     2891  25  4  20 1 1 1
     2892  25  4  21 1 1 1
     2893  25  4  22 1 1 1
     2894  25  4  23 1 1 1
     2895  25  4  24 1 1 1
     2896  25  4  25 1 1 1
     2897  25  4  26 1 1 1
     2898  25  4  27 1 1 1
     2899  25  4  28 1 1 1
     2900  25  4  29 1 1 1
     2901  26  1  1 1 1 1
     2902  26  1  2 1 1 1
     2903  26  1  3 1 1 1
     2904  26  1  4 1 1 1
     2905  26  1  5 1 1 1
     2906  26  1  6 1 1 1
     2907  26  1  7 1 1 1
     2908  26  1  8 1 1 1
     2909  26  1  9 1 1 1
     2910  26  1  10 1 1 1
     2911  26  1  11 1 1 1
     2912  26  1  12 1 1 1
     2913  26  1  13 1 1 1
     2914  26  1  14 1 1 1
     2915  26  1  15 1 1 1
     2916  26  1  16 1 1 1
     2917  26  1  17 1 1 1
     2918  26  1  18 1 1 1
     2919  26  1  19 1 1 1
     2920  26  1  20 1 1 1
     2921  26  1  21 1 1 1
     2922  26  1  22 1 1 1
     2923  26  1  23 1 1 1
     2924  26  1  24 1 1 1
     2925  26  1  25 1 1 1
     2926  26  1  26 1 1 1
     2927  26  1  27 1 1 1
     2928  26  1  28 1 1 1
     2929  26  1  29 1 1 1
     2930  26  2  1 1 1 1
     2931  26  2  2 1 1 1
     2932  26  2  3 1 1 1
     2933  26  2  4 1 1 1
     2934  26  2  5 1 1 1
     2935  26  2  6 1 1 1
     2936  26  2  7 1 1 1
     2937  26  2  8 1 1 1
     2938  26  2  9 1 1 1
     2939  26  2  10 1 1 1
     2940  26  2  11 1 1 1
     2941  26  2  12 1 1 1
     2942  26  2  13 1 1 1
     2943  26  2  14 1 1 1
     2944  26  2  15 1 1 1
     2945  26  2  16 1 1 1
     2946  26  2  17 1 1 1
     2947  26  2  18 1 1 1
     2948  26  2  19 1 1 1
     2949  26  2  20 1 1 1
     2950  26  2  21 1 1 1
     2951  26  2  22 1 1 1
     2952  26  2  23 1 1 1
     2953  26  2  24 1 1 1
     2954  26  2  25 1 1 1
     2955  26  2  26 1 1 1
     2956  26  2  27 1 1 1
     2957  26  2  28 1 1 1
     2958  26  2  29 1 1 1
     2959  26  3  1 1 1 1
     2960  26  3  2 1 1 1
     2961  26  3  3 1 1 1
     2962  26  3  4 1 1 1
     2963  26  3  5 1 1 1
     2964  26  3  6 1 1 1
     2965  26  3  7 1 1 1
     2966  26  3  8 1 1 1
     2967  26  3  9 1 1 1
     2968  26  3  10 1 1 1
     2969  26  3  11 1 1 1
     2970  26  3  12 1 1 1
     2971  26  3  13 1 1 1
     2972  26  3  14 1 1 1
     2973  26  3  15 1 1 1
     2974  26  3  16 1 1 1
     2975  26  3  17 1 1 1
     2976  26  3  18 1 1 1
     2977  26  3  19 1 1 1
     2978  26  3  20 1 1 1
     2979  26  3  21 1 1 1
     2980  26  3  22 1 1 1
     2981  26  3  23 1 1 1
     2982  26  3  24 1 1 1
     2983  26  3  25 1 1 1
     2984  26  3  26 1 1 1
     2985  26  3  27 1 1 1
     2986  26  3  28 1 1 1
     2987  26  3  29 1 1 1
     2988  26  4  1 1 1 1
     2989  26  4  2 1 1 1
     2990  26  4  3 1 1 1
     2991  26  4  4 1 1 1
     2992  26  4  5 1 1 1
     2993  26  4  6 1 1 1
     2994  26  4  7 1 1 1
     2995  26  4  8 1 1 1
     2996  26  4  9 1 1 1
     2997  26  4  10 1 1 1
     2998  26  4  11 1 1 1
     2999  26  4  12 1 1 1
     3000  26  4  13 1 1 1
     3001  26  4  14 1 1 1
     3002  26  4  15 1 1 1
     3003  26  4  16 1 1 1
     3004  26  4  17 1 1 1
     3005  26  4  18 1 1 1
     3006  26  4  19 1 1 1
     3007  26  4  20 1 1 1
     3008  26  4  21 1 1 1
     3009  26  4  22 1 1 1
     3010  26  4  23 1 1 1
     3011  26  4  24 1 1 1
     3012  26  4  25 1 1 1
     3013  26  4  26 1 1 1
     3014  26  4  27 1 1 1
     3015  26  4  28 1 1 1
     3016  26  4  29 1 1 1
     3017  27  1  1 1 1 1
     3018  27  1  2 1 1 1
     3019  27  1  3 1 1 1
     3020  27  1  4 1 1 1
     3021  27  1  5 1 1 1
     3022  27  1  6 1 1 1
     3023  27  1  7 1 1 1
     3024  27  1  8 1 1 1
     3025  27  1  9 1 1 1
     3026  27  1  10 1 1 1
     3027  27  1  11 1 1 1
     3028  27  1  12 1 1 1
     3029  27  1  13 1 1 1
     3030  27  1  14 1 1 1
     3031  27  1  15 1 1 1
     3032  27  1  16 1 1 1
     3033  27  1  17 1 1 1
     3034  27  1  18 1 1 1
     3035  27  1  19 1 1 1
     3036  27  1  20 1 1 1
     3037  27  1  21 1 1 1
     3038  27  1  22 1 1 1
     3039  27  1  23 1 1 1
     3040  27  1  24 1 1 1
     3041  27  1  25 1 1 1
     3042  27  1  26 1 1 1
     3043  27  1  27 1 1 1
     3044  27  1  28 1 1 1
     3045  27  1  29 1 1 1
     3046  27  2  1 1 1 1
     3047  27  2  2 1 1 1
     3048  27  2  3 1 1 1
     3049  27  2  4 1 1 1
     3050  27  2  5 1 1 1
     3051  27  2  6 1 1 1
     3052  27  2  7 1 1 1
     3053  27  2  8 1 1 1
     3054  27  2  9 1 1 1
     3055  27  2  10 1 1 1
     3056  27  2  11 1 1 1
     3057  27  2  12 1 1 1
     3058  27  2  13 1 1 1
     3059  27  2  14 1 1 1
     3060  27  2  15 1 1 1
     3061  27  2  16 1 1 1
     3062  27  2  17 1 1 1
     3063  27  2  18 1 1 1
     3064  27  2  19 1 1 1
     3065  27  2  20 1 1 1
     3066  27  2  21 1 1 1
     3067  27  2  22 1 1 1
     3068  27  2  23 1 1 1
     3069  27  2  24 1 1 1
     3070  27  2  25 1 1 1
     3071  27  2  26 1 1 1
     3072  27  2  27 1 1 1
     3073  27  2  28 1 1 1
     3074  27  2  29 1 1 1
     3075  27  3  1 1 1 1
     3076  27  3  2 1 1 1
     3077  27  3  3 1 1 1
     3078  27  3  4 1 1 1
     3079  27  3  5 1 1 1
     3080  27  3  6 1 1 1
     3081  27  3  7 1 1 1
     3082  27  3  8 1 1 1
     3083  27  3  9 1 1 1
     3084  27  3  10 1 1 1
     3085  27  3  11 1 1 1
     3086  27  3  12 1 1 1
     3087  27  3  13 1 1 1
     3088  27  3  14 1 1 1
     3089  27  3  15 1 1 1
     3090  27  3  16 1 1 1
     3091  27  3  17 1 1 1
     3092  27  3  18 1 1 1
     3093  27  3  19 1 1 1
     3094  27  3  20 1 1 1
     3095  27  3  21 1 1 1
     3096  27  3  22 1 1 1
     3097  27  3  23 1 1 1
     3098  27  3  24 1 1 1
     3099  27  3  25 1 1 1
     3100  27  3  26 1 1 1
     3101  27  3  27 1 1 1
     3102  27  3  28 1 1 1
     3103  27  3  29 1 1 1
     3104  27  4  1 1 1 1
     3105  27  4  2 1 1 1
     3106  27  4  3 1 1 1
     3107  27  4  4 1 1 1
     3108  27  4  5 1 1 1
     3109  27  4  6 1 1 1
     3110  27  4  7 1 1 1
     3111  27  4  8 1 1 1
     3112  27  4  9 1 1 1
     3113  27  4  10 1 1 1
     3114  27  4  11 1 1 1
     3115  27  4  12 1 1 1
     3116  27  4  13 1 1 1
     3117  27  4  14 1 1 1
     3118  27  4  15 1 1 1
     3119  27  4  16 1 1 1
     3120  27  4  17 1 1 1
     3121  27  4  18 1 1 1
     3122  27  4  19 1 1 1
     3123  27  4  20 1 1 1
     3124  27  4  21 1 1 1
     3125  27  4  22 1 1 1
     3126  27  4  23 1 1 1
     3127  27  4  24 1 1 1
     3128  27  4  25 1 1 1
     3129  27  4  26 1 1 1
     3130  27  4  27 1 1 1
     3131  27  4  28 1 1 1
     3132  27  4  29 1 1 1
     3133  28  1  1 1 1 1
     3134  28  1  2 1 1 1
     3135  28  1  3 1 1 1
     3136  28  1  4 1 1 1
     3137  28  1  5 1 1 1
     3138  28  1  6 1 1 1
     3139  28  1  7 1 1 1
     3140  28  1  8 1 1 1
     3141  28  1  9 1 1 1
     3142  28  1  10 1 1 1
     3143  28  1  11 1 1 1
     3144  28  1  12 1 1 1
     3145  28  1  13 1 1 1
     3146  28  1  14 1 1 1
     3147  28  1  15 1 1 1
     3148  28  1  16 1 1 1
     3149  28  1  17 1 1 1
     3150  28  1  18 1 1 1
     3151  28  1  19 1 1 1
     3152  28  1  20 1 1 1
     3153  28  1  21 1 1 1
     3154  28  1  22 1 1 1
     3155  28  1  23 1 1 1
     3156  28  1  24 1 1 1
     3157  28  1  25 1 1 1
     3158  28  1  26 1 1 1
     3159  28  1  27 1 1 1
     3160  28  1  28 1 1 1
     3161  28  1  29 1 1 1
     3162  28  2  1 1 1 1
     3163  28  2  2 1 1 1
     3164  28  2  3 1 1 1
     3165  28  2  4 1 1 1
     3166  28  2  5 1 1 1
     3167  28  2  6 1 1 1
     3168  28  2  7 1 1 1
     3169  28  2  8 1 1 1
     3170  28  2  9 1 1 1
     3171  28  2  10 1 1 1
     3172  28  2  11 1 1 1
     3173  28  2  12 1 1 1
     3174  28  2  13 1 1 1
     3175  28  2  14 1 1 1
     3176  28  2  15 1 1 1
     3177  28  2  16 1 1 1
     3178  28  2  17 1 1 1
     3179  28  2  18 1 1 1
     3180  28  2  19 1 1 1
     3181  28  2  20 1 1 1
     3182  28  2  21 1 1 1
     3183  28  2  22 1 1 1
     3184  28  2  23 1 1 1
     3185  28  2  24 1 1 1
     3186  28  2  25 1 1 1
     3187  28  2  26 1 1 1
     3188  28  2  27 1 1 1
     3189  28  2  28 1 1 1
     3190  28  2  29 1 1 1
     3191  28  3  1 1 1 1
     3192  28  3  2 1 1 1
     3193  28  3  3 1 1 1
     3194  28  3  4 1 1 1
     3195  28  3  5 1 1 1
     3196  28  3  6 1 1 1
     3197  28  3  7 1 1 1
     3198  28  3  8 1 1 1
     3199  28  3  9 1 1 1
     3200  28  3  10 1 1 1
     3201  28  3  11 1 1 1
     3202  28  3  12 1 1 1
     3203  28  3  13 1 1 1
     3204  28  3  14 1 1 1
     3205  28  3  15 1 1 1
     3206  28  3  16 1 1 1
     3207  28  3  17 1 1 1
     3208  28  3  18 1 1 1
     3209  28  3  19 1 1 1
     3210  28  3  20 1 1 1
     3211  28  3  21 1 1 1
     3212  28  3  22 1 1 1
     3213  28  3  23 1 1 1
     3214  28  3  24 1 1 1
     3215  28  3  25 1 1 1
     3216  28  3  26 1 1 1
     3217  28  3  27 1 1 1
     3218  28  3  28 1 1 1
     3219  28  3  29 1 1 1
     3220  28  4  1 1 1 1
     3221  28  4  2 1 1 1
     3222  28  4  3 1 1 1
     3223  28  4  4 1 1 1
     3224  28  4  5 1 1 1
     3225  28  4  6 1 1 1
     3226  28  4  7 1 1 1
     3227  28  4  8 1 1 1
     3228  28  4  9 1 1 1
     3229  28  4  10 1 1 1
     3230  28  4  11 1 1 1
     3231  28  4  12 1 1 1
     3232  28  4  13 1 1 1
     3233  28  4  14 1 1 1
     3234  28  4  15 1 1 1
     3235  28  4  16 1 1 1
     3236  28  4  17 1 1 1
     3237  28  4  18 1 1 1
     3238  28  4  19 1 1 1
     3239  28  4  20 1 1 1
     3240  28  4  21 1 1 1
     3241  28  4  22 1 1 1
     3242  28  4  23 1 1 1
     3243  28  4  24 1 1 1
     3244  28  4  25 1 1 1
     3245  28  4  26 1 1 1
     3246  28  4  27 1 1 1
     3247  28  4  28 1 1 1
     3248  28  4  29 1 1 1
     3249  29  1  1 1 1 1
     3250  29  1  2 1 1 1
     3251  29  1  3 1 1 1
     3252  29  1  4 1 1 1
     3253  29  1  5 1 1 1
     3254  29  1  6 1 1 1
     3255  29  1  7 1 1 1
     3256  29  1  8 1 1 1
     3257  29  1  9 1 1 1
     3258  29  1  10 1 1 1
     3259  29  1  11 1 1 1
     3260  29  1  12 1 1 1
     3261  29  1  13 1 1 1
     3262  29  1  14 1 1 1
     3263  29  1  15 1 1 1
     3264  29  1  16 1 1 1
     3265  29  1  17 1 1 1
     3266  29  1  18 1 1 1
     3267  29  1  19 1 1 1
     3268  29  1  20 1 1 1
     3269  29  1  21 1 1 1
     3270  29  1  22 1 1 1
     3271  29  1  23 1 1 1
     3272  29  1  24 1 1 1
     3273  29  1  25 1 1 1
     3274  29  1  26 1 1 1
     3275  29  1  27 1 1 1
     3276  29  1  28 1 1 1
     3277  29  1  29 1 1 1
     3278  29  2  1 1 1 1
     3279  29  2  2 1 1 1
     3280  29  2  3 1 1 1
     3281  29  2  4 1 1 1
     3282  29  2  5 1 1 1
     3283  29  2  6 1 1 1
     3284  29  2  7 1 1 1
     3285  29  2  8 1 1 1
     3286  29  2  9 1 1 1
     3287  29  2  10 1 1 1
     3288  29  2  11 1 1 1
     3289  29  2  12 1 1 1
     3290  29  2  13 1 1 1
     3291  29  2  14 1 1 1
     3292  29  2  15 1 1 1
     3293  29  2  16 1 1 1
     3294  29  2  17 1 1 1
     3295  29  2  18 1 1 1
     3296  29  2  19 1 1 1
     3297  29  2  20 1 1 1
     3298  29  2  21 1 1 1
     3299  29  2  22 1 1 1
     3300  29  2  23 1 1 1
     3301  29  2  24 1 1 1
     3302  29  2  25 1 1 1
     3303  29  2  26 1 1 1
     3304  29  2  27 1 1 1
     3305  29  2  28 1 1 1
     3306  29  2  29 1 1 1
     3307  29  3  1 1 1 1
     3308  29  3  2 1 1 1
     3309  29  3  3 1 1 1
     3310  29  3  4 1 1 1
     3311  29  3  5 1 1 1
     3312  29  3  6 1 1 1
     3313  29  3  7 1 1 1
     3314  29  3  8 1 1 1
     3315  29  3  9 1 1 1
     3316  29  3  10 1 1 1
     3317  29  3  11 1 1 1
     3318  29  3  12 1 1 1
     3319  29  3  13 1 1 1
     3320  29  3  14 1 1 1
     3321  29  3  15 1 1 1
     3322  29  3  16 1 1 1
     3323  29  3  17 1 1 1
     3324  29  3  18 1 1 1
     3325  29  3  19 1 1 1
     3326  29  3  20 1 1 1
     3327  29  3  21 1 1 1
     3328  29  3  22 1 1 1
     3329  29  3  23 1 1 1
     3330  29  3  24 1 1 1
     3331  29  3  25 1 1 1
     3332  29  3  26 1 1 1
     3333  29  3  27 1 1 1
     3334  29  3  28 1 1 1
     3335  29  3  29 1 1 1
     3336  29  4  1 1 1 1
     3337  29  4  2 1 1 1
     3338  29  4  3 1 1 1
     3339  29  4  4 1 1 1
     3340  29  4  5 1 1 1
     3341  29  4  6 1 1 1
     3342  29  4  7 1 1 1
     3343  29  4  8 1 1 1
     3344  29  4  9 1 1 1
     3345  29  4  10 1 1 1
     3346  29  4  11 1 1 1
     3347  29  4  12 1 1 1
     3348  29  4  13 1 1 1
     3349  29  4  14 1 1 1
     3350  29  4  15 1 1 1
     3351  29  4  16 1 1 1
     3352  29  4  17 1 1 1
     3353  29  4  18 1 1 1
     3354  29  4  19 1 1 1
     3355  29  4  20 1 1 1
     3356  29  4  21 1 1 1
     3357  29  4  22 1 1 1
     3358  29  4  23 1 1 1
     3359  29  4  24 1 1 1
     3360  29  4  25 1 1 1
     3361  29  4  26 1 1 1
     3362  29  4  27 1 1 1
     3363  29  4  28 1 1 1
     3364  29  4  29 1 1 1
     3365  30  1  1 1 1 1
     3366  30  1  2 1 1 1
     3367  30  1  3 1 1 1
     3368  30  1  4 1 1 1
     3369  30  1  5 1 1 1
     3370  30  1  6 1 1 1
     3371  30  1  7 1 1 1
     3372  30  1  8 1 1 1
     3373  30  1  9 1 1 1
     3374  30  1  10 1 1 1
     3375  30  1  11 1 1 1
     3376  30  1  12 1 1 1
     3377  30  1  13 1 1 1
     3378  30  1  14 1 1 1
     3379  30  1  15 1 1 1
     3380  30  1  16 1 1 1
     3381  30  1  17 1 1 1
     3382  30  1  18 1 1 1
     3383  30  1  19 1 1 1
     3384  30  1  20 1 1 1
     3385  30  1  21 1 1 1
     3386  30  1  22 1 1 1
     3387  30  1  23 1 1 1
     3388  30  1  24 1 1 1
     3389  30  1  25 1 1 1
     3390  30  1  26 1 1 1
     3391  30  1  27 1 1 1
     3392  30  1  28 1 1 1
     3393  30  1  29 1 1 1
     3394  30  2  1 1 1 1
     3395  30  2  2 1 1 1
     3396  30  2  3 1 1 1
     3397  30  2  4 1 1 1
     3398  30  2  5 1 1 1
     3399  30  2  6 1 1 1
     3400  30  2  7 1 1 1
     3401  30  2  8 1 1 1
     3402  30  2  9 1 1 1
     3403  30  2  10 1 1 1
     3404  30  2  11 1 1 1
     3405  30  2  12 1 1 1
     3406  30  2  13 1 1 1
     3407  30  2  14 1 1 1
     3408  30  2  15 1 1 1
     3409  30  2  16 1 1 1
     3410  30  2  17 1 1 1
     3411  30  2  18 1 1 1
     3412  30  2  19 1 1 1
     3413  30  2  20 1 1 1
     3414  30  2  21 1 1 1
     3415  30  2  22 1 1 1
     3416  30  2  23 1 1 1
     3417  30  2  24 1 1 1
     3418  30  2  25 1 1 1
     3419  30  2  26 1 1 1
     3420  30  2  27 1 1 1
     3421  30  2  28 1 1 1
     3422  30  2  29 1 1 1
     3423  30  3  1 1 1 1
     3424  30  3  2 1 1 1
     3425  30  3  3 1 1 1
     3426  30  3  4 1 1 1
     3427  30  3  5 1 1 1
     3428  30  3  6 1 1 1
     3429  30  3  7 1 1 1
     3430  30  3  8 1 1 1
     3431  30  3  9 1 1 1
     3432  30  3  10 1 1 1
     3433  30  3  11 1 1 1
     3434  30  3  12 1 1 1
     3435  30  3  13 1 1 1
     3436  30  3  14 1 1 1
     3437  30  3  15 1 1 1
     3438  30  3  16 1 1 1
     3439  30  3  17 1 1 1
     3440  30  3  18 1 1 1
     3441  30  3  19 1 1 1
     3442  30  3  20 1 1 1
     3443  30  3  21 1 1 1
     3444  30  3  22 1 1 1
     3445  30  3  23 1 1 1
     3446  30  3  24 1 1 1
     3447  30  3  25 1 1 1
     3448  30  3  26 1 1 1
     3449  30  3  27 1 1 1
     3450  30  3  28 1 1 1
     3451  30  3  29 1 1 1
     3452  30  4  1 1 1 1
     3453  30  4  2 1 1 1
     3454  30  4  3 1 1 1
     3455  30  4  4 1 1 1
     3456  30  4  5 1 1 1
     3457  30  4  6 1 1 1
     3458  30  4  7 1 1 1
     3459  30  4  8 1 1 1
     3460  30  4  9 1 1 1
     3461  30  4  10 1 1 1
     3462  30  4  11 1 1 1
     3463  30  4  12 1 1 1
     3464  30  4  13 1 1 1
     3465  30  4  14 1 1 1
     3466  30  4  15 1 1 1
     3467  30  4  16 1 1 1
     3468  30  4  17 1 1 1
     3469  30  4  18 1 1 1
     3470  30  4  19 1 1 1
     3471  30  4  20 1 1 1
     3472  30  4  21 1 1 1
     3473  30  4  22 1 1 1
     3474  30  4  23 1 1 1
     3475  30  4  24 1 1 1
     3476  30  4  25 1 1 1
     3477  30  4  26 1 1 1
     3478  30  4  27 1 1 1
     3479  30  4  28 1 1 1
     3480  30  4  29 1 1 1
     3481  31  1  1 1 1 1
     3482  31  1  2 1 1 1
     3483  31  1  3 1 1 1
     3484  31  1  4 1 1 1
     3485  31  1  5 1 1 1
     3486  31  1  6 1 1 1
     3487  31  1  7 1 1 1
     3488  31  1  8 1 1 1
     3489  31  1  9 1 1 1
     3490  31  1  10 1 1 1
     3491  31  1  11 1 1 1
     3492  31  1  12 1 1 1
     3493  31  1  13 1 1 1
     3494  31  1  14 1 1 1
     3495  31  1  15 1 1 1
     3496  31  1  16 1 1 1
     3497  31  1  17 1 1 1
     3498  31  1  18 1 1 1
     3499  31  1  19 1 1 1
     3500  31  1  20 1 1 1
     3501  31  1  21 1 1 1
     3502  31  1  22 1 1 1
     3503  31  1  23 1 1 1
     3504  31  1  24 1 1 1
     3505  31  1  25 1 1 1
     3506  31  1  26 1 1 1
     3507  31  1  27 1 1 1
     3508  31  1  28 1 1 1
     3509  31  1  29 1 1 1
     3510  31  2  1 1 1 1
     3511  31  2  2 1 1 1
     3512  31  2  3 1 1 1
     3513  31  2  4 1 1 1
     3514  31  2  5 1 1 1
     3515  31  2  6 1 1 1
     3516  31  2  7 1 1 1
     3517  31  2  8 1 1 1
     3518  31  2  9 1 1 1
     3519  31  2  10 1 1 1
     3520  31  2  11 1 1 1
     3521  31  2  12 1 1 1
     3522  31  2  13 1 1 1
     3523  31  2  14 1 1 1
     3524  31  2  15 1 1 1
     3525  31  2  16 1 1 1
     3526  31  2  17 1 1 1
     3527  31  2  18 1 1 1
     3528  31  2  19 1 1 1
     3529  31  2  20 1 1 1
     3530  31  2  21 1 1 1
     3531  31  2  22 1 1 1
     3532  31  2  23 1 1 1
     3533  31  2  24 1 1 1
     3534  31  2  25 1 1 1
     3535  31  2  26 1 1 1
     3536  31  2  27 1 1 1
     3537  31  2  28 1 1 1
     3538  31  2  29 1 1 1
     3539  31  3  1 1 1 1
     3540  31  3  2 1 1 1
     3541  31  3  3 1 1 1
     3542  31  3  4 1 1 1
     3543  31  3  5 1 1 1
     3544  31  3  6 1 1 1
     3545  31  3  7 1 1 1
     3546  31  3  8 1 1 1
     3547  31  3  9 1 1 1
     3548  31  3  10 1 1 1
     3549  31  3  11 1 1 1
     3550  31  3  12 1 1 1
     3551  31  3  13 1 1 1
     3552  31  3  14 1 1 1
     3553  31  3  15 1 1 1
     3554  31  3  16 1 1 1
     3555  31  3  17 1 1 1
     3556  31  3  18 1 1 1
     3557  31  3  19 1 1 1
     3558  31  3  20 1 1 1
     3559  31  3  21 1 1 1
     3560  31  3  22 1 1 1
     3561  31  3  23 1 1 1
     3562  31  3  24 1 1 1
     3563  31  3  25 1 1 1
     3564  31  3  26 1 1 1
     3565  31  3  27 1 1 1
     3566  31  3  28 1 1 1
     3567  31  3  29 1 1 1
     3568  31  4  1 1 1 1
     3569  31  4  2 1 1 1
     3570  31  4  3 1 1 1
     3571  31  4  4 1 1 1
     3572  31  4  5 1 1 1
     3573  31  4  6 1 1 1
     3574  31  4  7 1 1 1
     3575  31  4  8 1 1 1
     3576  31  4  9 1 1 1
     3577  31  4  10 1 1 1
     3578  31  4  11 1 1 1
     3579  31  4  12 1 1 1
     3580  31  4  13 1 1 1
     3581  31  4  14 1 1 1
     3582  31  4  15 1 1 1
     3583  31  4  16 1 1 1
     3584  31  4  17 1 1 1
     3585  31  4  18 1 1 1
     3586  31  4  19 1 1 1
     3587  31  4  20 1 1 1
     3588  31  4  21 1 1 1
     3589  31  4  22 1 1 1
     3590  31  4  23 1 1 1
     3591  31  4  24 1 1 1
     3592  31  4  25 1 1 1
     3593  31  4  26 1 1 1
     3594  31  4  27 1 1 1
     3595  31  4  28 1 1 1
     3596  31  4  29 1 1 1