>GEOMETRY   sphere; AX,AY,AZ= 0.1540 0.1540 0.1540
     1417 = NAT 
  1.000000  0.000000  0.000000 = A_1 vector
  0.000000  1.000000  0.000000 = A_2 vector
  1.000000  1.000000  1.000000 = lattice spacings (d_x,d_y,d_z)/d
 -0.00000 -0.00000 -0.00000 = lattice offset x0(1-3) = (x_TF, y_TF, z_TF)/d for dipole 0 0 0
     JA  IX  IY  IZ ICOMP(x,y,z)
     1  1  8  8 1 1 1
     2  2  5  6 1 1 1
     3  2  5  7 1 1 1
     4  2  5  8 1 1 1
     5  2  5  9 1 1 1
     6  2  5  10 1 1 1
     7  2  6  5 1 1 1
     8  2  6  6 1 1 1
     9  2  6  7 1 1 1
     10  2  6  8 1 1 1
     11  2  6  9 1 1 1
     12  2  6  10 1 1 1
     13  2  6  11 1 1 1
     14  2  7  5 1 1 1
     15  2  7  6 1 1 1
     16  2  7  7 1 1 1
     17  2  7  8 1 1 1
     18  2  7  9 1 1 1
     19  2  7  10 1 1 1
     20  2  7  11 1 1 1
     21  2  8  5 1 1 1
     22  2  8  6 1 1 1
     23  2  8  7 1 1 1
     24  2  8  8 1 1 1
     25  2  8  9 1 1 1
     26  2  8  10 1 1 1
     27  2  8  11 1 1 1
     28  2  9  5 1 1 1
     29  2  9  6 1 1 1
     30  2  9  7 1 1 1
     31  2  9  8 1 1 1
     32  2  9  9 1 1 1
     33  2  9  10 1 1 1
     34  2  9  11 1 1 1
     35  2  10  5 1 1 1
     36  2  10  6 1 1 1
     37  2  10  7 1 1 1
     38  2  10  8 1 1 1
     39  2  10  9 1 1 1
     40  2  10  10 1 1 1
     41  2  10  11 1 1 1
     42  2  11  6 1 1 1
     43  2  11  7 1 1 1
     44  2  11  8 1 1 1
     45  2  11  9 1 1 1
     46  2  11  10 1 1 1
     47  3  4  6 1 1 1
     48  3  4  7 1 1 1
     49  3  4  8 1 1 1
     50  3  4  9 1 1 1
     51  3  4  10 1 1 1
     52  3  5  5 1 1 1
     53  3  5  6 1 1 1
     54  3  5  7 1 1 1
     55  3  5  8 1 1 1
     56  3  5  9 1 1 1
     57  3  5  10 1 1 1
     58  3  5  11 1 1 1
     59  3  6  4 1 1 1
     60  3  6  5 1 1 1
     61  3  6  6 1 1 1
     62  3  6  7 1 1 1
     63  3  6  8 1 1 1
     64  3  6  9 1 1 1
     65  3  6  10 1 1 1
     66  3  6  11 1 1 1
     67  3  6  13 1 1 1
     68  3  7  4 1 1 1
     69  3  7  5 1 1 1
     70  3  7  6 1 1 1
     71  3  7  7 1 1 1
     72  3  7  8 1 1 1
     73  3  7  9 1 1 1
     74  3  7  10 1 1 1
     75  3  7  11 1 1 1
     76  3  7  13 1 1 1
     77  3  8  4 1 1 1
     78  3  8  5 1 1 1
     79  3  8  6 1 1 1
     80  3  8  7 1 1 1
     81  3  8  8 1 1 1
     82  3  8  9 1 1 1
     83  3  8  10 1 1 1
     84  3  8  11 1 1 1
     85  3  8  13 1 1 1
     86  3  9  4 1 1 1
     87  3  9  5 1 1 1
     88  3  9  6 1 1 1
     89  3  9  7 1 1 1
     90  3  9  8 1 1 1
     91  3  9  9 1 1 1
     92  3  9  10 1 1 1
     93  3  9  11 1 1 1
     94  3  9  13 1 1 1
     95  3  10  4 1 1 1
     96  3  10  5 1 1 1
     97  3  10  6 1 1 1
     98  3  10  7 1 1 1
     99  3  10  8 1 1 1
     100  3  10  9 1 1 1
     101  3  10  10 1 1 1
     102  3  10  11 1 1 1
     103  3  10  13 1 1 1
     104  3  11  5 1 1 1
     105  3  11  6 1 1 1
     106  3  11  7 1 1 1
     107  3  11  8 1 1 1
     108  3  11  9 1 1 1
     109  3  11  10 1 1 1
     110  3  11  11 1 1 1
     111  3  13  6 1 1 1
     112  3  13  7 1 1 1
     113  3  13  8 1 1 1
     114  3  13  9 1 1 1
     115  3  13  10 1 1 1
     116  4  3  6 1 1 1
     117  4  3  7 1 1 1
     118  4  3  8 1 1 1
     119  4  3  9 1 1 1
     120  4  3  10 1 1 1
     121  4  4  4 1 1 1
     122  4  4  5 1 1 1
     123  4  4  6 1 1 1
     124  4  4  7 1 1 1
     125  4  4  8 1 1 1
     126  4  4  9 1 1 1
     127  4  4  10 1 1 1
     128  4  4  11 1 1 1
     129  4  4  13 1 1 1
     130  4  5  4 1 1 1
     131  4  5  5 1 1 1
     132  4  5  6 1 1 1
     133  4  5  7 1 1 1
     134  4  5  8 1 1 1
     135  4  5  9 1 1 1
     136  4  5  10 1 1 1
     137  4  5  11 1 1 1
     138  4  5  13 1 1 1
     139  4  6  3 1 1 1
     140  4  6  4 1 1 1
     141  4  6  5 1 1 1
     142  4  6  6 1 1 1
     143  4  6  7 1 1 1
     144  4  6  8 1 1 1
     145  4  6  9 1 1 1
     146  4  6  10 1 1 1
     147  4  6  11 1 1 1
     148  4  6  13 1 1 1
     149  4  6  14 1 1 1
     150  4  7  3 1 1 1
     151  4  7  4 1 1 1
     152  4  7  5 1 1 1
     153  4  7  6 1 1 1
     154  4  7  7 1 1 1
     155  4  7  8 1 1 1
     156  4  7  9 1 1 1
     157  4  7  10 1 1 1
     158  4  7  11 1 1 1
     159  4  7  13 1 1 1
     160  4  7  14 1 1 1
     161  4  8  3 1 1 1
     162  4  8  4 1 1 1
     163  4  8  5 1 1 1
     164  4  8  6 1 1 1
     165  4  8  7 1 1 1
     166  4  8  8 1 1 1
     167  4  8  9 1 1 1
     168  4  8  10 1 1 1
     169  4  8  11 1 1 1
     170  4  8  13 1 1 1
     171  4  8  14 1 1 1
     172  4  9  3 1 1 1
     173  4  9  4 1 1 1
     174  4  9  5 1 1 1
     175  4  9  6 1 1 1
     176  4  9  7 1 1 1
     177  4  9  8 1 1 1
     178  4  9  9 1 1 1
     179  4  9  10 1 1 1
     180  4  9  11 1 1 1
     181  4  9  13 1 1 1
     182  4  9  14 1 1 1
     183  4  10  3 1 1 1
     184  4  10  4 1 1 1
     185  4  10  5 1 1 1
     186  4  10  6 1 1 1
     187  4  10  7 1 1 1
     188  4  10  8 1 1 1
     189  4  10  9 1 1 1
     190  4  10  10 1 1 1
     191  4  10  11 1 1 1
     192  4  10  13 1 1 1
     193  4  10  14 1 1 1
     194  4  11  4 1 1 1
     195  4  11  5 1 1 1
     196  4  11  6 1 1 1
     197  4  11  7 1 1 1
     198  4  11  8 1 1 1
     199  4  11  9 1 1 1
     200  4  11  10 1 1 1
     201  4  11  11 1 1 1
     202  4  11  13 1 1 1
     203  4  13  4 1 1 1
     204  4  13  5 1 1 1
     205  4  13  6 1 1 1
     206  4  13  7 1 1 1
     207  4  13  8 1 1 1
     208  4  13  9 1 1 1
     209  4  13  10 1 1 1
     210  4  13  11 1 1 1
     211  4  13  13 1 1 1
     212  4  14  6 1 1 1
     213  4  14  7 1 1 1
     214  4  14  8 1 1 1
     215  4  14  9 1 1 1
     216  4  14  10 1 1 1
     217  5  2  6 1 1 1
     218  5  2  7 1 1 1
     219  5  2  8 1 1 1
     220  5  2  9 1 1 1
     221  5  2  10 1 1 1
     222  5  3  5 1 1 1
     223  5  3  6 1 1 1
     224  5  3  7 1 1 1
     225  5  3  8 1 1 1
     226  5  3  9 1 1 1
     227  5  3  10 1 1 1
     228  5  3  11 1 1 1
     229  5  4  4 1 1 1
     230  5  4  5 1 1 1
     231  5  4  6 1 1 1
     232  5  4  7 1 1 1
     233  5  4  8 1 1 1
     234  5  4  9 1 1 1
     235  5  4  10 1 1 1
     236  5  4  11 1 1 1
     237  5  4  13 1 1 1
     238  5  5  3 1 1 1
     239  5  5  4 1 1 1
     240  5  5  5 1 1 1
     241  5  5  6 1 1 1
     242  5  5  7 1 1 1
     243  5  5  8 1 1 1
     244  5  5  9 1 1 1
     245  5  5  10 1 1 1
     246  5  5  11 1 1 1
     247  5  5  13 1 1 1
     248  5  5  14 1 1 1
     249  5  6  3 1 1 1
     250  5  6  4 1 1 1
     251  5  6  5 1 1 1
     252  5  6  6 1 1 1
     253  5  6  7 1 1 1
     254  5  6  8 1 1 1
     255  5  6  9 1 1 1
     256  5  6  10 1 1 1
     257  5  6  11 1 1 1
     258  5  6  13 1 1 1
     259  5  6  14 1 1 1
     260  5  6  15 1 1 1
     261  5  7  2 1 1 1
     262  5  7  3 1 1 1
     263  5  7  4 1 1 1
     264  5  7  5 1 1 1
     265  5  7  6 1 1 1
     266  5  7  7 1 1 1
     267  5  7  8 1 1 1
     268  5  7  9 1 1 1
     269  5  7  10 1 1 1
     270  5  7  11 1 1 1
     271  5  7  13 1 1 1
     272  5  7  14 1 1 1
     273  5  7  15 1 1 1
     274  5  8  2 1 1 1
     275  5  8  3 1 1 1
     276  5  8  4 1 1 1
     277  5  8  5 1 1 1
     278  5  8  6 1 1 1
     279  5  8  7 1 1 1
     280  5  8  8 1 1 1
     281  5  8  9 1 1 1
     282  5  8  10 1 1 1
     283  5  8  11 1 1 1
     284  5  8  13 1 1 1
     285  5  8  14 1 1 1
     286  5  8  15 1 1 1
     287  5  9  2 1 1 1
     288  5  9  3 1 1 1
     289  5  9  4 1 1 1
     290  5  9  5 1 1 1
     291  5  9  6 1 1 1
     292  5  9  7 1 1 1
     293  5  9  8 1 1 1
     294  5  9  9 1 1 1
     295  5  9  10 1 1 1
     296  5  9  11 1 1 1
     297  5  9  13 1 1 1
     298  5  9  14 1 1 1
     299  5  9  15 1 1 1
     300  5  10  2 1 1 1
     301  5  10  3 1 1 1
     302  5  10  4 1 1 1
     303  5  10  5 1 1 1
     304  5  10  6 1 1 1
     305  5  10  7 1 1 1
     306  5  10  8 1 1 1
     307  5  10  9 1 1 1
     308  5  10  10 1 1 1
     309  5  10  11 1 1 1
     310  5  10  13 1 1 1
     311  5  10  14 1 1 1
     312  5  10  15 1 1 1
     313  5  11  3 1 1 1
     314  5  11  4 1 1 1
     315  5  11  5 1 1 1
     316  5  11  6 1 1 1
     317  5  11  7 1 1 1
     318  5  11  8 1 1 1
     319  5  11  9 1 1 1
     320  5  11  10 1 1 1
     321  5  11  11 1 1 1
     322  5  11  13 1 1 1
     323  5  11  14 1 1 1
     324  5  13  4 1 1 1
     325  5  13  5 1 1 1
     326  5  13  6 1 1 1
     327  5  13  7 1 1 1
     328  5  13  8 1 1 1
     329  5  13  9 1 1 1
     330  5  13  10 1 1 1
     331  5  13  11 1 1 1
     332  5  13  13 1 1 1
     333  5  14  5 1 1 1
     334  5  14  6 1 1 1
     335  5  14  7 1 1 1
     336  5  14  8 1 1 1
     337  5  14  9 1 1 1
     338  5  14  10 1 1 1
     339  5  14  11 1 1 1
     340  5  15  6 1 1 1
     341  5  15  7 1 1 1
     342  5  15  8 1 1 1
     343  5  15  9 1 1 1
     344  5  15  10 1 1 1
     345  6  2  5 1 1 1
     346  6  2  6 1 1 1
     347  6  2  7 1 1 1
     348  6  2  8 1 1 1
     349  6  2  9 1 1 1
     350  6  2  10 1 1 1
     351  6  2  11 1 1 1
     352  6  3  4 1 1 1
     353  6  3  5 1 1 1
     354  6  3  6 1 1 1
     355  6  3  7 1 1 1
     356  6  3  8 1 1 1
     357  6  3  9 1 1 1
     358  6  3  10 1 1 1
     359  6  3  11 1 1 1
     360  6  3  13 1 1 1
     361  6  4  3 1 1 1
     362  6  4  4 1 1 1
     363  6  4  5 1 1 1
     364  6  4  6 1 1 1
     365  6  4  7 1 1 1
     366  6  4  8 1 1 1
     367  6  4  9 1 1 1
     368  6  4  10 1 1 1
     369  6  4  11 1 1 1
     370  6  4  13 1 1 1
     371  6  4  14 1 1 1
     372  6  5  3 1 1 1
     373  6  5  4 1 1 1
     374  6  5  5 1 1 1
     375  6  5  6 1 1 1
     376  6  5  7 1 1 1
     377  6  5  8 1 1 1
     378  6  5  9 1 1 1
     379  6  5  10 1 1 1
     380  6  5  11 1 1 1
     381  6  5  13 1 1 1
     382  6  5  14 1 1 1
     383  6  5  15 1 1 1
     384  6  6  2 1 1 1
     385  6  6  3 1 1 1
     386  6  6  4 1 1 1
     387  6  6  5 1 1 1
     388  6  6  6 1 1 1
     389  6  6  7 1 1 1
     390  6  6  8 1 1 1
     391  6  6  9 1 1 1
     392  6  6  10 1 1 1
     393  6  6  11 1 1 1
     394  6  6  13 1 1 1
     395  6  6  14 1 1 1
     396  6  6  15 1 1 1
     397  6  7  2 1 1 1
     398  6  7  3 1 1 1
     399  6  7  4 1 1 1
     400  6  7  5 1 1 1
     401  6  7  6 1 1 1
     402  6  7  7 1 1 1
     403  6  7  8 1 1 1
     404  6  7  9 1 1 1
     405  6  7  10 1 1 1
     406  6  7  11 1 1 1
     407  6  7  13 1 1 1
     408  6  7  14 1 1 1
     409  6  7  15 1 1 1
     410  6  8  2 1 1 1
     411  6  8  3 1 1 1
     412  6  8  4 1 1 1
     413  6  8  5 1 1 1
     414  6  8  6 1 1 1
     415  6  8  7 1 1 1
     416  6  8  8 1 1 1
     417  6  8  9 1 1 1
     418  6  8  10 1 1 1
     419  6  8  11 1 1 1
     420  6  8  13 1 1 1
     421  6  8  14 1 1 1
     422  6  8  15 1 1 1
     423  6  9  2 1 1 1
     424  6  9  3 1 1 1
     425  6  9  4 1 1 1
     426  6  9  5 1 1 1
     427  6  9  6 1 1 1
     428  6  9  7 1 1 1
     429  6  9  8 1 1 1
     430  6  9  9 1 1 1
     431  6  9  10 1 1 1
     432  6  9  11 1 1 1
     433  6  9  13 1 1 1
     434  6  9  14 1 1 1
     435  6  9  15 1 1 1
     436  6  10  2 1 1 1
     437  6  10  3 1 1 1
     438  6  10  4 1 1 1
     439  6  10  5 1 1 1
     440  6  10  6 1 1 1
     441  6  10  7 1 1 1
     442  6  10  8 1 1 1
     443  6  10  9 1 1 1
     444  6  10  10 1 1 1
     445  6  10  11 1 1 1
     446  6  10  13 1 1 1
     447  6  10  14 1 1 1
     448  6  10  15 1 1 1
     449  6  11  2 1 1 1
     450  6  11  3 1 1 1
     451  6  11  4 1 1 1
     452  6  11  5 1 1 1
     453  6  11  6 1 1 1
     454  6  11  7 1 1 1
     455  6  11  8 1 1 1
     456  6  11  9 1 1 1
     457  6  11  10 1 1 1
     458  6  11  11 1 1 1
     459  6  11  13 1 1 1
     460  6  11  14 1 1 1
     461  6  11  15 1 1 1
     462  6  13  3 1 1 1
     463  6  13  4 1 1 1
     464  6  13  5 1 1 1
     465  6  13  6 1 1 1
     466  6  13  7 1 1 1
     467  6  13  8 1 1 1
     468  6  13  9 1 1 1
     469  6  13  10 1 1 1
     470  6  13  11 1 1 1
     471  6  13  13 1 1 1
     472  6  13  14 1 1 1
     473  6  14  4 1 1 1
     474  6  14  5 1 1 1
     475  6  14  6 1 1 1
     476  6  14  7 1 1 1
     477  6  14  8 1 1 1
     478  6  14  9 1 1 1
     479  6  14  10 1 1 1
     480  6  14  11 1 1 1
     481  6  14  13 1 1 1
     482  6  15  5 1 1 1
     483  6  15  6 1 1 1
     484  6  15  7 1 1 1
     485  6  15  8 1 1 1
     486  6  15  9 1 1 1
     487  6  15  10 1 1 1
     488  6  15  11 1 1 1
     489  7  2  5 1 1 1
     490  7  2  6 1 1 1
     491  7  2  7 1 1 1
     492  7  2  8 1 1 1
     493  7  2  9 1 1 1
     494  7  2  10 1 1 1
     495  7  2  11 1 1 1
     496  7  3  4 1 1 1
     497  7  3  5 1 1 1
     498  7  3  6 1 1 1
     499  7  3  7 1 1 1
     500  7  3  8 1 1 1
     501  7  3  9 1 1 1
     502  7  3  10 1 1 1
     503  7  3  11 1 1 1
     504  7  3  13 1 1 1
     505  7  4  3 1 1 1
     506  7  4  4 1 1 1
     507  7  4  5 1 1 1
     508  7  4  6 1 1 1
     509  7  4  7 1 1 1
     510  7  4  8 1 1 1
     511  7  4  9 1 1 1
     512  7  4  10 1 1 1
     513  7  4  11 1 1 1
     514  7  4  13 1 1 1
     515  7  4  14 1 1 1
     516  7  5  2 1 1 1
     517  7  5  3 1 1 1
     518  7  5  4 1 1 1
     519  7  5  5 1 1 1
     520  7  5  6 1 1 1
     521  7  5  7 1 1 1
     522  7  5  8 1 1 1
     523  7  5  9 1 1 1
     524  7  5  10 1 1 1
     525  7  5  11 1 1 1
     526  7  5  13 1 1 1
     527  7  5  14 1 1 1
     528  7  5  15 1 1 1
     529  7  6  2 1 1 1
     530  7  6  3 1 1 1
     531  7  6  4 1 1 1
     532  7  6  5 1 1 1
     533  7  6  6 1 1 1
     534  7  6  7 1 1 1
     535  7  6  8 1 1 1
     536  7  6  9 1 1 1
     537  7  6  10 1 1 1
     538  7  6  11 1 1 1
     539  7  6  13 1 1 1
     540  7  6  14 1 1 1
     541  7  6  15 1 1 1
     542  7  7  2 1 1 1
     543  7  7  3 1 1 1
     544  7  7  4 1 1 1
     545  7  7  5 1 1 1
     546  7  7  6 1 1 1
     547  7  7  7 1 1 1
     548  7  7  8 1 1 1
     549  7  7  9 1 1 1
     550  7  7  10 1 1 1
     551  7  7  11 1 1 1
     552  7  7  13 1 1 1
     553  7  7  14 1 1 1
     554  7  7  15 1 1 1
     555  7  8  2 1 1 1
     556  7  8  3 1 1 1
     557  7  8  4 1 1 1
     558  7  8  5 1 1 1
     559  7  8  6 1 1 1
     560  7  8  7 1 1 1
     561  7  8  8 1 1 1
     562  7  8  9 1 1 1
     563  7  8  10 1 1 1
     564  7  8  11 1 1 1
     565  7  8  13 1 1 1
     566  7  8  14 1 1 1
     567  7  8  15 1 1 1
     568  7  9  2 1 1 1
     569  7  9  3 1 1 1
     570  7  9  4 1 1 1
     571  7  9  5 1 1 1
     572  7  9  6 1 1 1
     573  7  9  7 1 1 1
     574  7  9  8 1 1 1
     575  7  9  9 1 1 1
     576  7  9  10 1 1 1
     577  7  9  11 1 1 1
     578  7  9  13 1 1 1
     579  7  9  14 1 1 1
     580  7  9  15 1 1 1
     581  7  10  2 1 1 1
     582  7  10  3 1 1 1
     583  7  10  4 1 1 1
     584  7  10  5 1 1 1
     585  7  10  6 1 1 1
     586  7  10  7 1 1 1
     587  7  10  8 1 1 1
     588  7  10  9 1 1 1
     589  7  10  10 1 1 1
     590  7  10  11 1 1 1
     591  7  10  13 1 1 1
     592  7  10  14 1 1 1
     593  7  10  15 1 1 1
     594  7  11  2 1 1 1
     595  7  11  3 1 1 1
     596  7  11  4 1 1 1
     597  7  11  5 1 1 1
     598  7  11  6 1 1 1
     599  7  11  7 1 1 1
     600  7  11  8 1 1 1
     601  7  11  9 1 1 1
     602  7  11  10 1 1 1
     603  7  11  11 1 1 1
     604  7  11  13 1 1 1
     605  7  11  14 1 1 1
     606  7  11  15 1 1 1
     607  7  13  3 1 1 1
     608  7  13  4 1 1 1
     609  7  13  5 1 1 1
     610  7  13  6 1 1 1
     611  7  13  7 1 1 1
     612  7  13  8 1 1 1
     613  7  13  9 1 1 1
     614  7  13  10 1 1 1
     615  7  13  11 1 1 1
     616  7  13  13 1 1 1
     617  7  13  14 1 1 1
     618  7  14  4 1 1 1
     619  7  14  5 1 1 1
     620  7  14  6 1 1 1
     621  7  14  7 1 1 1
     622  7  14  8 1 1 1
     623  7  14  9 1 1 1
     624  7  14  10 1 1 1
     625  7  14  11 1 1 1
     626  7  14  13 1 1 1
     627  7  15  5 1 1 1
     628  7  15  6 1 1 1
     629  7  15  7 1 1 1
     630  7  15  8 1 1 1
     631  7  15  9 1 1 1
     632  7  15  10 1 1 1
     633  7  15  11 1 1 1
     634  8  1  8 1 1 1
     635  8  2  5 1 1 1
     636  8  2  6 1 1 1
     637  8  2  7 1 1 1
     638  8  2  8 1 1 1
     639  8  2  9 1 1 1
     640  8  2  10 1 1 1
     641  8  2  11 1 1 1
     642  8  3  4 1 1 1
     643  8  3  5 1 1 1
     644  8  3  6 1 1 1
     645  8  3  7 1 1 1
     646  8  3  8 1 1 1
     647  8  3  9 1 1 1
     648  8  3  10 1 1 1
     649  8  3  11 1 1 1
     650  8  3  13 1 1 1
     651  8  4  3 1 1 1
     652  8  4  4 1 1 1
     653  8  4  5 1 1 1
     654  8  4  6 1 1 1
     655  8  4  7 1 1 1
     656  8  4  8 1 1 1
     657  8  4  9 1 1 1
     658  8  4  10 1 1 1
     659  8  4  11 1 1 1
     660  8  4  13 1 1 1
     661  8  4  14 1 1 1
     662  8  5  2 1 1 1
     663  8  5  3 1 1 1
     664  8  5  4 1 1 1
     665  8  5  5 1 1 1
     666  8  5  6 1 1 1
     667  8  5  7 1 1 1
     668  8  5  8 1 1 1
     669  8  5  9 1 1 1
     670  8  5  10 1 1 1
     671  8  5  11 1 1 1
     672  8  5  13 1 1 1
     673  8  5  14 1 1 1
     674  8  5  15 1 1 1
     675  8  6  2 1 1 1
     676  8  6  3 1 1 1
     677  8  6  4 1 1 1
     678  8  6  5 1 1 1
     679  8  6  6 1 1 1
     680  8  6  7 1 1 1
     681  8  6  8 1 1 1
     682  8  6  9 1 1 1
     683  8  6  10 1 1 1
     684  8  6  11 1 1 1
     685  8  6  13 1 1 1
     686  8  6  14 1 1 1
     687  8  6  15 1 1 1
     688  8  7  2 1 1 1
     689  8  7  3 1 1 1
     690  8  7  4 1 1 1
     691  8  7  5 1 1 1
     692  8  7  6 1 1 1
     693  8  7  7 1 1 1
     694  8  7  8 1 1 1
     695  8  7  9 1 1 1
     696  8  7  10 1 1 1
     697  8  7  11 1 1 1
     698  8  7  13 1 1 1
     699  8  7  14 1 1 1
     700  8  7  15 1 1 1
     701  8  8  1 1 1 1
     702  8  8  2 1 1 1
     703  8  8  3 1 1 1
     704  8  8  4 1 1 1
     705  8  8  5 1 1 1
     706  8  8  6 1 1 1
     707  8  8  7 1 1 1
     708  8  8  8 1 1 1
     709  8  8  9 1 1 1
     710  8  8  10 1 1 1
     711  8  8  11 1 1 1
     712  8  8  13 1 1 1
     713  8  8  14 1 1 1
     714  8  8  15 1 1 1
     715  8  8  16 1 1 1
     716  8  9  2 1 1 1
     717  8  9  3 1 1 1
     718  8  9  4 1 1 1
     719  8  9  5 1 1 1
     720  8  9  6 1 1 1
     721  8  9  7 1 1 1
     722  8  9  8 1 1 1
     723  8  9  9 1 1 1
     724  8  9  10 1 1 1
     725  8  9  11 1 1 1
     726  8  9  13 1 1 1
     727  8  9  14 1 1 1
     728  8  9  15 1 1 1
     729  8  10  2 1 1 1
     730  8  10  3 1 1 1
     731  8  10  4 1 1 1
     732  8  10  5 1 1 1
     733  8  10  6 1 1 1
     734  8  10  7 1 1 1
     735  8  10  8 1 1 1
     736  8  10  9 1 1 1
     737  8  10  10 1 1 1
     738  8  10  11 1 1 1
     739  8  10  13 1 1 1
     740  8  10  14 1 1 1
     741  8  10  15 1 1 1
     742  8  11  2 1 1 1
     743  8  11  3 1 1 1
     744  8  11  4 1 1 1
     745  8  11  5 1 1 1
     746  8  11  6 1 1 1
     747  8  11  7 1 1 1
     748  8  11  8 1 1 1
     749  8  11  9 1 1 1
     750  8  11  10 1 1 1
     751  8  11  11 1 1 1
     752  8  11  13 1 1 1
     753  8  11  14 1 1 1
     754  8  11  15 1 1 1
     755  8  13  3 1 1 1
     756  8  13  4 1 1 1
     757  8  13  5 1 1 1
     758  8  13  6 1 1 1
     759  8  13  7 1 1 1
     760  8  13  8 1 1 1
     761  8  13  9 1 1 1
     762  8  13  10 1 1 1
     763  8  13  11 1 1 1
     764  8  13  13 1 1 1
     765  8  13  14 1 1 1
     766  8  14  4 1 1 1
     767  8  14  5 1 1 1
     768  8  14  6 1 1 1
     769  8  14  7 1 1 1
     770  8  14  8 1 1 1
     771  8  14  9 1 1 1
     772  8  14  10 1 1 1
     773  8  14  11 1 1 1
     774  8  14  13 1 1 1
     775  8  15  5 1 1 1
     776  8  15  6 1 1 1
     777  8  15  7 1 1 1
     778  8  15  8 1 1 1
     779  8  15  9 1 1 1
     780  8  15  10 1 1 1
     781  8  15  11 1 1 1
     782  8  16  8 1 1 1
     783  9  2  5 1 1 1
     784  9  2  6 1 1 1
     785  9  2  7 1 1 1
     786  9  2  8 1 1 1
     787  9  2  9 1 1 1
     788  9  2  10 1 1 1
     789  9  2  11 1 1 1
     790  9  3  4 1 1 1
     791  9  3  5 1 1 1
     792  9  3  6 1 1 1
     793  9  3  7 1 1 1
     794  9  3  8 1 1 1
     795  9  3  9 1 1 1
     796  9  3  10 1 1 1
     797  9  3  11 1 1 1
     798  9  3  13 1 1 1
     799  9  4  3 1 1 1
     800  9  4  4 1 1 1
     801  9  4  5 1 1 1
     802  9  4  6 1 1 1
     803  9  4  7 1 1 1
     804  9  4  8 1 1 1
     805  9  4  9 1 1 1
     806  9  4  10 1 1 1
     807  9  4  11 1 1 1
     808  9  4  13 1 1 1
     809  9  4  14 1 1 1
     810  9  5  2 1 1 1
     811  9  5  3 1 1 1
     812  9  5  4 1 1 1
     813  9  5  5 1 1 1
     814  9  5  6 1 1 1
     815  9  5  7 1 1 1
     816  9  5  8 1 1 1
     817  9  5  9 1 1 1
     818  9  5  10 1 1 1
     819  9  5  11 1 1 1
     820  9  5  13 1 1 1
     821  9  5  14 1 1 1
     822  9  5  15 1 1 1
     823  9  6  2 1 1 1
     824  9  6  3 1 1 1
     825  9  6  4 1 1 1
     826  9  6  5 1 1 1
     827  9  6  6 1 1 1
     828  9  6  7 1 1 1
     829  9  6  8 1 1 1
     830  9  6  9 1 1 1
     831  9  6  10 1 1 1
     832  9  6  11 1 1 1
     833  9  6  13 1 1 1
     834  9  6  14 1 1 1
     835  9  6  15 1 1 1
     836  9  7  2 1 1 1
     837  9  7  3 1 1 1
     838  9  7  4 1 1 1
     839  9  7  5 1 1 1
     840  9  7  6 1 1 1
     841  9  7  7 1 1 1
     842  9  7  8 1 1 1
     843  9  7  9 1 1 1
     844  9  7  10 1 1 1
     845  9  7  11 1 1 1
     846  9  7  13 1 1 1
     847  9  7  14 1 1 1
     848  9  7  15 1 1 1
     849  9  8  2 1 1 1
     850  9  8  3 1 1 1
     851  9  8  4 1 1 1
     852  9  8  5 1 1 1
     853  9  8  6 1 1 1
     854  9  8  7 1 1 1
     855  9  8  8 1 1 1
     856  9  8  9 1 1 1
     857  9  8  10 1 1 1
     858  9  8  11 1 1 1
     859  9  8  13 1 1 1
     860  9  8  14 1 1 1
     861  9  8  15 1 1 1
     862  9  9  2 1 1 1
     863  9  9  3 1 1 1
     864  9  9  4 1 1 1
     865  9  9  5 1 1 1
     866  9  9  6 1 1 1
     867  9  9  7 1 1 1
     868  9  9  8 1 1 1
     869  9  9  9 1 1 1
     870  9  9  10 1 1 1
     871  9  9  11 1 1 1
     872  9  9  13 1 1 1
     873  9  9  14 1 1 1
     874  9  9  15 1 1 1
     875  9  10  2 1 1 1
     876  9  10  3 1 1 1
     877  9  10  4 1 1 1
     878  9  10  5 1 1 1
     879  9  10  6 1 1 1
     880  9  10  7 1 1 1
     881  9  10  8 1 1 1
     882  9  10  9 1 1 1
     883  9  10  10 1 1 1
     884  9  10  11 1 1 1
     885  9  10  13 1 1 1
     886  9  10  14 1 1 1
     887  9  10  15 1 1 1
     888  9  11  2 1 1 1
     889  9  11  3 1 1 1
     890  9  11  4 1 1 1
     891  9  11  5 1 1 1
     892  9  11  6 1 1 1
     893  9  11  7 1 1 1
     894  9  11  8 1 1 1
     895  9  11  9 1 1 1
     896  9  11  10 1 1 1
     897  9  11  11 1 1 1
     898  9  11  13 1 1 1
     899  9  11  14 1 1 1
     900  9  11  15 1 1 1
     901  9  13  3 1 1 1
     902  9  13  4 1 1 1
     903  9  13  5 1 1 1
     904  9  13  6 1 1 1
     905  9  13  7 1 1 1
     906  9  13  8 1 1 1
     907  9  13  9 1 1 1
     908  9  13  10 1 1 1
     909  9  13  11 1 1 1
     910  9  13  13 1 1 1
     911  9  13  14 1 1 1
     912  9  14  4 1 1 1
     913  9  14  5 1 1 1
     914  9  14  6 1 1 1
     915  9  14  7 1 1 1
     916  9  14  8 1 1 1
     917  9  14  9 1 1 1
     918  9  14  10 1 1 1
     919  9  14  11 1 1 1
     920  9  14  13 1 1 1
     921  9  15  5 1 1 1
     922  9  15  6 1 1 1
     923  9  15  7 1 1 1
     924  9  15  8 1 1 1
     925  9  15  9 1 1 1
     926  9  15  10 1 1 1
     927  9  15  11 1 1 1
     928  10  2  5 1 1 1
     929  10  2  6 1 1 1
     930  10  2  7 1 1 1
     931  10  2  8 1 1 1
     932  10  2  9 1 1 1
     933  10  2  10 1 1 1
     934  10  2  11 1 1 1
     935  10  3  4 1 1 1
     936  10  3  5 1 1 1
     937  10  3  6 1 1 1
     938  10  3  7 1 1 1
     939  10  3  8 1 1 1
     940  10  3  9 1 1 1
     941  10  3  10 1 1 1
     942  10  3  11 1 1 1
     943  10  3  13 1 1 1
     944  10  4  3 1 1 1
     945  10  4  4 1 1 1
     946  10  4  5 1 1 1
     947  10  4  6 1 1 1
     948  10  4  7 1 1 1
     949  10  4  8 1 1 1
     950  10  4  9 1 1 1
     951  10  4  10 1 1 1
     952  10  4  11 1 1 1
     953  10  4  13 1 1 1
     954  10  4  14 1 1 1
     955  10  5  2 1 1 1
     956  10  5  3 1 1 1
     957  10  5  4 1 1 1
     958  10  5  5 1 1 1
     959  10  5  6 1 1 1
     960  10  5  7 1 1 1
     961  10  5  8 1 1 1
     962  10  5  9 1 1 1
     963  10  5  10 1 1 1
     964  10  5  11 1 1 1
     965  10  5  13 1 1 1
     966  10  5  14 1 1 1
     967  10  5  15 1 1 1
     968  10  6  2 1 1 1
     969  10  6  3 1 1 1
     970  10  6  4 1 1 1
     971  10  6  5 1 1 1
     972  10  6  6 1 1 1
     973  10  6  7 1 1 1
     974  10  6  8 1 1 1
     975  10  6  9 1 1 1
     976  10  6  10 1 1 1
     977  10  6  11 1 1 1
     978  10  6  13 1 1 1
     979  10  6  14 1 1 1
     980  10  6  15 1 1 1
     981  10  7  2 1 1 1
     982  10  7  3 1 1 1
     983  10  7  4 1 1 1
     984  10  7  5 1 1 1
     985  10  7  6 1 1 1
     986  10  7  7 1 1 1
     987  10  7  8 1 1 1
     988  10  7  9 1 1 1
     989  10  7  10 1 1 1
     990  10  7  11 1 1 1
     991  10  7  13 1 1 1
     992  10  7  14 1 1 1
     993  10  7  15 1 1 1
     994  10  8  2 1 1 1
     995  10  8  3 1 1 1
     996  10  8  4 1 1 1
     997  10  8  5 1 1 1
     998  10  8  6 1 1 1
     999  10  8  7 1 1 1
     1000  10  8  8 1 1 1
     1001  10  8  9 1 1 1
     1002  10  8  10 1 1 1
     1003  10  8  11 1 1 1
     1004  10  8  13 1 1 1
     1005  10  8  14 1 1 1
     1006  10  8  15 1 1 1
     1007  10  9  2 1 1 1
     1008  10  9  3 1 1 1
     1009  10  9  4 1 1 1
     1010  10  9  5 1 1 1
     1011  10  9  6 1 1 1
     1012  10  9  7 1 1 1
     1013  10  9  8 1 1 1
     1014  10  9  9 1 1 1
     1015  10  9  10 1 1 1
     1016  10  9  11 1 1 1
     1017  10  9  13 1 1 1
     1018  10  9  14 1 1 1
     1019  10  9  15 1 1 1
     1020  10  10  2 1 1 1
     1021  10  10  3 1 1 1
     1022  10  10  4 1 1 1
     1023  10  10  5 1 1 1
     1024  10  10  6 1 1 1
     1025  10  10  7 1 1 1
     1026  10  10  8 1 1 1
     1027  10  10  9 1 1 1
     1028  10  10  10 1 1 1
     1029  10  10  11 1 1 1
     1030  10  10  13 1 1 1
     1031  10  10  14 1 1 1
     1032  10  10  15 1 1 1
     1033  10  11  2 1 1 1
     1034  10  11  3 1 1 1
     1035  10  11  4 1 1 1
     1036  10  11  5 1 1 1
     1037  10  11  6 1 1 1
     1038  10  11  7 1 1 1
     1039  10  11  8 1 1 1
     1040  10  11  9 1 1 1
     1041  10  11  10 1 1 1
     1042  10  11  11 1 1 1
     1043  10  11  13 1 1 1
     1044  10  11  14 1 1 1
     1045  10  11  15 1 1 1
     1046  10  13  3 1 1 1
     1047  10  13  4 1 1 1
     1048  10  13  5 1 1 1
     1049  10  13  6 1 1 1
     1050  10  13  7 1 1 1
     1051  10  13  8 1 1 1
     1052  10  13  9 1 1 1
     1053  10  13  10 1 1 1
     1054  10  13  11 1 1 1
     1055  10  13  13 1 1 1
     1056  10  13  14 1 1 1
     1057  10  14  4 1 1 1
     1058  10  14  5 1 1 1
     1059  10  14  6 1 1 1
     1060  10  14  7 1 1 1
     1061  10  14  8 1 1 1
     1062  10  14  9 1 1 1
     1063  10  14  10 1 1 1
     1064  10  14  11 1 1 1
     1065  10  14  13 1 1 1
     1066  10  15  5 1 1 1
     1067  10  15  6 1 1 1
     1068  10  15  7 1 1 1
     1069  10  15  8 1 1 1
     1070  10  15  9 1 1 1
     1071  10  15  10 1 1 1
     1072  10  15  11 1 1 1
     1073  11  2  6 1 1 1
     1074  11  2  7 1 1 1
     1075  11  2  8 1 1 1
     1076  11  2  9 1 1 1
     1077  11  2  10 1 1 1
     1078  11  3  5 1 1 1
     1079  11  3  6 1 1 1
     1080  11  3  7 1 1 1
     1081  11  3  8 1 1 1
     1082  11  3  9 1 1 1
     1083  11  3  10 1 1 1
     1084  11  3  11 1 1 1
     1085  11  4  4 1 1 1
     1086  11  4  5 1 1 1
     1087  11  4  6 1 1 1
     1088  11  4  7 1 1 1
     1089  11  4  8 1 1 1
     1090  11  4  9 1 1 1
     1091  11  4  10 1 1 1
     1092  11  4  11 1 1 1
     1093  11  4  13 1 1 1
     1094  11  5  3 1 1 1
     1095  11  5  4 1 1 1
     1096  11  5  5 1 1 1
     1097  11  5  6 1 1 1
     1098  11  5  7 1 1 1
     1099  11  5  8 1 1 1
     1100  11  5  9 1 1 1
     1101  11  5  10 1 1 1
     1102  11  5  11 1 1 1
     1103  11  5  13 1 1 1
     1104  11  5  14 1 1 1
     1105  11  6  2 1 1 1
     1106  11  6  3 1 1 1
     1107  11  6  4 1 1 1
     1108  11  6  5 1 1 1
     1109  11  6  6 1 1 1
     1110  11  6  7 1 1 1
     1111  11  6  8 1 1 1
     1112  11  6  9 1 1 1
     1113  11  6  10 1 1 1
     1114  11  6  11 1 1 1
     1115  11  6  13 1 1 1
     1116  11  6  14 1 1 1
     1117  11  6  15 1 1 1
     1118  11  7  2 1 1 1
     1119  11  7  3 1 1 1
     1120  11  7  4 1 1 1
     1121  11  7  5 1 1 1
     1122  11  7  6 1 1 1
     1123  11  7  7 1 1 1
     1124  11  7  8 1 1 1
     1125  11  7  9 1 1 1
     1126  11  7  10 1 1 1
     1127  11  7  11 1 1 1
     1128  11  7  13 1 1 1
     1129  11  7  14 1 1 1
     1130  11  7  15 1 1 1
     1131  11  8  2 1 1 1
     1132  11  8  3 1 1 1
     1133  11  8  4 1 1 1
     1134  11  8  5 1 1 1
     1135  11  8  6 1 1 1
     1136  11  8  7 1 1 1
     1137  11  8  8 1 1 1
     1138  11  8  9 1 1 1
     1139  11  8  10 1 1 1
     1140  11  8  11 1 1 1
     1141  11  8  13 1 1 1
     1142  11  8  14 1 1 1
     1143  11  8  15 1 1 1
     1144  11  9  2 1 1 1
     1145  11  9  3 1 1 1
     1146  11  9  4 1 1 1
     1147  11  9  5 1 1 1
     1148  11  9  6 1 1 1
     1149  11  9  7 1 1 1
     1150  11  9  8 1 1 1
     1151  11  9  9 1 1 1
     1152  11  9  10 1 1 1
     1153  11  9  11 1 1 1
     1154  11  9  13 1 1 1
     1155  11  9  14 1 1 1
     1156  11  9  15 1 1 1
     1157  11  10  2 1 1 1
     1158  11  10  3 1 1 1
     1159  11  10  4 1 1 1
     1160  11  10  5 1 1 1
     1161  11  10  6 1 1 1
     1162  11  10  7 1 1 1
     1163  11  10  8 1 1 1
     1164  11  10  9 1 1 1
     1165  11  10  10 1 1 1
     1166  11  10  11 1 1 1
     1167  11  10  13 1 1 1
     1168  11  10  14 1 1 1
     1169  11  10  15 1 1 1
     1170  11  11  3 1 1 1
     1171  11  11  4 1 1 1
     1172  11  11  5 1 1 1
     1173  11  11  6 1 1 1
     1174  11  11  7 1 1 1
     1175  11  11  8 1 1 1
     1176  11  11  9 1 1 1
     1177  11  11  10 1 1 1
     1178  11  11  11 1 1 1
     1179  11  11  13 1 1 1
     1180  11  11  14 1 1 1
     1181  11  13  4 1 1 1
     1182  11  13  5 1 1 1
     1183  11  13  6 1 1 1
     1184  11  13  7 1 1 1
     1185  11  13  8 1 1 1
     1186  11  13  9 1 1 1
     1187  11  13  10 1 1 1
     1188  11  13  11 1 1 1
     1189  11  13  13 1 1 1
     1190  11  14  5 1 1 1
     1191  11  14  6 1 1 1
     1192  11  14  7 1 1 1
     1193  11  14  8 1 1 1
     1194  11  14  9 1 1 1
     1195  11  14  10 1 1 1
     1196  11  14  11 1 1 1
     1197  11  15  6 1 1 1
     1198  11  15  7 1 1 1
     1199  11  15  8 1 1 1
     1200  11  15  9 1 1 1
     1201  11  15  10 1 1 1
     1202  13  3  6 1 1 1
     1203  13  3  7 1 1 1
     1204  13  3  8 1 1 1
     1205  13  3  9 1 1 1
     1206  13  3  10 1 1 1
     1207  13  4  4 1 1 1
     1208  13  4  5 1 1 1
     1209  13  4  6 1 1 1
     1210  13  4  7 1 1 1
     1211  13  4  8 1 1 1
     1212  13  4  9 1 1 1
     1213  13  4  10 1 1 1
     1214  13  4  11 1 1 1
     1215  13  4  13 1 1 1
     1216  13  5  4 1 1 1
     1217  13  5  5 1 1 1
     1218  13  5  6 1 1 1
     1219  13  5  7 1 1 1
     1220  13  5  8 1 1 1
     1221  13  5  9 1 1 1
     1222  13  5  10 1 1 1
     1223  13  5  11 1 1 1
     1224  13  5  13 1 1 1
     1225  13  6  3 1 1 1
     1226  13  6  4 1 1 1
     1227  13  6  5 1 1 1
     1228  13  6  6 1 1 1
     1229  13  6  7 1 1 1
     1230  13  6  8 1 1 1
     1231  13  6  9 1 1 1
     1232  13  6  10 1 1 1
     1233  13  6  11 1 1 1
     1234  13  6  13 1 1 1
     1235  13  6  14 1 1 1
     1236  13  7  3 1 1 1
     1237  13  7  4 1 1 1
     1238  13  7  5 1 1 1
     1239  13  7  6 1 1 1
     1240  13  7  7 1 1 1
     1241  13  7  8 1 1 1
     1242  13  7  9 1 1 1
     1243  13  7  10 1 1 1
     1244  13  7  11 1 1 1
     1245  13  7  13 1 1 1
     1246  13  7  14 1 1 1
     1247  13  8  3 1 1 1
     1248  13  8  4 1 1 1
     1249  13  8  5 1 1 1
     1250  13  8  6 1 1 1
     1251  13  8  7 1 1 1
     1252  13  8  8 1 1 1
     1253  13  8  9 1 1 1
     1254  13  8  10 1 1 1
     1255  13  8  11 1 1 1
     1256  13  8  13 1 1 1
     1257  13  8  14 1 1 1
     1258  13  9  3 1 1 1
     1259  13  9  4 1 1 1
     1260  13  9  5 1 1 1
     1261  13  9  6 1 1 1
     1262  13  9  7 1 1 1
     1263  13  9  8 1 1 1
     1264  13  9  9 1 1 1
     1265  13  9  10 1 1 1
     1266  13  9  11 1 1 1
     1267  13  9  13 1 1 1
     1268  13  9  14 1 1 1
     1269  13  10  3 1 1 1
     1270  13  10  4 1 1 1
     1271  13  10  5 1 1 1
     1272  13  10  6 1 1 1
     1273  13  10  7 1 1 1
     1274  13  10  8 1 1 1
     1275  13  10  9 1 1 1
     1276  13  10  10 1 1 1
     1277  13  10  11 1 1 1
     1278  13  10  13 1 1 1
     1279  13  10  14 1 1 1
     1280  13  11  4 1 1 1
     1281  13  11  5 1 1 1
     1282  13  11  6 1 1 1
     1283  13  11  7 1 1 1
     1284  13  11  8 1 1 1
     1285  13  11  9 1 1 1
     1286  13  11  10 1 1 1
     1287  13  11  11 1 1 1
     1288  13  11  13 1 1 1
     1289  13  13  4 1 1 1
     1290  13  13  5 1 1 1
     1291  13  13  6 1 1 1
     1292  13  13  7 1 1 1
     1293  13  13  8 1 1 1
     1294  13  13  9 1 1 1
     1295  13  13  10 1 1 1
     1296  13  13  11 1 1 1
     1297  13  13  13 1 1 1
     1298  13  14  6 1 1 1
     1299  13  14  7 1 1 1
     1300  13  14  8 1 1 1
     1301  13  14  9 1 1 1
     1302  13  14  10 1 1 1
     1303  14  4  6 1 1 1
     1304  14  4  7 1 1 1
     1305  14  4  8 1 1 1
     1306  14  4  9 1 1 1
     1307  14  4  10 1 1 1
     1308  14  5  5 1 1 1
     1309  14  5  6 1 1 1
     1310  14  5  7 1 1 1
     1311  14  5  8 1 1 1
     1312  14  5  9 1 1 1
     1313  14  5  10 1 1 1
     1314  14  5  11 1 1 1
     1315  14  6  4 1 1 1
     1316  14  6  5 1 1 1
     1317  14  6  6 1 1 1
     1318  14  6  7 1 1 1
     1319  14  6  8 1 1 1
     1320  14  6  9 1 1 1
     1321  14  6  10 1 1 1
     1322  14  6  11 1 1 1
     1323  14  6  13 1 1 1
     1324  14  7  4 1 1 1
     1325  14  7  5 1 1 1
     1326  14  7  6 1 1 1
     1327  14  7  7 1 1 1
     1328  14  7  8 1 1 1
     1329  14  7  9 1 1 1
     1330  14  7  10 1 1 1
     1331  14  7  11 1 1 1
     1332  14  7  13 1 1 1
     1333  14  8  4 1 1 1
     1334  14  8  5 1 1 1
     1335  14  8  6 1 1 1
     1336  14  8  7 1 1 1
     1337  14  8  8 1 1 1
     1338  14  8  9 1 1 1
     1339  14  8  10 1 1 1
     1340  14  8  11 1 1 1
     1341  14  8  13 1 1 1
     1342  14  9  4 1 1 1
     1343  14  9  5 1 1 1
     1344  14  9  6 1 1 1
     1345  14  9  7 1 1 1
     1346  14  9  8 1 1 1
     1347  14  9  9 1 1 1
     1348  14  9  10 1 1 1
     1349  14  9  11 1 1 1
     1350  14  9  13 1 1 1
     1351  14  10  4 1 1 1
     1352  14  10  5 1 1 1
     1353  14  10  6 1 1 1
     1354  14  10  7 1 1 1
     1355  14  10  8 1 1 1
     1356  14  10  9 1 1 1
     1357  14  10  10 1 1 1
     1358  14  10  11 1 1 1
     1359  14  10  13 1 1 1
     1360  14  11  5 1 1 1
     1361  14  11  6 1 1 1
     1362  14  11  7 1 1 1
     1363  14  11  8 1 1 1
     1364  14  11  9 1 1 1
     1365  14  11  10 1 1 1
     1366  14  11  11 1 1 1
     1367  14  13  6 1 1 1
     1368  14  13  7 1 1 1
     1369  14  13  8 1 1 1
     1370  14  13  9 1 1 1
     1371  14  13  10 1 1 1
     1372  15  5  6 1 1 1
     1373  15  5  7 1 1 1
     1374  15  5  8 1 1 1
     1375  15  5  9 1 1 1
     1376  15  5  10 1 1 1
     1377  15  6  5 1 1 1
     1378  15  6  6 1 1 1
     1379  15  6  7 1 1 1
     1380  15  6  8 1 1 1
     1381  15  6  9 1 1 1
     1382  15  6  10 1 1 1
     1383  15  6  11 1 1 1
     1384  15  7  5 1 1 1
     1385  15  7  6 1 1 1
     1386  15  7  7 1 1 1
     1387  15  7  8 1 1 1
     1388  15  7  9 1 1 1
     1389  15  7  10 1 1 1
     1390  15  7  11 1 1 1
     1391  15  8  5 1 1 1
     1392  15  8  6 1 1 1
     1393  15  8  7 1 1 1
     1394  15  8  8 1 1 1
     1395  15  8  9 1 1 1
     1396  15  8  10 1 1 1
     1397  15  8  11 1 1 1
     1398  15  9  5 1 1 1
     1399  15  9  6 1 1 1
     1400  15  9  7 1 1 1
     1401  15  9  8 1 1 1
     1402  15  9  9 1 1 1
     1403  15  9  10 1 1 1
     1404  15  9  11 1 1 1
     1405  15  10  5 1 1 1
     1406  15  10  6 1 1 1
     1407  15  10  7 1 1 1
     1408  15  10  8 1 1 1
     1409  15  10  9 1 1 1
     1410  15  10  10 1 1 1
     1411  15  10  11 1 1 1
     1412  15  11  6 1 1 1
     1413  15  11  7 1 1 1
     1414  15  11  8 1 1 1
     1415  15  11  9 1 1 1
     1416  15  11  10 1 1 1
     1417  16  8  8 1 1 1