>GEOMETRY   rect_prism; AX,AY,AZ= 0.6870 0.6870 0.6870
     2176 = NAT 
  1.000000  0.000000  0.000000 = A_1 vector
  0.000000  1.000000  0.000000 = A_2 vector
  1.000000  1.000000  1.000000 = lattice spacings (d_x,d_y,d_z)/d
 -0.07630 -0.01825 -0.16675 = lattice offset x0(1-3) = (x_TF, y_TF, z_TF)/d for dipole 0 0 0
     JA  IX  IY  IZ ICOMP(x,y,z)
     1  1  1  1 1 1 1
     2  1  1  2 1 1 1
     3  1  1  3 1 1 1
     4  1  1  4 1 1 1
     5  1  1  5 1 1 1
     6  1  1  6 1 1 1
     7  1  1  7 1 1 1
     8  1  1  8 1 1 1
     9  1  1  9 1 1 1
     10  1  1  10 1 1 1
     11  1  1  11 1 1 1
     12  1  1  12 1 1 1
     13  1  1  13 1 1 1
     14  1  1  14 1 1 1
     15  1  1  15 1 1 1
     16  1  1  16 1 1 1
     17  1  1  17 1 1 1
     18  1  1  18 1 1 1
     19  1  1  19 1 1 1
     20  1  1  20 1 1 1
     21  1  1  21 1 1 1
     22  1  1  22 1 1 1
     23  1  1  23 1 1 1
     24  1  1  24 1 1 1
     25  1  1  25 1 1 1
     26  1  1  26 1 1 1
     27  1  1  27 1 1 1
     28  1  1  28 1 1 1
     29  1  1  29 1 1 1
     30  1  1  30 1 1 1
     31  1  1  31 1 1 1
     32  1  1  32 1 1 1
     33  1  1  33 1 1 1
     34  1  1  34 1 1 1
     35  1  2  1 1 1 1
     36  1  2  2 1 1 1
     37  1  2  3 1 1 1
     38  1  2  4 1 1 1
     39  1  2  5 1 1 1
     40  1  2  6 1 1 1
     41  1  2  7 1 1 1
     42  1  2  8 1 1 1
     43  1  2  9 1 1 1
     44  1  2  10 1 1 1
     45  1  2  11 1 1 1
     46  1  2  12 1 1 1
     47  1  2  13 1 1 1
     48  1  2  14 1 1 1
     49  1  2  15 1 1 1
     50  1  2  16 1 1 1
     51  1  2  17 1 1 1
     52  1  2  18 1 1 1
     53  1  2  19 1 1 1
     54  1  2  20 1 1 1
     55  1  2  21 1 1 1
     56  1  2  22 1 1 1
     57  1  2  23 1 1 1
     58  1  2  24 1 1 1
     59  1  2  25 1 1 1
     60  1  2  26 1 1 1
     61  1  2  27 1 1 1
     62  1  2  28 1 1 1
     63  1  2  29 1 1 1
     64  1  2  30 1 1 1
     65  1  2  31 1 1 1
     66  1  2  32 1 1 1
     67  1  2  33 1 1 1
     68  1  2  34 1 1 1
     69  1  3  1 1 1 1
     70  1  3  2 1 1 1
     71  1  3  3 1 1 1
     72  1  3  4 1 1 1
     73  1  3  5 1 1 1
     74  1  3  6 1 1 1
     75  1  3  7 1 1 1
     76  1  3  8 1 1 1
     77  1  3  9 1 1 1
     78  1  3  10 1 1 1
     79  1  3  11 1 1 1
     80  1  3  12 1 1 1
     81  1  3  13 1 1 1
     82  1  3  14 1 1 1
     83  1  3  15 1 1 1
     84  1  3  16 1 1 1
     85  1  3  17 1 1 1
     86  1  3  18 1 1 1
     87  1  3  19 1 1 1
     88  1  3  20 1 1 1
     89  1  3  21 1 1 1
     90  1  3  22 1 1 1
     91  1  3  23 1 1 1
     92  1  3  24 1 1 1
     93  1  3  25 1 1 1
     94  1  3  26 1 1 1
     95  1  3  27 1 1 1
     96  1  3  28 1 1 1
     97  1  3  29 1 1 1
     98  1  3  30 1 1 1
     99  1  3  31 1 1 1
     100  1  3  32 1 1 1
     101  1  3  33 1 1 1
     102  1  3  34 1 1 1
     103  1  4  1 1 1 1
     104  1  4  2 1 1 1
     105  1  4  3 1 1 1
     106  1  4  4 1 1 1
     107  1  4  5 1 1 1
     108  1  4  6 1 1 1
     109  1  4  7 1 1 1
     110  1  4  8 1 1 1
     111  1  4  9 1 1 1
     112  1  4  10 1 1 1
     113  1  4  11 1 1 1
     114  1  4  12 1 1 1
     115  1  4  13 1 1 1
     116  1  4  14 1 1 1
     117  1  4  15 1 1 1
     118  1  4  16 1 1 1
     119  1  4  17 1 1 1
     120  1  4  18 1 1 1
     121  1  4  19 1 1 1
     122  1  4  20 1 1 1
     123  1  4  21 1 1 1
     124  1  4  22 1 1 1
     125  1  4  23 1 1 1
     126  1  4  24 1 1 1
     127  1  4  25 1 1 1
     128  1  4  26 1 1 1
     129  1  4  27 1 1 1
     130  1  4  28 1 1 1
     131  1  4  29 1 1 1
     132  1  4  30 1 1 1
     133  1  4  31 1 1 1
     134  1  4  32 1 1 1
     135  1  4  33 1 1 1
     136  1  4  34 1 1 1
     137  2  1  1 1 1 1
     138  2  1  2 1 1 1
     139  2  1  3 1 1 1
     140  2  1  4 1 1 1
     141  2  1  5 1 1 1
     142  2  1  6 1 1 1
     143  2  1  7 1 1 1
     144  2  1  8 1 1 1
     145  2  1  9 1 1 1
     146  2  1  10 1 1 1
     147  2  1  11 1 1 1
     148  2  1  12 1 1 1
     149  2  1  13 1 1 1
     150  2  1  14 1 1 1
     151  2  1  15 1 1 1
     152  2  1  16 1 1 1
     153  2  1  17 1 1 1
     154  2  1  18 1 1 1
     155  2  1  19 1 1 1
     156  2  1  20 1 1 1
     157  2  1  21 1 1 1
     158  2  1  22 1 1 1
     159  2  1  23 1 1 1
     160  2  1  24 1 1 1
     161  2  1  25 1 1 1
     162  2  1  26 1 1 1
     163  2  1  27 1 1 1
     164  2  1  28 1 1 1
     165  2  1  29 1 1 1
     166  2  1  30 1 1 1
     167  2  1  31 1 1 1
     168  2  1  32 1 1 1
     169  2  1  33 1 1 1
     170  2  1  34 1 1 1
     171  2  2  1 1 1 1
     172  2  2  2 1 1 1
     173  2  2  3 1 1 1
     174  2  2  4 1 1 1
     175  2  2  5 1 1 1
     176  2  2  6 1 1 1
     177  2  2  7 1 1 1
     178  2  2  8 1 1 1
     179  2  2  9 1 1 1
     180  2  2  10 1 1 1
     181  2  2  11 1 1 1
     182  2  2  12 1 1 1
     183  2  2  13 1 1 1
     184  2  2  14 1 1 1
     185  2  2  15 1 1 1
     186  2  2  16 1 1 1
     187  2  2  17 1 1 1
     188  2  2  18 1 1 1
     189  2  2  19 1 1 1
     190  2  2  20 1 1 1
     191  2  2  21 1 1 1
     192  2  2  22 1 1 1
     193  2  2  23 1 1 1
     194  2  2  24 1 1 1
     195  2  2  25 1 1 1
     196  2  2  26 1 1 1
     197  2  2  27 1 1 1
     198  2  2  28 1 1 1
     199  2  2  29 1 1 1
     200  2  2  30 1 1 1
     201  2  2  31 1 1 1
     202  2  2  32 1 1 1
     203  2  2  33 1 1 1
     204  2  2  34 1 1 1
     205  2  3  1 1 1 1
     206  2  3  2 1 1 1
     207  2  3  3 1 1 1
     208  2  3  4 1 1 1
     209  2  3  5 1 1 1
     210  2  3  6 1 1 1
     211  2  3  7 1 1 1
     212  2  3  8 1 1 1
     213  2  3  9 1 1 1
     214  2  3  10 1 1 1
     215  2  3  11 1 1 1
     216  2  3  12 1 1 1
     217  2  3  13 1 1 1
     218  2  3  14 1 1 1
     219  2  3  15 1 1 1
     220  2  3  16 1 1 1
     221  2  3  17 1 1 1
     222  2  3  18 1 1 1
     223  2  3  19 1 1 1
     224  2  3  20 1 1 1
     225  2  3  21 1 1 1
     226  2  3  22 1 1 1
     227  2  3  23 1 1 1
     228  2  3  24 1 1 1
     229  2  3  25 1 1 1
     230  2  3  26 1 1 1
     231  2  3  27 1 1 1
     232  2  3  28 1 1 1
     233  2  3  29 1 1 1
     234  2  3  30 1 1 1
     235  2  3  31 1 1 1
     236  2  3  32 1 1 1
     237  2  3  33 1 1 1
     238  2  3  34 1 1 1
     239  2  4  1 1 1 1
     240  2  4  2 1 1 1
     241  2  4  3 1 1 1
     242  2  4  4 1 1 1
     243  2  4  5 1 1 1
     244  2  4  6 1 1 1
     245  2  4  7 1 1 1
     246  2  4  8 1 1 1
     247  2  4  9 1 1 1
     248  2  4  10 1 1 1
     249  2  4  11 1 1 1
     250  2  4  12 1 1 1
     251  2  4  13 1 1 1
     252  2  4  14 1 1 1
     253  2  4  15 1 1 1
     254  2  4  16 1 1 1
     255  2  4  17 1 1 1
     256  2  4  18 1 1 1
     257  2  4  19 1 1 1
     258  2  4  20 1 1 1
     259  2  4  21 1 1 1
     260  2  4  22 1 1 1
     261  2  4  23 1 1 1
     262  2  4  24 1 1 1
     263  2  4  25 1 1 1
     264  2  4  26 1 1 1
     265  2  4  27 1 1 1
     266  2  4  28 1 1 1
     267  2  4  29 1 1 1
     268  2  4  30 1 1 1
     269  2  4  31 1 1 1
     270  2  4  32 1 1 1
     271  2  4  33 1 1 1
     272  2  4  34 1 1 1
     273  3  1  1 1 1 1
     274  3  1  2 1 1 1
     275  3  1  3 1 1 1
     276  3  1  4 1 1 1
     277  3  1  5 1 1 1
     278  3  1  6 1 1 1
     279  3  1  7 1 1 1
     280  3  1  8 1 1 1
     281  3  1  9 1 1 1
     282  3  1  10 1 1 1
     283  3  1  11 1 1 1
     284  3  1  12 1 1 1
     285  3  1  13 1 1 1
     286  3  1  14 1 1 1
     287  3  1  15 1 1 1
     288  3  1  16 1 1 1
     289  3  1  17 1 1 1
     290  3  1  18 1 1 1
     291  3  1  19 1 1 1
     292  3  1  20 1 1 1
     293  3  1  21 1 1 1
     294  3  1  22 1 1 1
     295  3  1  23 1 1 1
     296  3  1  24 1 1 1
     297  3  1  25 1 1 1
     298  3  1  26 1 1 1
     299  3  1  27 1 1 1
     300  3  1  28 1 1 1
     301  3  1  29 1 1 1
     302  3  1  30 1 1 1
     303  3  1  31 1 1 1
     304  3  1  32 1 1 1
     305  3  1  33 1 1 1
     306  3  1  34 1 1 1
     307  3  2  1 1 1 1
     308  3  2  2 1 1 1
     309  3  2  3 1 1 1
     310  3  2  4 1 1 1
     311  3  2  5 1 1 1
     312  3  2  6 1 1 1
     313  3  2  7 1 1 1
     314  3  2  8 1 1 1
     315  3  2  9 1 1 1
     316  3  2  10 1 1 1
     317  3  2  11 1 1 1
     318  3  2  12 1 1 1
     319  3  2  13 1 1 1
     320  3  2  14 1 1 1
     321  3  2  15 1 1 1
     322  3  2  16 1 1 1
     323  3  2  17 1 1 1
     324  3  2  18 1 1 1
     325  3  2  19 1 1 1
     326  3  2  20 1 1 1
     327  3  2  21 1 1 1
     328  3  2  22 1 1 1
     329  3  2  23 1 1 1
     330  3  2  24 1 1 1
     331  3  2  25 1 1 1
     332  3  2  26 1 1 1
     333  3  2  27 1 1 1
     334  3  2  28 1 1 1
     335  3  2  29 1 1 1
     336  3  2  30 1 1 1
     337  3  2  31 1 1 1
     338  3  2  32 1 1 1
     339  3  2  33 1 1 1
     340  3  2  34 1 1 1
     341  3  3  1 1 1 1
     342  3  3  2 1 1 1
     343  3  3  3 1 1 1
     344  3  3  4 1 1 1
     345  3  3  5 1 1 1
     346  3  3  6 1 1 1
     347  3  3  7 1 1 1
     348  3  3  8 1 1 1
     349  3  3  9 1 1 1
     350  3  3  10 1 1 1
     351  3  3  11 1 1 1
     352  3  3  12 1 1 1
     353  3  3  13 1 1 1
     354  3  3  14 1 1 1
     355  3  3  15 1 1 1
     356  3  3  16 1 1 1
     357  3  3  17 1 1 1
     358  3  3  18 1 1 1
     359  3  3  19 1 1 1
     360  3  3  20 1 1 1
     361  3  3  21 1 1 1
     362  3  3  22 1 1 1
     363  3  3  23 1 1 1
     364  3  3  24 1 1 1
     365  3  3  25 1 1 1
     366  3  3  26 1 1 1
     367  3  3  27 1 1 1
     368  3  3  28 1 1 1
     369  3  3  29 1 1 1
     370  3  3  30 1 1 1
     371  3  3  31 1 1 1
     372  3  3  32 1 1 1
     373  3  3  33 1 1 1
     374  3  3  34 1 1 1
     375  3  4  1 1 1 1
     376  3  4  2 1 1 1
     377  3  4  3 1 1 1
     378  3  4  4 1 1 1
     379  3  4  5 1 1 1
     380  3  4  6 1 1 1
     381  3  4  7 1 1 1
     382  3  4  8 1 1 1
     383  3  4  9 1 1 1
     384  3  4  10 1 1 1
     385  3  4  11 1 1 1
     386  3  4  12 1 1 1
     387  3  4  13 1 1 1
     388  3  4  14 1 1 1
     389  3  4  15 1 1 1
     390  3  4  16 1 1 1
     391  3  4  17 1 1 1
     392  3  4  18 1 1 1
     393  3  4  19 1 1 1
     394  3  4  20 1 1 1
     395  3  4  21 1 1 1
     396  3  4  22 1 1 1
     397  3  4  23 1 1 1
     398  3  4  24 1 1 1
     399  3  4  25 1 1 1
     400  3  4  26 1 1 1
     401  3  4  27 1 1 1
     402  3  4  28 1 1 1
     403  3  4  29 1 1 1
     404  3  4  30 1 1 1
     405  3  4  31 1 1 1
     406  3  4  32 1 1 1
     407  3  4  33 1 1 1
     408  3  4  34 1 1 1
     409  4  1  1 1 1 1
     410  4  1  2 1 1 1
     411  4  1  3 1 1 1
     412  4  1  4 1 1 1
     413  4  1  5 1 1 1
     414  4  1  6 1 1 1
     415  4  1  7 1 1 1
     416  4  1  8 1 1 1
     417  4  1  9 1 1 1
     418  4  1  10 1 1 1
     419  4  1  11 1 1 1
     420  4  1  12 1 1 1
     421  4  1  13 1 1 1
     422  4  1  14 1 1 1
     423  4  1  15 1 1 1
     424  4  1  16 1 1 1
     425  4  1  17 1 1 1
     426  4  1  18 1 1 1
     427  4  1  19 1 1 1
     428  4  1  20 1 1 1
     429  4  1  21 1 1 1
     430  4  1  22 1 1 1
     431  4  1  23 1 1 1
     432  4  1  24 1 1 1
     433  4  1  25 1 1 1
     434  4  1  26 1 1 1
     435  4  1  27 1 1 1
     436  4  1  28 1 1 1
     437  4  1  29 1 1 1
     438  4  1  30 1 1 1
     439  4  1  31 1 1 1
     440  4  1  32 1 1 1
     441  4  1  33 1 1 1
     442  4  1  34 1 1 1
     443  4  2  1 1 1 1
     444  4  2  2 1 1 1
     445  4  2  3 1 1 1
     446  4  2  4 1 1 1
     447  4  2  5 1 1 1
     448  4  2  6 1 1 1
     449  4  2  7 1 1 1
     450  4  2  8 1 1 1
     451  4  2  9 1 1 1
     452  4  2  10 1 1 1
     453  4  2  11 1 1 1
     454  4  2  12 1 1 1
     455  4  2  13 1 1 1
     456  4  2  14 1 1 1
     457  4  2  15 1 1 1
     458  4  2  16 1 1 1
     459  4  2  17 1 1 1
     460  4  2  18 1 1 1
     461  4  2  19 1 1 1
     462  4  2  20 1 1 1
     463  4  2  21 1 1 1
     464  4  2  22 1 1 1
     465  4  2  23 1 1 1
     466  4  2  24 1 1 1
     467  4  2  25 1 1 1
     468  4  2  26 1 1 1
     469  4  2  27 1 1 1
     470  4  2  28 1 1 1
     471  4  2  29 1 1 1
     472  4  2  30 1 1 1
     473  4  2  31 1 1 1
     474  4  2  32 1 1 1
     475  4  2  33 1 1 1
     476  4  2  34 1 1 1
     477  4  3  1 1 1 1
     478  4  3  2 1 1 1
     479  4  3  3 1 1 1
     480  4  3  4 1 1 1
     481  4  3  5 1 1 1
     482  4  3  6 1 1 1
     483  4  3  7 1 1 1
     484  4  3  8 1 1 1
     485  4  3  9 1 1 1
     486  4  3  10 1 1 1
     487  4  3  11 1 1 1
     488  4  3  12 1 1 1
     489  4  3  13 1 1 1
     490  4  3  14 1 1 1
     491  4  3  15 1 1 1
     492  4  3  16 1 1 1
     493  4  3  17 1 1 1
     494  4  3  18 1 1 1
     495  4  3  19 1 1 1
     496  4  3  20 1 1 1
     497  4  3  21 1 1 1
     498  4  3  22 1 1 1
     499  4  3  23 1 1 1
     500  4  3  24 1 1 1
     501  4  3  25 1 1 1
     502  4  3  26 1 1 1
     503  4  3  27 1 1 1
     504  4  3  28 1 1 1
     505  4  3  29 1 1 1
     506  4  3  30 1 1 1
     507  4  3  31 1 1 1
     508  4  3  32 1 1 1
     509  4  3  33 1 1 1
     510  4  3  34 1 1 1
     511  4  4  1 1 1 1
     512  4  4  2 1 1 1
     513  4  4  3 1 1 1
     514  4  4  4 1 1 1
     515  4  4  5 1 1 1
     516  4  4  6 1 1 1
     517  4  4  7 1 1 1
     518  4  4  8 1 1 1
     519  4  4  9 1 1 1
     520  4  4  10 1 1 1
     521  4  4  11 1 1 1
     522  4  4  12 1 1 1
     523  4  4  13 1 1 1
     524  4  4  14 1 1 1
     525  4  4  15 1 1 1
     526  4  4  16 1 1 1
     527  4  4  17 1 1 1
     528  4  4  18 1 1 1
     529  4  4  19 1 1 1
     530  4  4  20 1 1 1
     531  4  4  21 1 1 1
     532  4  4  22 1 1 1
     533  4  4  23 1 1 1
     534  4  4  24 1 1 1
     535  4  4  25 1 1 1
     536  4  4  26 1 1 1
     537  4  4  27 1 1 1
     538  4  4  28 1 1 1
     539  4  4  29 1 1 1
     540  4  4  30 1 1 1
     541  4  4  31 1 1 1
     542  4  4  32 1 1 1
     543  4  4  33 1 1 1
     544  4  4  34 1 1 1
     545  5  1  1 1 1 1
     546  5  1  2 1 1 1
     547  5  1  3 1 1 1
     548  5  1  4 1 1 1
     549  5  1  5 1 1 1
     550  5  1  6 1 1 1
     551  5  1  7 1 1 1
     552  5  1  8 1 1 1
     553  5  1  9 1 1 1
     554  5  1  10 1 1 1
     555  5  1  11 1 1 1
     556  5  1  12 1 1 1
     557  5  1  13 1 1 1
     558  5  1  14 1 1 1
     559  5  1  15 1 1 1
     560  5  1  16 1 1 1
     561  5  1  17 1 1 1
     562  5  1  18 1 1 1
     563  5  1  19 1 1 1
     564  5  1  20 1 1 1
     565  5  1  21 1 1 1
     566  5  1  22 1 1 1
     567  5  1  23 1 1 1
     568  5  1  24 1 1 1
     569  5  1  25 1 1 1
     570  5  1  26 1 1 1
     571  5  1  27 1 1 1
     572  5  1  28 1 1 1
     573  5  1  29 1 1 1
     574  5  1  30 1 1 1
     575  5  1  31 1 1 1
     576  5  1  32 1 1 1
     577  5  1  33 1 1 1
     578  5  1  34 1 1 1
     579  5  2  1 1 1 1
     580  5  2  2 1 1 1
     581  5  2  3 1 1 1
     582  5  2  4 1 1 1
     583  5  2  5 1 1 1
     584  5  2  6 1 1 1
     585  5  2  7 1 1 1
     586  5  2  8 1 1 1
     587  5  2  9 1 1 1
     588  5  2  10 1 1 1
     589  5  2  11 1 1 1
     590  5  2  12 1 1 1
     591  5  2  13 1 1 1
     592  5  2  14 1 1 1
     593  5  2  15 1 1 1
     594  5  2  16 1 1 1
     595  5  2  17 1 1 1
     596  5  2  18 1 1 1
     597  5  2  19 1 1 1
     598  5  2  20 1 1 1
     599  5  2  21 1 1 1
     600  5  2  22 1 1 1
     601  5  2  23 1 1 1
     602  5  2  24 1 1 1
     603  5  2  25 1 1 1
     604  5  2  26 1 1 1
     605  5  2  27 1 1 1
     606  5  2  28 1 1 1
     607  5  2  29 1 1 1
     608  5  2  30 1 1 1
     609  5  2  31 1 1 1
     610  5  2  32 1 1 1
     611  5  2  33 1 1 1
     612  5  2  34 1 1 1
     613  5  3  1 1 1 1
     614  5  3  2 1 1 1
     615  5  3  3 1 1 1
     616  5  3  4 1 1 1
     617  5  3  5 1 1 1
     618  5  3  6 1 1 1
     619  5  3  7 1 1 1
     620  5  3  8 1 1 1
     621  5  3  9 1 1 1
     622  5  3  10 1 1 1
     623  5  3  11 1 1 1
     624  5  3  12 1 1 1
     625  5  3  13 1 1 1
     626  5  3  14 1 1 1
     627  5  3  15 1 1 1
     628  5  3  16 1 1 1
     629  5  3  17 1 1 1
     630  5  3  18 1 1 1
     631  5  3  19 1 1 1
     632  5  3  20 1 1 1
     633  5  3  21 1 1 1
     634  5  3  22 1 1 1
     635  5  3  23 1 1 1
     636  5  3  24 1 1 1
     637  5  3  25 1 1 1
     638  5  3  26 1 1 1
     639  5  3  27 1 1 1
     640  5  3  28 1 1 1
     641  5  3  29 1 1 1
     642  5  3  30 1 1 1
     643  5  3  31 1 1 1
     644  5  3  32 1 1 1
     645  5  3  33 1 1 1
     646  5  3  34 1 1 1
     647  5  4  1 1 1 1
     648  5  4  2 1 1 1
     649  5  4  3 1 1 1
     650  5  4  4 1 1 1
     651  5  4  5 1 1 1
     652  5  4  6 1 1 1
     653  5  4  7 1 1 1
     654  5  4  8 1 1 1
     655  5  4  9 1 1 1
     656  5  4  10 1 1 1
     657  5  4  11 1 1 1
     658  5  4  12 1 1 1
     659  5  4  13 1 1 1
     660  5  4  14 1 1 1
     661  5  4  15 1 1 1
     662  5  4  16 1 1 1
     663  5  4  17 1 1 1
     664  5  4  18 1 1 1
     665  5  4  19 1 1 1
     666  5  4  20 1 1 1
     667  5  4  21 1 1 1
     668  5  4  22 1 1 1
     669  5  4  23 1 1 1
     670  5  4  24 1 1 1
     671  5  4  25 1 1 1
     672  5  4  26 1 1 1
     673  5  4  27 1 1 1
     674  5  4  28 1 1 1
     675  5  4  29 1 1 1
     676  5  4  30 1 1 1
     677  5  4  31 1 1 1
     678  5  4  32 1 1 1
     679  5  4  33 1 1 1
     680  5  4  34 1 1 1
     681  6  1  1 1 1 1
     682  6  1  2 1 1 1
     683  6  1  3 1 1 1
     684  6  1  4 1 1 1
     685  6  1  5 1 1 1
     686  6  1  6 1 1 1
     687  6  1  7 1 1 1
     688  6  1  8 1 1 1
     689  6  1  9 1 1 1
     690  6  1  10 1 1 1
     691  6  1  11 1 1 1
     692  6  1  12 1 1 1
     693  6  1  13 1 1 1
     694  6  1  14 1 1 1
     695  6  1  15 1 1 1
     696  6  1  16 1 1 1
     697  6  1  17 1 1 1
     698  6  1  18 1 1 1
     699  6  1  19 1 1 1
     700  6  1  20 1 1 1
     701  6  1  21 1 1 1
     702  6  1  22 1 1 1
     703  6  1  23 1 1 1
     704  6  1  24 1 1 1
     705  6  1  25 1 1 1
     706  6  1  26 1 1 1
     707  6  1  27 1 1 1
     708  6  1  28 1 1 1
     709  6  1  29 1 1 1
     710  6  1  30 1 1 1
     711  6  1  31 1 1 1
     712  6  1  32 1 1 1
     713  6  1  33 1 1 1
     714  6  1  34 1 1 1
     715  6  2  1 1 1 1
     716  6  2  2 1 1 1
     717  6  2  3 1 1 1
     718  6  2  4 1 1 1
     719  6  2  5 1 1 1
     720  6  2  6 1 1 1
     721  6  2  7 1 1 1
     722  6  2  8 1 1 1
     723  6  2  9 1 1 1
     724  6  2  10 1 1 1
     725  6  2  11 1 1 1
     726  6  2  12 1 1 1
     727  6  2  13 1 1 1
     728  6  2  14 1 1 1
     729  6  2  15 1 1 1
     730  6  2  16 1 1 1
     731  6  2  17 1 1 1
     732  6  2  18 1 1 1
     733  6  2  19 1 1 1
     734  6  2  20 1 1 1
     735  6  2  21 1 1 1
     736  6  2  22 1 1 1
     737  6  2  23 1 1 1
     738  6  2  24 1 1 1
     739  6  2  25 1 1 1
     740  6  2  26 1 1 1
     741  6  2  27 1 1 1
     742  6  2  28 1 1 1
     743  6  2  29 1 1 1
     744  6  2  30 1 1 1
     745  6  2  31 1 1 1
     746  6  2  32 1 1 1
     747  6  2  33 1 1 1
     748  6  2  34 1 1 1
     749  6  3  1 1 1 1
     750  6  3  2 1 1 1
     751  6  3  3 1 1 1
     752  6  3  4 1 1 1
     753  6  3  5 1 1 1
     754  6  3  6 1 1 1
     755  6  3  7 1 1 1
     756  6  3  8 1 1 1
     757  6  3  9 1 1 1
     758  6  3  10 1 1 1
     759  6  3  11 1 1 1
     760  6  3  12 1 1 1
     761  6  3  13 1 1 1
     762  6  3  14 1 1 1
     763  6  3  15 1 1 1
     764  6  3  16 1 1 1
     765  6  3  17 1 1 1
     766  6  3  18 1 1 1
     767  6  3  19 1 1 1
     768  6  3  20 1 1 1
     769  6  3  21 1 1 1
     770  6  3  22 1 1 1
     771  6  3  23 1 1 1
     772  6  3  24 1 1 1
     773  6  3  25 1 1 1
     774  6  3  26 1 1 1
     775  6  3  27 1 1 1
     776  6  3  28 1 1 1
     777  6  3  29 1 1 1
     778  6  3  30 1 1 1
     779  6  3  31 1 1 1
     780  6  3  32 1 1 1
     781  6  3  33 1 1 1
     782  6  3  34 1 1 1
     783  6  4  1 1 1 1
     784  6  4  2 1 1 1
     785  6  4  3 1 1 1
     786  6  4  4 1 1 1
     787  6  4  5 1 1 1
     788  6  4  6 1 1 1
     789  6  4  7 1 1 1
     790  6  4  8 1 1 1
     791  6  4  9 1 1 1
     792  6  4  10 1 1 1
     793  6  4  11 1 1 1
     794  6  4  12 1 1 1
     795  6  4  13 1 1 1
     796  6  4  14 1 1 1
     797  6  4  15 1 1 1
     798  6  4  16 1 1 1
     799  6  4  17 1 1 1
     800  6  4  18 1 1 1
     801  6  4  19 1 1 1
     802  6  4  20 1 1 1
     803  6  4  21 1 1 1
     804  6  4  22 1 1 1
     805  6  4  23 1 1 1
     806  6  4  24 1 1 1
     807  6  4  25 1 1 1
     808  6  4  26 1 1 1
     809  6  4  27 1 1 1
     810  6  4  28 1 1 1
     811  6  4  29 1 1 1
     812  6  4  30 1 1 1
     813  6  4  31 1 1 1
     814  6  4  32 1 1 1
     815  6  4  33 1 1 1
     816  6  4  34 1 1 1
     817  7  1  1 1 1 1
     818  7  1  2 1 1 1
     819  7  1  3 1 1 1
     820  7  1  4 1 1 1
     821  7  1  5 1 1 1
     822  7  1  6 1 1 1
     823  7  1  7 1 1 1
     824  7  1  8 1 1 1
     825  7  1  9 1 1 1
     826  7  1  10 1 1 1
     827  7  1  11 1 1 1
     828  7  1  12 1 1 1
     829  7  1  13 1 1 1
     830  7  1  14 1 1 1
     831  7  1  15 1 1 1
     832  7  1  16 1 1 1
     833  7  1  17 1 1 1
     834  7  1  18 1 1 1
     835  7  1  19 1 1 1
     836  7  1  20 1 1 1
     837  7  1  21 1 1 1
     838  7  1  22 1 1 1
     839  7  1  23 1 1 1
     840  7  1  24 1 1 1
     841  7  1  25 1 1 1
     842  7  1  26 1 1 1
     843  7  1  27 1 1 1
     844  7  1  28 1 1 1
     845  7  1  29 1 1 1
     846  7  1  30 1 1 1
     847  7  1  31 1 1 1
     848  7  1  32 1 1 1
     849  7  1  33 1 1 1
     850  7  1  34 1 1 1
     851  7  2  1 1 1 1
     852  7  2  2 1 1 1
     853  7  2  3 1 1 1
     854  7  2  4 1 1 1
     855  7  2  5 1 1 1
     856  7  2  6 1 1 1
     857  7  2  7 1 1 1
     858  7  2  8 1 1 1
     859  7  2  9 1 1 1
     860  7  2  10 1 1 1
     861  7  2  11 1 1 1
     862  7  2  12 1 1 1
     863  7  2  13 1 1 1
     864  7  2  14 1 1 1
     865  7  2  15 1 1 1
     866  7  2  16 1 1 1
     867  7  2  17 1 1 1
     868  7  2  18 1 1 1
     869  7  2  19 1 1 1
     870  7  2  20 1 1 1
     871  7  2  21 1 1 1
     872  7  2  22 1 1 1
     873  7  2  23 1 1 1
     874  7  2  24 1 1 1
     875  7  2  25 1 1 1
     876  7  2  26 1 1 1
     877  7  2  27 1 1 1
     878  7  2  28 1 1 1
     879  7  2  29 1 1 1
     880  7  2  30 1 1 1
     881  7  2  31 1 1 1
     882  7  2  32 1 1 1
     883  7  2  33 1 1 1
     884  7  2  34 1 1 1
     885  7  3  1 1 1 1
     886  7  3  2 1 1 1
     887  7  3  3 1 1 1
     888  7  3  4 1 1 1
     889  7  3  5 1 1 1
     890  7  3  6 1 1 1
     891  7  3  7 1 1 1
     892  7  3  8 1 1 1
     893  7  3  9 1 1 1
     894  7  3  10 1 1 1
     895  7  3  11 1 1 1
     896  7  3  12 1 1 1
     897  7  3  13 1 1 1
     898  7  3  14 1 1 1
     899  7  3  15 1 1 1
     900  7  3  16 1 1 1
     901  7  3  17 1 1 1
     902  7  3  18 1 1 1
     903  7  3  19 1 1 1
     904  7  3  20 1 1 1
     905  7  3  21 1 1 1
     906  7  3  22 1 1 1
     907  7  3  23 1 1 1
     908  7  3  24 1 1 1
     909  7  3  25 1 1 1
     910  7  3  26 1 1 1
     911  7  3  27 1 1 1
     912  7  3  28 1 1 1
     913  7  3  29 1 1 1
     914  7  3  30 1 1 1
     915  7  3  31 1 1 1
     916  7  3  32 1 1 1
     917  7  3  33 1 1 1
     918  7  3  34 1 1 1
     919  7  4  1 1 1 1
     920  7  4  2 1 1 1
     921  7  4  3 1 1 1
     922  7  4  4 1 1 1
     923  7  4  5 1 1 1
     924  7  4  6 1 1 1
     925  7  4  7 1 1 1
     926  7  4  8 1 1 1
     927  7  4  9 1 1 1
     928  7  4  10 1 1 1
     929  7  4  11 1 1 1
     930  7  4  12 1 1 1
     931  7  4  13 1 1 1
     932  7  4  14 1 1 1
     933  7  4  15 1 1 1
     934  7  4  16 1 1 1
     935  7  4  17 1 1 1
     936  7  4  18 1 1 1
     937  7  4  19 1 1 1
     938  7  4  20 1 1 1
     939  7  4  21 1 1 1
     940  7  4  22 1 1 1
     941  7  4  23 1 1 1
     942  7  4  24 1 1 1
     943  7  4  25 1 1 1
     944  7  4  26 1 1 1
     945  7  4  27 1 1 1
     946  7  4  28 1 1 1
     947  7  4  29 1 1 1
     948  7  4  30 1 1 1
     949  7  4  31 1 1 1
     950  7  4  32 1 1 1
     951  7  4  33 1 1 1
     952  7  4  34 1 1 1
     953  8  1  1 1 1 1
     954  8  1  2 1 1 1
     955  8  1  3 1 1 1
     956  8  1  4 1 1 1
     957  8  1  5 1 1 1
     958  8  1  6 1 1 1
     959  8  1  7 1 1 1
     960  8  1  8 1 1 1
     961  8  1  9 1 1 1
     962  8  1  10 1 1 1
     963  8  1  11 1 1 1
     964  8  1  12 1 1 1
     965  8  1  13 1 1 1
     966  8  1  14 1 1 1
     967  8  1  15 1 1 1
     968  8  1  16 1 1 1
     969  8  1  17 1 1 1
     970  8  1  18 1 1 1
     971  8  1  19 1 1 1
     972  8  1  20 1 1 1
     973  8  1  21 1 1 1
     974  8  1  22 1 1 1
     975  8  1  23 1 1 1
     976  8  1  24 1 1 1
     977  8  1  25 1 1 1
     978  8  1  26 1 1 1
     979  8  1  27 1 1 1
     980  8  1  28 1 1 1
     981  8  1  29 1 1 1
     982  8  1  30 1 1 1
     983  8  1  31 1 1 1
     984  8  1  32 1 1 1
     985  8  1  33 1 1 1
     986  8  1  34 1 1 1
     987  8  2  1 1 1 1
     988  8  2  2 1 1 1
     989  8  2  3 1 1 1
     990  8  2  4 1 1 1
     991  8  2  5 1 1 1
     992  8  2  6 1 1 1
     993  8  2  7 1 1 1
     994  8  2  8 1 1 1
     995  8  2  9 1 1 1
     996  8  2  10 1 1 1
     997  8  2  11 1 1 1
     998  8  2  12 1 1 1
     999  8  2  13 1 1 1
     1000  8  2  14 1 1 1
     1001  8  2  15 1 1 1
     1002  8  2  16 1 1 1
     1003  8  2  17 1 1 1
     1004  8  2  18 1 1 1
     1005  8  2  19 1 1 1
     1006  8  2  20 1 1 1
     1007  8  2  21 1 1 1
     1008  8  2  22 1 1 1
     1009  8  2  23 1 1 1
     1010  8  2  24 1 1 1
     1011  8  2  25 1 1 1
     1012  8  2  26 1 1 1
     1013  8  2  27 1 1 1
     1014  8  2  28 1 1 1
     1015  8  2  29 1 1 1
     1016  8  2  30 1 1 1
     1017  8  2  31 1 1 1
     1018  8  2  32 1 1 1
     1019  8  2  33 1 1 1
     1020  8  2  34 1 1 1
     1021  8  3  1 1 1 1
     1022  8  3  2 1 1 1
     1023  8  3  3 1 1 1
     1024  8  3  4 1 1 1
     1025  8  3  5 1 1 1
     1026  8  3  6 1 1 1
     1027  8  3  7 1 1 1
     1028  8  3  8 1 1 1
     1029  8  3  9 1 1 1
     1030  8  3  10 1 1 1
     1031  8  3  11 1 1 1
     1032  8  3  12 1 1 1
     1033  8  3  13 1 1 1
     1034  8  3  14 1 1 1
     1035  8  3  15 1 1 1
     1036  8  3  16 1 1 1
     1037  8  3  17 1 1 1
     1038  8  3  18 1 1 1
     1039  8  3  19 1 1 1
     1040  8  3  20 1 1 1
     1041  8  3  21 1 1 1
     1042  8  3  22 1 1 1
     1043  8  3  23 1 1 1
     1044  8  3  24 1 1 1
     1045  8  3  25 1 1 1
     1046  8  3  26 1 1 1
     1047  8  3  27 1 1 1
     1048  8  3  28 1 1 1
     1049  8  3  29 1 1 1
     1050  8  3  30 1 1 1
     1051  8  3  31 1 1 1
     1052  8  3  32 1 1 1
     1053  8  3  33 1 1 1
     1054  8  3  34 1 1 1
     1055  8  4  1 1 1 1
     1056  8  4  2 1 1 1
     1057  8  4  3 1 1 1
     1058  8  4  4 1 1 1
     1059  8  4  5 1 1 1
     1060  8  4  6 1 1 1
     1061  8  4  7 1 1 1
     1062  8  4  8 1 1 1
     1063  8  4  9 1 1 1
     1064  8  4  10 1 1 1
     1065  8  4  11 1 1 1
     1066  8  4  12 1 1 1
     1067  8  4  13 1 1 1
     1068  8  4  14 1 1 1
     1069  8  4  15 1 1 1
     1070  8  4  16 1 1 1
     1071  8  4  17 1 1 1
     1072  8  4  18 1 1 1
     1073  8  4  19 1 1 1
     1074  8  4  20 1 1 1
     1075  8  4  21 1 1 1
     1076  8  4  22 1 1 1
     1077  8  4  23 1 1 1
     1078  8  4  24 1 1 1
     1079  8  4  25 1 1 1
     1080  8  4  26 1 1 1
     1081  8  4  27 1 1 1
     1082  8  4  28 1 1 1
     1083  8  4  29 1 1 1
     1084  8  4  30 1 1 1
     1085  8  4  31 1 1 1
     1086  8  4  32 1 1 1
     1087  8  4  33 1 1 1
     1088  8  4  34 1 1 1
     1089  9  1  1 1 1 1
     1090  9  1  2 1 1 1
     1091  9  1  3 1 1 1
     1092  9  1  4 1 1 1
     1093  9  1  5 1 1 1
     1094  9  1  6 1 1 1
     1095  9  1  7 1 1 1
     1096  9  1  8 1 1 1
     1097  9  1  9 1 1 1
     1098  9  1  10 1 1 1
     1099  9  1  11 1 1 1
     1100  9  1  12 1 1 1
     1101  9  1  13 1 1 1
     1102  9  1  14 1 1 1
     1103  9  1  15 1 1 1
     1104  9  1  16 1 1 1
     1105  9  1  17 1 1 1
     1106  9  1  18 1 1 1
     1107  9  1  19 1 1 1
     1108  9  1  20 1 1 1
     1109  9  1  21 1 1 1
     1110  9  1  22 1 1 1
     1111  9  1  23 1 1 1
     1112  9  1  24 1 1 1
     1113  9  1  25 1 1 1
     1114  9  1  26 1 1 1
     1115  9  1  27 1 1 1
     1116  9  1  28 1 1 1
     1117  9  1  29 1 1 1
     1118  9  1  30 1 1 1
     1119  9  1  31 1 1 1
     1120  9  1  32 1 1 1
     1121  9  1  33 1 1 1
     1122  9  1  34 1 1 1
     1123  9  2  1 1 1 1
     1124  9  2  2 1 1 1
     1125  9  2  3 1 1 1
     1126  9  2  4 1 1 1
     1127  9  2  5 1 1 1
     1128  9  2  6 1 1 1
     1129  9  2  7 1 1 1
     1130  9  2  8 1 1 1
     1131  9  2  9 1 1 1
     1132  9  2  10 1 1 1
     1133  9  2  11 1 1 1
     1134  9  2  12 1 1 1
     1135  9  2  13 1 1 1
     1136  9  2  14 1 1 1
     1137  9  2  15 1 1 1
     1138  9  2  16 1 1 1
     1139  9  2  17 1 1 1
     1140  9  2  18 1 1 1
     1141  9  2  19 1 1 1
     1142  9  2  20 1 1 1
     1143  9  2  21 1 1 1
     1144  9  2  22 1 1 1
     1145  9  2  23 1 1 1
     1146  9  2  24 1 1 1
     1147  9  2  25 1 1 1
     1148  9  2  26 1 1 1
     1149  9  2  27 1 1 1
     1150  9  2  28 1 1 1
     1151  9  2  29 1 1 1
     1152  9  2  30 1 1 1
     1153  9  2  31 1 1 1
     1154  9  2  32 1 1 1
     1155  9  2  33 1 1 1
     1156  9  2  34 1 1 1
     1157  9  3  1 1 1 1
     1158  9  3  2 1 1 1
     1159  9  3  3 1 1 1
     1160  9  3  4 1 1 1
     1161  9  3  5 1 1 1
     1162  9  3  6 1 1 1
     1163  9  3  7 1 1 1
     1164  9  3  8 1 1 1
     1165  9  3  9 1 1 1
     1166  9  3  10 1 1 1
     1167  9  3  11 1 1 1
     1168  9  3  12 1 1 1
     1169  9  3  13 1 1 1
     1170  9  3  14 1 1 1
     1171  9  3  15 1 1 1
     1172  9  3  16 1 1 1
     1173  9  3  17 1 1 1
     1174  9  3  18 1 1 1
     1175  9  3  19 1 1 1
     1176  9  3  20 1 1 1
     1177  9  3  21 1 1 1
     1178  9  3  22 1 1 1
     1179  9  3  23 1 1 1
     1180  9  3  24 1 1 1
     1181  9  3  25 1 1 1
     1182  9  3  26 1 1 1
     1183  9  3  27 1 1 1
     1184  9  3  28 1 1 1
     1185  9  3  29 1 1 1
     1186  9  3  30 1 1 1
     1187  9  3  31 1 1 1
     1188  9  3  32 1 1 1
     1189  9  3  33 1 1 1
     1190  9  3  34 1 1 1
     1191  9  4  1 1 1 1
     1192  9  4  2 1 1 1
     1193  9  4  3 1 1 1
     1194  9  4  4 1 1 1
     1195  9  4  5 1 1 1
     1196  9  4  6 1 1 1
     1197  9  4  7 1 1 1
     1198  9  4  8 1 1 1
     1199  9  4  9 1 1 1
     1200  9  4  10 1 1 1
     1201  9  4  11 1 1 1
     1202  9  4  12 1 1 1
     1203  9  4  13 1 1 1
     1204  9  4  14 1 1 1
     1205  9  4  15 1 1 1
     1206  9  4  16 1 1 1
     1207  9  4  17 1 1 1
     1208  9  4  18 1 1 1
     1209  9  4  19 1 1 1
     1210  9  4  20 1 1 1
     1211  9  4  21 1 1 1
     1212  9  4  22 1 1 1
     1213  9  4  23 1 1 1
     1214  9  4  24 1 1 1
     1215  9  4  25 1 1 1
     1216  9  4  26 1 1 1
     1217  9  4  27 1 1 1
     1218  9  4  28 1 1 1
     1219  9  4  29 1 1 1
     1220  9  4  30 1 1 1
     1221  9  4  31 1 1 1
     1222  9  4  32 1 1 1
     1223  9  4  33 1 1 1
     1224  9  4  34 1 1 1
     1225  10  1  1 1 1 1
     1226  10  1  2 1 1 1
     1227  10  1  3 1 1 1
     1228  10  1  4 1 1 1
     1229  10  1  5 1 1 1
     1230  10  1  6 1 1 1
     1231  10  1  7 1 1 1
     1232  10  1  8 1 1 1
     1233  10  1  9 1 1 1
     1234  10  1  10 1 1 1
     1235  10  1  11 1 1 1
     1236  10  1  12 1 1 1
     1237  10  1  13 1 1 1
     1238  10  1  14 1 1 1
     1239  10  1  15 1 1 1
     1240  10  1  16 1 1 1
     1241  10  1  17 1 1 1
     1242  10  1  18 1 1 1
     1243  10  1  19 1 1 1
     1244  10  1  20 1 1 1
     1245  10  1  21 1 1 1
     1246  10  1  22 1 1 1
     1247  10  1  23 1 1 1
     1248  10  1  24 1 1 1
     1249  10  1  25 1 1 1
     1250  10  1  26 1 1 1
     1251  10  1  27 1 1 1
     1252  10  1  28 1 1 1
     1253  10  1  29 1 1 1
     1254  10  1  30 1 1 1
     1255  10  1  31 1 1 1
     1256  10  1  32 1 1 1
     1257  10  1  33 1 1 1
     1258  10  1  34 1 1 1
     1259  10  2  1 1 1 1
     1260  10  2  2 1 1 1
     1261  10  2  3 1 1 1
     1262  10  2  4 1 1 1
     1263  10  2  5 1 1 1
     1264  10  2  6 1 1 1
     1265  10  2  7 1 1 1
     1266  10  2  8 1 1 1
     1267  10  2  9 1 1 1
     1268  10  2  10 1 1 1
     1269  10  2  11 1 1 1
     1270  10  2  12 1 1 1
     1271  10  2  13 1 1 1
     1272  10  2  14 1 1 1
     1273  10  2  15 1 1 1
     1274  10  2  16 1 1 1
     1275  10  2  17 1 1 1
     1276  10  2  18 1 1 1
     1277  10  2  19 1 1 1
     1278  10  2  20 1 1 1
     1279  10  2  21 1 1 1
     1280  10  2  22 1 1 1
     1281  10  2  23 1 1 1
     1282  10  2  24 1 1 1
     1283  10  2  25 1 1 1
     1284  10  2  26 1 1 1
     1285  10  2  27 1 1 1
     1286  10  2  28 1 1 1
     1287  10  2  29 1 1 1
     1288  10  2  30 1 1 1
     1289  10  2  31 1 1 1
     1290  10  2  32 1 1 1
     1291  10  2  33 1 1 1
     1292  10  2  34 1 1 1
     1293  10  3  1 1 1 1
     1294  10  3  2 1 1 1
     1295  10  3  3 1 1 1
     1296  10  3  4 1 1 1
     1297  10  3  5 1 1 1
     1298  10  3  6 1 1 1
     1299  10  3  7 1 1 1
     1300  10  3  8 1 1 1
     1301  10  3  9 1 1 1
     1302  10  3  10 1 1 1
     1303  10  3  11 1 1 1
     1304  10  3  12 1 1 1
     1305  10  3  13 1 1 1
     1306  10  3  14 1 1 1
     1307  10  3  15 1 1 1
     1308  10  3  16 1 1 1
     1309  10  3  17 1 1 1
     1310  10  3  18 1 1 1
     1311  10  3  19 1 1 1
     1312  10  3  20 1 1 1
     1313  10  3  21 1 1 1
     1314  10  3  22 1 1 1
     1315  10  3  23 1 1 1
     1316  10  3  24 1 1 1
     1317  10  3  25 1 1 1
     1318  10  3  26 1 1 1
     1319  10  3  27 1 1 1
     1320  10  3  28 1 1 1
     1321  10  3  29 1 1 1
     1322  10  3  30 1 1 1
     1323  10  3  31 1 1 1
     1324  10  3  32 1 1 1
     1325  10  3  33 1 1 1
     1326  10  3  34 1 1 1
     1327  10  4  1 1 1 1
     1328  10  4  2 1 1 1
     1329  10  4  3 1 1 1
     1330  10  4  4 1 1 1
     1331  10  4  5 1 1 1
     1332  10  4  6 1 1 1
     1333  10  4  7 1 1 1
     1334  10  4  8 1 1 1
     1335  10  4  9 1 1 1
     1336  10  4  10 1 1 1
     1337  10  4  11 1 1 1
     1338  10  4  12 1 1 1
     1339  10  4  13 1 1 1
     1340  10  4  14 1 1 1
     1341  10  4  15 1 1 1
     1342  10  4  16 1 1 1
     1343  10  4  17 1 1 1
     1344  10  4  18 1 1 1
     1345  10  4  19 1 1 1
     1346  10  4  20 1 1 1
     1347  10  4  21 1 1 1
     1348  10  4  22 1 1 1
     1349  10  4  23 1 1 1
     1350  10  4  24 1 1 1
     1351  10  4  25 1 1 1
     1352  10  4  26 1 1 1
     1353  10  4  27 1 1 1
     1354  10  4  28 1 1 1
     1355  10  4  29 1 1 1
     1356  10  4  30 1 1 1
     1357  10  4  31 1 1 1
     1358  10  4  32 1 1 1
     1359  10  4  33 1 1 1
     1360  10  4  34 1 1 1
     1361  11  1  1 1 1 1
     1362  11  1  2 1 1 1
     1363  11  1  3 1 1 1
     1364  11  1  4 1 1 1
     1365  11  1  5 1 1 1
     1366  11  1  6 1 1 1
     1367  11  1  7 1 1 1
     1368  11  1  8 1 1 1
     1369  11  1  9 1 1 1
     1370  11  1  10 1 1 1
     1371  11  1  11 1 1 1
     1372  11  1  12 1 1 1
     1373  11  1  13 1 1 1
     1374  11  1  14 1 1 1
     1375  11  1  15 1 1 1
     1376  11  1  16 1 1 1
     1377  11  1  17 1 1 1
     1378  11  1  18 1 1 1
     1379  11  1  19 1 1 1
     1380  11  1  20 1 1 1
     1381  11  1  21 1 1 1
     1382  11  1  22 1 1 1
     1383  11  1  23 1 1 1
     1384  11  1  24 1 1 1
     1385  11  1  25 1 1 1
     1386  11  1  26 1 1 1
     1387  11  1  27 1 1 1
     1388  11  1  28 1 1 1
     1389  11  1  29 1 1 1
     1390  11  1  30 1 1 1
     1391  11  1  31 1 1 1
     1392  11  1  32 1 1 1
     1393  11  1  33 1 1 1
     1394  11  1  34 1 1 1
     1395  11  2  1 1 1 1
     1396  11  2  2 1 1 1
     1397  11  2  3 1 1 1
     1398  11  2  4 1 1 1
     1399  11  2  5 1 1 1
     1400  11  2  6 1 1 1
     1401  11  2  7 1 1 1
     1402  11  2  8 1 1 1
     1403  11  2  9 1 1 1
     1404  11  2  10 1 1 1
     1405  11  2  11 1 1 1
     1406  11  2  12 1 1 1
     1407  11  2  13 1 1 1
     1408  11  2  14 1 1 1
     1409  11  2  15 1 1 1
     1410  11  2  16 1 1 1
     1411  11  2  17 1 1 1
     1412  11  2  18 1 1 1
     1413  11  2  19 1 1 1
     1414  11  2  20 1 1 1
     1415  11  2  21 1 1 1
     1416  11  2  22 1 1 1
     1417  11  2  23 1 1 1
     1418  11  2  24 1 1 1
     1419  11  2  25 1 1 1
     1420  11  2  26 1 1 1
     1421  11  2  27 1 1 1
     1422  11  2  28 1 1 1
     1423  11  2  29 1 1 1
     1424  11  2  30 1 1 1
     1425  11  2  31 1 1 1
     1426  11  2  32 1 1 1
     1427  11  2  33 1 1 1
     1428  11  2  34 1 1 1
     1429  11  3  1 1 1 1
     1430  11  3  2 1 1 1
     1431  11  3  3 1 1 1
     1432  11  3  4 1 1 1
     1433  11  3  5 1 1 1
     1434  11  3  6 1 1 1
     1435  11  3  7 1 1 1
     1436  11  3  8 1 1 1
     1437  11  3  9 1 1 1
     1438  11  3  10 1 1 1
     1439  11  3  11 1 1 1
     1440  11  3  12 1 1 1
     1441  11  3  13 1 1 1
     1442  11  3  14 1 1 1
     1443  11  3  15 1 1 1
     1444  11  3  16 1 1 1
     1445  11  3  17 1 1 1
     1446  11  3  18 1 1 1
     1447  11  3  19 1 1 1
     1448  11  3  20 1 1 1
     1449  11  3  21 1 1 1
     1450  11  3  22 1 1 1
     1451  11  3  23 1 1 1
     1452  11  3  24 1 1 1
     1453  11  3  25 1 1 1
     1454  11  3  26 1 1 1
     1455  11  3  27 1 1 1
     1456  11  3  28 1 1 1
     1457  11  3  29 1 1 1
     1458  11  3  30 1 1 1
     1459  11  3  31 1 1 1
     1460  11  3  32 1 1 1
     1461  11  3  33 1 1 1
     1462  11  3  34 1 1 1
     1463  11  4  1 1 1 1
     1464  11  4  2 1 1 1
     1465  11  4  3 1 1 1
     1466  11  4  4 1 1 1
     1467  11  4  5 1 1 1
     1468  11  4  6 1 1 1
     1469  11  4  7 1 1 1
     1470  11  4  8 1 1 1
     1471  11  4  9 1 1 1
     1472  11  4  10 1 1 1
     1473  11  4  11 1 1 1
     1474  11  4  12 1 1 1
     1475  11  4  13 1 1 1
     1476  11  4  14 1 1 1
     1477  11  4  15 1 1 1
     1478  11  4  16 1 1 1
     1479  11  4  17 1 1 1
     1480  11  4  18 1 1 1
     1481  11  4  19 1 1 1
     1482  11  4  20 1 1 1
     1483  11  4  21 1 1 1
     1484  11  4  22 1 1 1
     1485  11  4  23 1 1 1
     1486  11  4  24 1 1 1
     1487  11  4  25 1 1 1
     1488  11  4  26 1 1 1
     1489  11  4  27 1 1 1
     1490  11  4  28 1 1 1
     1491  11  4  29 1 1 1
     1492  11  4  30 1 1 1
     1493  11  4  31 1 1 1
     1494  11  4  32 1 1 1
     1495  11  4  33 1 1 1
     1496  11  4  34 1 1 1
     1497  12  1  1 1 1 1
     1498  12  1  2 1 1 1
     1499  12  1  3 1 1 1
     1500  12  1  4 1 1 1
     1501  12  1  5 1 1 1
     1502  12  1  6 1 1 1
     1503  12  1  7 1 1 1
     1504  12  1  8 1 1 1
     1505  12  1  9 1 1 1
     1506  12  1  10 1 1 1
     1507  12  1  11 1 1 1
     1508  12  1  12 1 1 1
     1509  12  1  13 1 1 1
     1510  12  1  14 1 1 1
     1511  12  1  15 1 1 1
     1512  12  1  16 1 1 1
     1513  12  1  17 1 1 1
     1514  12  1  18 1 1 1
     1515  12  1  19 1 1 1
     1516  12  1  20 1 1 1
     1517  12  1  21 1 1 1
     1518  12  1  22 1 1 1
     1519  12  1  23 1 1 1
     1520  12  1  24 1 1 1
     1521  12  1  25 1 1 1
     1522  12  1  26 1 1 1
     1523  12  1  27 1 1 1
     1524  12  1  28 1 1 1
     1525  12  1  29 1 1 1
     1526  12  1  30 1 1 1
     1527  12  1  31 1 1 1
     1528  12  1  32 1 1 1
     1529  12  1  33 1 1 1
     1530  12  1  34 1 1 1
     1531  12  2  1 1 1 1
     1532  12  2  2 1 1 1
     1533  12  2  3 1 1 1
     1534  12  2  4 1 1 1
     1535  12  2  5 1 1 1
     1536  12  2  6 1 1 1
     1537  12  2  7 1 1 1
     1538  12  2  8 1 1 1
     1539  12  2  9 1 1 1
     1540  12  2  10 1 1 1
     1541  12  2  11 1 1 1
     1542  12  2  12 1 1 1
     1543  12  2  13 1 1 1
     1544  12  2  14 1 1 1
     1545  12  2  15 1 1 1
     1546  12  2  16 1 1 1
     1547  12  2  17 1 1 1
     1548  12  2  18 1 1 1
     1549  12  2  19 1 1 1
     1550  12  2  20 1 1 1
     1551  12  2  21 1 1 1
     1552  12  2  22 1 1 1
     1553  12  2  23 1 1 1
     1554  12  2  24 1 1 1
     1555  12  2  25 1 1 1
     1556  12  2  26 1 1 1
     1557  12  2  27 1 1 1
     1558  12  2  28 1 1 1
     1559  12  2  29 1 1 1
     1560  12  2  30 1 1 1
     1561  12  2  31 1 1 1
     1562  12  2  32 1 1 1
     1563  12  2  33 1 1 1
     1564  12  2  34 1 1 1
     1565  12  3  1 1 1 1
     1566  12  3  2 1 1 1
     1567  12  3  3 1 1 1
     1568  12  3  4 1 1 1
     1569  12  3  5 1 1 1
     1570  12  3  6 1 1 1
     1571  12  3  7 1 1 1
     1572  12  3  8 1 1 1
     1573  12  3  9 1 1 1
     1574  12  3  10 1 1 1
     1575  12  3  11 1 1 1
     1576  12  3  12 1 1 1
     1577  12  3  13 1 1 1
     1578  12  3  14 1 1 1
     1579  12  3  15 1 1 1
     1580  12  3  16 1 1 1
     1581  12  3  17 1 1 1
     1582  12  3  18 1 1 1
     1583  12  3  19 1 1 1
     1584  12  3  20 1 1 1
     1585  12  3  21 1 1 1
     1586  12  3  22 1 1 1
     1587  12  3  23 1 1 1
     1588  12  3  24 1 1 1
     1589  12  3  25 1 1 1
     1590  12  3  26 1 1 1
     1591  12  3  27 1 1 1
     1592  12  3  28 1 1 1
     1593  12  3  29 1 1 1
     1594  12  3  30 1 1 1
     1595  12  3  31 1 1 1
     1596  12  3  32 1 1 1
     1597  12  3  33 1 1 1
     1598  12  3  34 1 1 1
     1599  12  4  1 1 1 1
     1600  12  4  2 1 1 1
     1601  12  4  3 1 1 1
     1602  12  4  4 1 1 1
     1603  12  4  5 1 1 1
     1604  12  4  6 1 1 1
     1605  12  4  7 1 1 1
     1606  12  4  8 1 1 1
     1607  12  4  9 1 1 1
     1608  12  4  10 1 1 1
     1609  12  4  11 1 1 1
     1610  12  4  12 1 1 1
     1611  12  4  13 1 1 1
     1612  12  4  14 1 1 1
     1613  12  4  15 1 1 1
     1614  12  4  16 1 1 1
     1615  12  4  17 1 1 1
     1616  12  4  18 1 1 1
     1617  12  4  19 1 1 1
     1618  12  4  20 1 1 1
     1619  12  4  21 1 1 1
     1620  12  4  22 1 1 1
     1621  12  4  23 1 1 1
     1622  12  4  24 1 1 1
     1623  12  4  25 1 1 1
     1624  12  4  26 1 1 1
     1625  12  4  27 1 1 1
     1626  12  4  28 1 1 1
     1627  12  4  29 1 1 1
     1628  12  4  30 1 1 1
     1629  12  4  31 1 1 1
     1630  12  4  32 1 1 1
     1631  12  4  33 1 1 1
     1632  12  4  34 1 1 1
     1633  13  1  1 1 1 1
     1634  13  1  2 1 1 1
     1635  13  1  3 1 1 1
     1636  13  1  4 1 1 1
     1637  13  1  5 1 1 1
     1638  13  1  6 1 1 1
     1639  13  1  7 1 1 1
     1640  13  1  8 1 1 1
     1641  13  1  9 1 1 1
     1642  13  1  10 1 1 1
     1643  13  1  11 1 1 1
     1644  13  1  12 1 1 1
     1645  13  1  13 1 1 1
     1646  13  1  14 1 1 1
     1647  13  1  15 1 1 1
     1648  13  1  16 1 1 1
     1649  13  1  17 1 1 1
     1650  13  1  18 1 1 1
     1651  13  1  19 1 1 1
     1652  13  1  20 1 1 1
     1653  13  1  21 1 1 1
     1654  13  1  22 1 1 1
     1655  13  1  23 1 1 1
     1656  13  1  24 1 1 1
     1657  13  1  25 1 1 1
     1658  13  1  26 1 1 1
     1659  13  1  27 1 1 1
     1660  13  1  28 1 1 1
     1661  13  1  29 1 1 1
     1662  13  1  30 1 1 1
     1663  13  1  31 1 1 1
     1664  13  1  32 1 1 1
     1665  13  1  33 1 1 1
     1666  13  1  34 1 1 1
     1667  13  2  1 1 1 1
     1668  13  2  2 1 1 1
     1669  13  2  3 1 1 1
     1670  13  2  4 1 1 1
     1671  13  2  5 1 1 1
     1672  13  2  6 1 1 1
     1673  13  2  7 1 1 1
     1674  13  2  8 1 1 1
     1675  13  2  9 1 1 1
     1676  13  2  10 1 1 1
     1677  13  2  11 1 1 1
     1678  13  2  12 1 1 1
     1679  13  2  13 1 1 1
     1680  13  2  14 1 1 1
     1681  13  2  15 1 1 1
     1682  13  2  16 1 1 1
     1683  13  2  17 1 1 1
     1684  13  2  18 1 1 1
     1685  13  2  19 1 1 1
     1686  13  2  20 1 1 1
     1687  13  2  21 1 1 1
     1688  13  2  22 1 1 1
     1689  13  2  23 1 1 1
     1690  13  2  24 1 1 1
     1691  13  2  25 1 1 1
     1692  13  2  26 1 1 1
     1693  13  2  27 1 1 1
     1694  13  2  28 1 1 1
     1695  13  2  29 1 1 1
     1696  13  2  30 1 1 1
     1697  13  2  31 1 1 1
     1698  13  2  32 1 1 1
     1699  13  2  33 1 1 1
     1700  13  2  34 1 1 1
     1701  13  3  1 1 1 1
     1702  13  3  2 1 1 1
     1703  13  3  3 1 1 1
     1704  13  3  4 1 1 1
     1705  13  3  5 1 1 1
     1706  13  3  6 1 1 1
     1707  13  3  7 1 1 1
     1708  13  3  8 1 1 1
     1709  13  3  9 1 1 1
     1710  13  3  10 1 1 1
     1711  13  3  11 1 1 1
     1712  13  3  12 1 1 1
     1713  13  3  13 1 1 1
     1714  13  3  14 1 1 1
     1715  13  3  15 1 1 1
     1716  13  3  16 1 1 1
     1717  13  3  17 1 1 1
     1718  13  3  18 1 1 1
     1719  13  3  19 1 1 1
     1720  13  3  20 1 1 1
     1721  13  3  21 1 1 1
     1722  13  3  22 1 1 1
     1723  13  3  23 1 1 1
     1724  13  3  24 1 1 1
     1725  13  3  25 1 1 1
     1726  13  3  26 1 1 1
     1727  13  3  27 1 1 1
     1728  13  3  28 1 1 1
     1729  13  3  29 1 1 1
     1730  13  3  30 1 1 1
     1731  13  3  31 1 1 1
     1732  13  3  32 1 1 1
     1733  13  3  33 1 1 1
     1734  13  3  34 1 1 1
     1735  13  4  1 1 1 1
     1736  13  4  2 1 1 1
     1737  13  4  3 1 1 1
     1738  13  4  4 1 1 1
     1739  13  4  5 1 1 1
     1740  13  4  6 1 1 1
     1741  13  4  7 1 1 1
     1742  13  4  8 1 1 1
     1743  13  4  9 1 1 1
     1744  13  4  10 1 1 1
     1745  13  4  11 1 1 1
     1746  13  4  12 1 1 1
     1747  13  4  13 1 1 1
     1748  13  4  14 1 1 1
     1749  13  4  15 1 1 1
     1750  13  4  16 1 1 1
     1751  13  4  17 1 1 1
     1752  13  4  18 1 1 1
     1753  13  4  19 1 1 1
     1754  13  4  20 1 1 1
     1755  13  4  21 1 1 1
     1756  13  4  22 1 1 1
     1757  13  4  23 1 1 1
     1758  13  4  24 1 1 1
     1759  13  4  25 1 1 1
     1760  13  4  26 1 1 1
     1761  13  4  27 1 1 1
     1762  13  4  28 1 1 1
     1763  13  4  29 1 1 1
     1764  13  4  30 1 1 1
     1765  13  4  31 1 1 1
     1766  13  4  32 1 1 1
     1767  13  4  33 1 1 1
     1768  13  4  34 1 1 1
     1769  14  1  1 1 1 1
     1770  14  1  2 1 1 1
     1771  14  1  3 1 1 1
     1772  14  1  4 1 1 1
     1773  14  1  5 1 1 1
     1774  14  1  6 1 1 1
     1775  14  1  7 1 1 1
     1776  14  1  8 1 1 1
     1777  14  1  9 1 1 1
     1778  14  1  10 1 1 1
     1779  14  1  11 1 1 1
     1780  14  1  12 1 1 1
     1781  14  1  13 1 1 1
     1782  14  1  14 1 1 1
     1783  14  1  15 1 1 1
     1784  14  1  16 1 1 1
     1785  14  1  17 1 1 1
     1786  14  1  18 1 1 1
     1787  14  1  19 1 1 1
     1788  14  1  20 1 1 1
     1789  14  1  21 1 1 1
     1790  14  1  22 1 1 1
     1791  14  1  23 1 1 1
     1792  14  1  24 1 1 1
     1793  14  1  25 1 1 1
     1794  14  1  26 1 1 1
     1795  14  1  27 1 1 1
     1796  14  1  28 1 1 1
     1797  14  1  29 1 1 1
     1798  14  1  30 1 1 1
     1799  14  1  31 1 1 1
     1800  14  1  32 1 1 1
     1801  14  1  33 1 1 1
     1802  14  1  34 1 1 1
     1803  14  2  1 1 1 1
     1804  14  2  2 1 1 1
     1805  14  2  3 1 1 1
     1806  14  2  4 1 1 1
     1807  14  2  5 1 1 1
     1808  14  2  6 1 1 1
     1809  14  2  7 1 1 1
     1810  14  2  8 1 1 1
     1811  14  2  9 1 1 1
     1812  14  2  10 1 1 1
     1813  14  2  11 1 1 1
     1814  14  2  12 1 1 1
     1815  14  2  13 1 1 1
     1816  14  2  14 1 1 1
     1817  14  2  15 1 1 1
     1818  14  2  16 1 1 1
     1819  14  2  17 1 1 1
     1820  14  2  18 1 1 1
     1821  14  2  19 1 1 1
     1822  14  2  20 1 1 1
     1823  14  2  21 1 1 1
     1824  14  2  22 1 1 1
     1825  14  2  23 1 1 1
     1826  14  2  24 1 1 1
     1827  14  2  25 1 1 1
     1828  14  2  26 1 1 1
     1829  14  2  27 1 1 1
     1830  14  2  28 1 1 1
     1831  14  2  29 1 1 1
     1832  14  2  30 1 1 1
     1833  14  2  31 1 1 1
     1834  14  2  32 1 1 1
     1835  14  2  33 1 1 1
     1836  14  2  34 1 1 1
     1837  14  3  1 1 1 1
     1838  14  3  2 1 1 1
     1839  14  3  3 1 1 1
     1840  14  3  4 1 1 1
     1841  14  3  5 1 1 1
     1842  14  3  6 1 1 1
     1843  14  3  7 1 1 1
     1844  14  3  8 1 1 1
     1845  14  3  9 1 1 1
     1846  14  3  10 1 1 1
     1847  14  3  11 1 1 1
     1848  14  3  12 1 1 1
     1849  14  3  13 1 1 1
     1850  14  3  14 1 1 1
     1851  14  3  15 1 1 1
     1852  14  3  16 1 1 1
     1853  14  3  17 1 1 1
     1854  14  3  18 1 1 1
     1855  14  3  19 1 1 1
     1856  14  3  20 1 1 1
     1857  14  3  21 1 1 1
     1858  14  3  22 1 1 1
     1859  14  3  23 1 1 1
     1860  14  3  24 1 1 1
     1861  14  3  25 1 1 1
     1862  14  3  26 1 1 1
     1863  14  3  27 1 1 1
     1864  14  3  28 1 1 1
     1865  14  3  29 1 1 1
     1866  14  3  30 1 1 1
     1867  14  3  31 1 1 1
     1868  14  3  32 1 1 1
     1869  14  3  33 1 1 1
     1870  14  3  34 1 1 1
     1871  14  4  1 1 1 1
     1872  14  4  2 1 1 1
     1873  14  4  3 1 1 1
     1874  14  4  4 1 1 1
     1875  14  4  5 1 1 1
     1876  14  4  6 1 1 1
     1877  14  4  7 1 1 1
     1878  14  4  8 1 1 1
     1879  14  4  9 1 1 1
     1880  14  4  10 1 1 1
     1881  14  4  11 1 1 1
     1882  14  4  12 1 1 1
     1883  14  4  13 1 1 1
     1884  14  4  14 1 1 1
     1885  14  4  15 1 1 1
     1886  14  4  16 1 1 1
     1887  14  4  17 1 1 1
     1888  14  4  18 1 1 1
     1889  14  4  19 1 1 1
     1890  14  4  20 1 1 1
     1891  14  4  21 1 1 1
     1892  14  4  22 1 1 1
     1893  14  4  23 1 1 1
     1894  14  4  24 1 1 1
     1895  14  4  25 1 1 1
     1896  14  4  26 1 1 1
     1897  14  4  27 1 1 1
     1898  14  4  28 1 1 1
     1899  14  4  29 1 1 1
     1900  14  4  30 1 1 1
     1901  14  4  31 1 1 1
     1902  14  4  32 1 1 1
     1903  14  4  33 1 1 1
     1904  14  4  34 1 1 1
     1905  15  1  1 1 1 1
     1906  15  1  2 1 1 1
     1907  15  1  3 1 1 1
     1908  15  1  4 1 1 1
     1909  15  1  5 1 1 1
     1910  15  1  6 1 1 1
     1911  15  1  7 1 1 1
     1912  15  1  8 1 1 1
     1913  15  1  9 1 1 1
     1914  15  1  10 1 1 1
     1915  15  1  11 1 1 1
     1916  15  1  12 1 1 1
     1917  15  1  13 1 1 1
     1918  15  1  14 1 1 1
     1919  15  1  15 1 1 1
     1920  15  1  16 1 1 1
     1921  15  1  17 1 1 1
     1922  15  1  18 1 1 1
     1923  15  1  19 1 1 1
     1924  15  1  20 1 1 1
     1925  15  1  21 1 1 1
     1926  15  1  22 1 1 1
     1927  15  1  23 1 1 1
     1928  15  1  24 1 1 1
     1929  15  1  25 1 1 1
     1930  15  1  26 1 1 1
     1931  15  1  27 1 1 1
     1932  15  1  28 1 1 1
     1933  15  1  29 1 1 1
     1934  15  1  30 1 1 1
     1935  15  1  31 1 1 1
     1936  15  1  32 1 1 1
     1937  15  1  33 1 1 1
     1938  15  1  34 1 1 1
     1939  15  2  1 1 1 1
     1940  15  2  2 1 1 1
     1941  15  2  3 1 1 1
     1942  15  2  4 1 1 1
     1943  15  2  5 1 1 1
     1944  15  2  6 1 1 1
     1945  15  2  7 1 1 1
     1946  15  2  8 1 1 1
     1947  15  2  9 1 1 1
     1948  15  2  10 1 1 1
     1949  15  2  11 1 1 1
     1950  15  2  12 1 1 1
     1951  15  2  13 1 1 1
     1952  15  2  14 1 1 1
     1953  15  2  15 1 1 1
     1954  15  2  16 1 1 1
     1955  15  2  17 1 1 1
     1956  15  2  18 1 1 1
     1957  15  2  19 1 1 1
     1958  15  2  20 1 1 1
     1959  15  2  21 1 1 1
     1960  15  2  22 1 1 1
     1961  15  2  23 1 1 1
     1962  15  2  24 1 1 1
     1963  15  2  25 1 1 1
     1964  15  2  26 1 1 1
     1965  15  2  27 1 1 1
     1966  15  2  28 1 1 1
     1967  15  2  29 1 1 1
     1968  15  2  30 1 1 1
     1969  15  2  31 1 1 1
     1970  15  2  32 1 1 1
     1971  15  2  33 1 1 1
     1972  15  2  34 1 1 1
     1973  15  3  1 1 1 1
     1974  15  3  2 1 1 1
     1975  15  3  3 1 1 1
     1976  15  3  4 1 1 1
     1977  15  3  5 1 1 1
     1978  15  3  6 1 1 1
     1979  15  3  7 1 1 1
     1980  15  3  8 1 1 1
     1981  15  3  9 1 1 1
     1982  15  3  10 1 1 1
     1983  15  3  11 1 1 1
     1984  15  3  12 1 1 1
     1985  15  3  13 1 1 1
     1986  15  3  14 1 1 1
     1987  15  3  15 1 1 1
     1988  15  3  16 1 1 1
     1989  15  3  17 1 1 1
     1990  15  3  18 1 1 1
     1991  15  3  19 1 1 1
     1992  15  3  20 1 1 1
     1993  15  3  21 1 1 1
     1994  15  3  22 1 1 1
     1995  15  3  23 1 1 1
     1996  15  3  24 1 1 1
     1997  15  3  25 1 1 1
     1998  15  3  26 1 1 1
     1999  15  3  27 1 1 1
     2000  15  3  28 1 1 1
     2001  15  3  29 1 1 1
     2002  15  3  30 1 1 1
     2003  15  3  31 1 1 1
     2004  15  3  32 1 1 1
     2005  15  3  33 1 1 1
     2006  15  3  34 1 1 1
     2007  15  4  1 1 1 1
     2008  15  4  2 1 1 1
     2009  15  4  3 1 1 1
     2010  15  4  4 1 1 1
     2011  15  4  5 1 1 1
     2012  15  4  6 1 1 1
     2013  15  4  7 1 1 1
     2014  15  4  8 1 1 1
     2015  15  4  9 1 1 1
     2016  15  4  10 1 1 1
     2017  15  4  11 1 1 1
     2018  15  4  12 1 1 1
     2019  15  4  13 1 1 1
     2020  15  4  14 1 1 1
     2021  15  4  15 1 1 1
     2022  15  4  16 1 1 1
     2023  15  4  17 1 1 1
     2024  15  4  18 1 1 1
     2025  15  4  19 1 1 1
     2026  15  4  20 1 1 1
     2027  15  4  21 1 1 1
     2028  15  4  22 1 1 1
     2029  15  4  23 1 1 1
     2030  15  4  24 1 1 1
     2031  15  4  25 1 1 1
     2032  15  4  26 1 1 1
     2033  15  4  27 1 1 1
     2034  15  4  28 1 1 1
     2035  15  4  29 1 1 1
     2036  15  4  30 1 1 1
     2037  15  4  31 1 1 1
     2038  15  4  32 1 1 1
     2039  15  4  33 1 1 1
     2040  15  4  34 1 1 1
     2041  16  1  1 1 1 1
     2042  16  1  2 1 1 1
     2043  16  1  3 1 1 1
     2044  16  1  4 1 1 1
     2045  16  1  5 1 1 1
     2046  16  1  6 1 1 1
     2047  16  1  7 1 1 1
     2048  16  1  8 1 1 1
     2049  16  1  9 1 1 1
     2050  16  1  10 1 1 1
     2051  16  1  11 1 1 1
     2052  16  1  12 1 1 1
     2053  16  1  13 1 1 1
     2054  16  1  14 1 1 1
     2055  16  1  15 1 1 1
     2056  16  1  16 1 1 1
     2057  16  1  17 1 1 1
     2058  16  1  18 1 1 1
     2059  16  1  19 1 1 1
     2060  16  1  20 1 1 1
     2061  16  1  21 1 1 1
     2062  16  1  22 1 1 1
     2063  16  1  23 1 1 1
     2064  16  1  24 1 1 1
     2065  16  1  25 1 1 1
     2066  16  1  26 1 1 1
     2067  16  1  27 1 1 1
     2068  16  1  28 1 1 1
     2069  16  1  29 1 1 1
     2070  16  1  30 1 1 1
     2071  16  1  31 1 1 1
     2072  16  1  32 1 1 1
     2073  16  1  33 1 1 1
     2074  16  1  34 1 1 1
     2075  16  2  1 1 1 1
     2076  16  2  2 1 1 1
     2077  16  2  3 1 1 1
     2078  16  2  4 1 1 1
     2079  16  2  5 1 1 1
     2080  16  2  6 1 1 1
     2081  16  2  7 1 1 1
     2082  16  2  8 1 1 1
     2083  16  2  9 1 1 1
     2084  16  2  10 1 1 1
     2085  16  2  11 1 1 1
     2086  16  2  12 1 1 1
     2087  16  2  13 1 1 1
     2088  16  2  14 1 1 1
     2089  16  2  15 1 1 1
     2090  16  2  16 1 1 1
     2091  16  2  17 1 1 1
     2092  16  2  18 1 1 1
     2093  16  2  19 1 1 1
     2094  16  2  20 1 1 1
     2095  16  2  21 1 1 1
     2096  16  2  22 1 1 1
     2097  16  2  23 1 1 1
     2098  16  2  24 1 1 1
     2099  16  2  25 1 1 1
     2100  16  2  26 1 1 1
     2101  16  2  27 1 1 1
     2102  16  2  28 1 1 1
     2103  16  2  29 1 1 1
     2104  16  2  30 1 1 1
     2105  16  2  31 1 1 1
     2106  16  2  32 1 1 1
     2107  16  2  33 1 1 1
     2108  16  2  34 1 1 1
     2109  16  3  1 1 1 1
     2110  16  3  2 1 1 1
     2111  16  3  3 1 1 1
     2112  16  3  4 1 1 1
     2113  16  3  5 1 1 1
     2114  16  3  6 1 1 1
     2115  16  3  7 1 1 1
     2116  16  3  8 1 1 1
     2117  16  3  9 1 1 1
     2118  16  3  10 1 1 1
     2119  16  3  11 1 1 1
     2120  16  3  12 1 1 1
     2121  16  3  13 1 1 1
     2122  16  3  14 1 1 1
     2123  16  3  15 1 1 1
     2124  16  3  16 1 1 1
     2125  16  3  17 1 1 1
     2126  16  3  18 1 1 1
     2127  16  3  19 1 1 1
     2128  16  3  20 1 1 1
     2129  16  3  21 1 1 1
     2130  16  3  22 1 1 1
     2131  16  3  23 1 1 1
     2132  16  3  24 1 1 1
     2133  16  3  25 1 1 1
     2134  16  3  26 1 1 1
     2135  16  3  27 1 1 1
     2136  16  3  28 1 1 1
     2137  16  3  29 1 1 1
     2138  16  3  30 1 1 1
     2139  16  3  31 1 1 1
     2140  16  3  32 1 1 1
     2141  16  3  33 1 1 1
     2142  16  3  34 1 1 1
     2143  16  4  1 1 1 1
     2144  16  4  2 1 1 1
     2145  16  4  3 1 1 1
     2146  16  4  4 1 1 1
     2147  16  4  5 1 1 1
     2148  16  4  6 1 1 1
     2149  16  4  7 1 1 1
     2150  16  4  8 1 1 1
     2151  16  4  9 1 1 1
     2152  16  4  10 1 1 1
     2153  16  4  11 1 1 1
     2154  16  4  12 1 1 1
     2155  16  4  13 1 1 1
     2156  16  4  14 1 1 1
     2157  16  4  15 1 1 1
     2158  16  4  16 1 1 1
     2159  16  4  17 1 1 1
     2160  16  4  18 1 1 1
     2161  16  4  19 1 1 1
     2162  16  4  20 1 1 1
     2163  16  4  21 1 1 1
     2164  16  4  22 1 1 1
     2165  16  4  23 1 1 1
     2166  16  4  24 1 1 1
     2167  16  4  25 1 1 1
     2168  16  4  26 1 1 1
     2169  16  4  27 1 1 1
     2170  16  4  28 1 1 1
     2171  16  4  29 1 1 1
     2172  16  4  30 1 1 1
     2173  16  4  31 1 1 1
     2174  16  4  32 1 1 1
     2175  16  4  33 1 1 1
     2176  16  4  34 1 1 1