>GEOMETRY   rect_prism; AX,AY,AZ= 0.6230 0.6230 0.6230
     2170 = NAT 
  1.000000  0.000000  0.000000 = A_1 vector
  0.000000  1.000000  0.000000 = A_2 vector
  1.000000  1.000000  1.000000 = lattice spacings (d_x,d_y,d_z)/d
 -0.15075 -0.06920 -0.02050 = lattice offset x0(1-3) = (x_TF, y_TF, z_TF)/d for dipole 0 0 0
     JA  IX  IY  IZ ICOMP(x,y,z)
     1  1  1  1 1 1 1
     2  1  1  2 1 1 1
     3  1  1  3 1 1 1
     4  1  1  4 1 1 1
     5  1  1  5 1 1 1
     6  1  2  1 1 1 1
     7  1  2  2 1 1 1
     8  1  2  3 1 1 1
     9  1  2  4 1 1 1
     10  1  2  5 1 1 1
     11  1  3  1 1 1 1
     12  1  3  2 1 1 1
     13  1  3  3 1 1 1
     14  1  3  4 1 1 1
     15  1  3  5 1 1 1
     16  1  4  1 1 1 1
     17  1  4  2 1 1 1
     18  1  4  3 1 1 1
     19  1  4  4 1 1 1
     20  1  4  5 1 1 1
     21  1  5  1 1 1 1
     22  1  5  2 1 1 1
     23  1  5  3 1 1 1
     24  1  5  4 1 1 1
     25  1  5  5 1 1 1
     26  1  6  1 1 1 1
     27  1  6  2 1 1 1
     28  1  6  3 1 1 1
     29  1  6  4 1 1 1
     30  1  6  5 1 1 1
     31  1  7  1 1 1 1
     32  1  7  2 1 1 1
     33  1  7  3 1 1 1
     34  1  7  4 1 1 1
     35  1  7  5 1 1 1
     36  1  8  1 1 1 1
     37  1  8  2 1 1 1
     38  1  8  3 1 1 1
     39  1  8  4 1 1 1
     40  1  8  5 1 1 1
     41  1  9  1 1 1 1
     42  1  9  2 1 1 1
     43  1  9  3 1 1 1
     44  1  9  4 1 1 1
     45  1  9  5 1 1 1
     46  1  10  1 1 1 1
     47  1  10  2 1 1 1
     48  1  10  3 1 1 1
     49  1  10  4 1 1 1
     50  1  10  5 1 1 1
     51  1  11  1 1 1 1
     52  1  11  2 1 1 1
     53  1  11  3 1 1 1
     54  1  11  4 1 1 1
     55  1  11  5 1 1 1
     56  1  12  1 1 1 1
     57  1  12  2 1 1 1
     58  1  12  3 1 1 1
     59  1  12  4 1 1 1
     60  1  12  5 1 1 1
     61  1  13  1 1 1 1
     62  1  13  2 1 1 1
     63  1  13  3 1 1 1
     64  1  13  4 1 1 1
     65  1  13  5 1 1 1
     66  1  14  1 1 1 1
     67  1  14  2 1 1 1
     68  1  14  3 1 1 1
     69  1  14  4 1 1 1
     70  1  14  5 1 1 1
     71  2  1  1 1 1 1
     72  2  1  2 1 1 1
     73  2  1  3 1 1 1
     74  2  1  4 1 1 1
     75  2  1  5 1 1 1
     76  2  2  1 1 1 1
     77  2  2  2 1 1 1
     78  2  2  3 1 1 1
     79  2  2  4 1 1 1
     80  2  2  5 1 1 1
     81  2  3  1 1 1 1
     82  2  3  2 1 1 1
     83  2  3  3 1 1 1
     84  2  3  4 1 1 1
     85  2  3  5 1 1 1
     86  2  4  1 1 1 1
     87  2  4  2 1 1 1
     88  2  4  3 1 1 1
     89  2  4  4 1 1 1
     90  2  4  5 1 1 1
     91  2  5  1 1 1 1
     92  2  5  2 1 1 1
     93  2  5  3 1 1 1
     94  2  5  4 1 1 1
     95  2  5  5 1 1 1
     96  2  6  1 1 1 1
     97  2  6  2 1 1 1
     98  2  6  3 1 1 1
     99  2  6  4 1 1 1
     100  2  6  5 1 1 1
     101  2  7  1 1 1 1
     102  2  7  2 1 1 1
     103  2  7  3 1 1 1
     104  2  7  4 1 1 1
     105  2  7  5 1 1 1
     106  2  8  1 1 1 1
     107  2  8  2 1 1 1
     108  2  8  3 1 1 1
     109  2  8  4 1 1 1
     110  2  8  5 1 1 1
     111  2  9  1 1 1 1
     112  2  9  2 1 1 1
     113  2  9  3 1 1 1
     114  2  9  4 1 1 1
     115  2  9  5 1 1 1
     116  2  10  1 1 1 1
     117  2  10  2 1 1 1
     118  2  10  3 1 1 1
     119  2  10  4 1 1 1
     120  2  10  5 1 1 1
     121  2  11  1 1 1 1
     122  2  11  2 1 1 1
     123  2  11  3 1 1 1
     124  2  11  4 1 1 1
     125  2  11  5 1 1 1
     126  2  12  1 1 1 1
     127  2  12  2 1 1 1
     128  2  12  3 1 1 1
     129  2  12  4 1 1 1
     130  2  12  5 1 1 1
     131  2  13  1 1 1 1
     132  2  13  2 1 1 1
     133  2  13  3 1 1 1
     134  2  13  4 1 1 1
     135  2  13  5 1 1 1
     136  2  14  1 1 1 1
     137  2  14  2 1 1 1
     138  2  14  3 1 1 1
     139  2  14  4 1 1 1
     140  2  14  5 1 1 1
     141  3  1  1 1 1 1
     142  3  1  2 1 1 1
     143  3  1  3 1 1 1
     144  3  1  4 1 1 1
     145  3  1  5 1 1 1
     146  3  2  1 1 1 1
     147  3  2  2 1 1 1
     148  3  2  3 1 1 1
     149  3  2  4 1 1 1
     150  3  2  5 1 1 1
     151  3  3  1 1 1 1
     152  3  3  2 1 1 1
     153  3  3  3 1 1 1
     154  3  3  4 1 1 1
     155  3  3  5 1 1 1
     156  3  4  1 1 1 1
     157  3  4  2 1 1 1
     158  3  4  3 1 1 1
     159  3  4  4 1 1 1
     160  3  4  5 1 1 1
     161  3  5  1 1 1 1
     162  3  5  2 1 1 1
     163  3  5  3 1 1 1
     164  3  5  4 1 1 1
     165  3  5  5 1 1 1
     166  3  6  1 1 1 1
     167  3  6  2 1 1 1
     168  3  6  3 1 1 1
     169  3  6  4 1 1 1
     170  3  6  5 1 1 1
     171  3  7  1 1 1 1
     172  3  7  2 1 1 1
     173  3  7  3 1 1 1
     174  3  7  4 1 1 1
     175  3  7  5 1 1 1
     176  3  8  1 1 1 1
     177  3  8  2 1 1 1
     178  3  8  3 1 1 1
     179  3  8  4 1 1 1
     180  3  8  5 1 1 1
     181  3  9  1 1 1 1
     182  3  9  2 1 1 1
     183  3  9  3 1 1 1
     184  3  9  4 1 1 1
     185  3  9  5 1 1 1
     186  3  10  1 1 1 1
     187  3  10  2 1 1 1
     188  3  10  3 1 1 1
     189  3  10  4 1 1 1
     190  3  10  5 1 1 1
     191  3  11  1 1 1 1
     192  3  11  2 1 1 1
     193  3  11  3 1 1 1
     194  3  11  4 1 1 1
     195  3  11  5 1 1 1
     196  3  12  1 1 1 1
     197  3  12  2 1 1 1
     198  3  12  3 1 1 1
     199  3  12  4 1 1 1
     200  3  12  5 1 1 1
     201  3  13  1 1 1 1
     202  3  13  2 1 1 1
     203  3  13  3 1 1 1
     204  3  13  4 1 1 1
     205  3  13  5 1 1 1
     206  3  14  1 1 1 1
     207  3  14  2 1 1 1
     208  3  14  3 1 1 1
     209  3  14  4 1 1 1
     210  3  14  5 1 1 1
     211  4  1  1 1 1 1
     212  4  1  2 1 1 1
     213  4  1  3 1 1 1
     214  4  1  4 1 1 1
     215  4  1  5 1 1 1
     216  4  2  1 1 1 1
     217  4  2  2 1 1 1
     218  4  2  3 1 1 1
     219  4  2  4 1 1 1
     220  4  2  5 1 1 1
     221  4  3  1 1 1 1
     222  4  3  2 1 1 1
     223  4  3  3 1 1 1
     224  4  3  4 1 1 1
     225  4  3  5 1 1 1
     226  4  4  1 1 1 1
     227  4  4  2 1 1 1
     228  4  4  3 1 1 1
     229  4  4  4 1 1 1
     230  4  4  5 1 1 1
     231  4  5  1 1 1 1
     232  4  5  2 1 1 1
     233  4  5  3 1 1 1
     234  4  5  4 1 1 1
     235  4  5  5 1 1 1
     236  4  6  1 1 1 1
     237  4  6  2 1 1 1
     238  4  6  3 1 1 1
     239  4  6  4 1 1 1
     240  4  6  5 1 1 1
     241  4  7  1 1 1 1
     242  4  7  2 1 1 1
     243  4  7  3 1 1 1
     244  4  7  4 1 1 1
     245  4  7  5 1 1 1
     246  4  8  1 1 1 1
     247  4  8  2 1 1 1
     248  4  8  3 1 1 1
     249  4  8  4 1 1 1
     250  4  8  5 1 1 1
     251  4  9  1 1 1 1
     252  4  9  2 1 1 1
     253  4  9  3 1 1 1
     254  4  9  4 1 1 1
     255  4  9  5 1 1 1
     256  4  10  1 1 1 1
     257  4  10  2 1 1 1
     258  4  10  3 1 1 1
     259  4  10  4 1 1 1
     260  4  10  5 1 1 1
     261  4  11  1 1 1 1
     262  4  11  2 1 1 1
     263  4  11  3 1 1 1
     264  4  11  4 1 1 1
     265  4  11  5 1 1 1
     266  4  12  1 1 1 1
     267  4  12  2 1 1 1
     268  4  12  3 1 1 1
     269  4  12  4 1 1 1
     270  4  12  5 1 1 1
     271  4  13  1 1 1 1
     272  4  13  2 1 1 1
     273  4  13  3 1 1 1
     274  4  13  4 1 1 1
     275  4  13  5 1 1 1
     276  4  14  1 1 1 1
     277  4  14  2 1 1 1
     278  4  14  3 1 1 1
     279  4  14  4 1 1 1
     280  4  14  5 1 1 1
     281  5  1  1 1 1 1
     282  5  1  2 1 1 1
     283  5  1  3 1 1 1
     284  5  1  4 1 1 1
     285  5  1  5 1 1 1
     286  5  2  1 1 1 1
     287  5  2  2 1 1 1
     288  5  2  3 1 1 1
     289  5  2  4 1 1 1
     290  5  2  5 1 1 1
     291  5  3  1 1 1 1
     292  5  3  2 1 1 1
     293  5  3  3 1 1 1
     294  5  3  4 1 1 1
     295  5  3  5 1 1 1
     296  5  4  1 1 1 1
     297  5  4  2 1 1 1
     298  5  4  3 1 1 1
     299  5  4  4 1 1 1
     300  5  4  5 1 1 1
     301  5  5  1 1 1 1
     302  5  5  2 1 1 1
     303  5  5  3 1 1 1
     304  5  5  4 1 1 1
     305  5  5  5 1 1 1
     306  5  6  1 1 1 1
     307  5  6  2 1 1 1
     308  5  6  3 1 1 1
     309  5  6  4 1 1 1
     310  5  6  5 1 1 1
     311  5  7  1 1 1 1
     312  5  7  2 1 1 1
     313  5  7  3 1 1 1
     314  5  7  4 1 1 1
     315  5  7  5 1 1 1
     316  5  8  1 1 1 1
     317  5  8  2 1 1 1
     318  5  8  3 1 1 1
     319  5  8  4 1 1 1
     320  5  8  5 1 1 1
     321  5  9  1 1 1 1
     322  5  9  2 1 1 1
     323  5  9  3 1 1 1
     324  5  9  4 1 1 1
     325  5  9  5 1 1 1
     326  5  10  1 1 1 1
     327  5  10  2 1 1 1
     328  5  10  3 1 1 1
     329  5  10  4 1 1 1
     330  5  10  5 1 1 1
     331  5  11  1 1 1 1
     332  5  11  2 1 1 1
     333  5  11  3 1 1 1
     334  5  11  4 1 1 1
     335  5  11  5 1 1 1
     336  5  12  1 1 1 1
     337  5  12  2 1 1 1
     338  5  12  3 1 1 1
     339  5  12  4 1 1 1
     340  5  12  5 1 1 1
     341  5  13  1 1 1 1
     342  5  13  2 1 1 1
     343  5  13  3 1 1 1
     344  5  13  4 1 1 1
     345  5  13  5 1 1 1
     346  5  14  1 1 1 1
     347  5  14  2 1 1 1
     348  5  14  3 1 1 1
     349  5  14  4 1 1 1
     350  5  14  5 1 1 1
     351  6  1  1 1 1 1
     352  6  1  2 1 1 1
     353  6  1  3 1 1 1
     354  6  1  4 1 1 1
     355  6  1  5 1 1 1
     356  6  2  1 1 1 1
     357  6  2  2 1 1 1
     358  6  2  3 1 1 1
     359  6  2  4 1 1 1
     360  6  2  5 1 1 1
     361  6  3  1 1 1 1
     362  6  3  2 1 1 1
     363  6  3  3 1 1 1
     364  6  3  4 1 1 1
     365  6  3  5 1 1 1
     366  6  4  1 1 1 1
     367  6  4  2 1 1 1
     368  6  4  3 1 1 1
     369  6  4  4 1 1 1
     370  6  4  5 1 1 1
     371  6  5  1 1 1 1
     372  6  5  2 1 1 1
     373  6  5  3 1 1 1
     374  6  5  4 1 1 1
     375  6  5  5 1 1 1
     376  6  6  1 1 1 1
     377  6  6  2 1 1 1
     378  6  6  3 1 1 1
     379  6  6  4 1 1 1
     380  6  6  5 1 1 1
     381  6  7  1 1 1 1
     382  6  7  2 1 1 1
     383  6  7  3 1 1 1
     384  6  7  4 1 1 1
     385  6  7  5 1 1 1
     386  6  8  1 1 1 1
     387  6  8  2 1 1 1
     388  6  8  3 1 1 1
     389  6  8  4 1 1 1
     390  6  8  5 1 1 1
     391  6  9  1 1 1 1
     392  6  9  2 1 1 1
     393  6  9  3 1 1 1
     394  6  9  4 1 1 1
     395  6  9  5 1 1 1
     396  6  10  1 1 1 1
     397  6  10  2 1 1 1
     398  6  10  3 1 1 1
     399  6  10  4 1 1 1
     400  6  10  5 1 1 1
     401  6  11  1 1 1 1
     402  6  11  2 1 1 1
     403  6  11  3 1 1 1
     404  6  11  4 1 1 1
     405  6  11  5 1 1 1
     406  6  12  1 1 1 1
     407  6  12  2 1 1 1
     408  6  12  3 1 1 1
     409  6  12  4 1 1 1
     410  6  12  5 1 1 1
     411  6  13  1 1 1 1
     412  6  13  2 1 1 1
     413  6  13  3 1 1 1
     414  6  13  4 1 1 1
     415  6  13  5 1 1 1
     416  6  14  1 1 1 1
     417  6  14  2 1 1 1
     418  6  14  3 1 1 1
     419  6  14  4 1 1 1
     420  6  14  5 1 1 1
     421  7  1  1 1 1 1
     422  7  1  2 1 1 1
     423  7  1  3 1 1 1
     424  7  1  4 1 1 1
     425  7  1  5 1 1 1
     426  7  2  1 1 1 1
     427  7  2  2 1 1 1
     428  7  2  3 1 1 1
     429  7  2  4 1 1 1
     430  7  2  5 1 1 1
     431  7  3  1 1 1 1
     432  7  3  2 1 1 1
     433  7  3  3 1 1 1
     434  7  3  4 1 1 1
     435  7  3  5 1 1 1
     436  7  4  1 1 1 1
     437  7  4  2 1 1 1
     438  7  4  3 1 1 1
     439  7  4  4 1 1 1
     440  7  4  5 1 1 1
     441  7  5  1 1 1 1
     442  7  5  2 1 1 1
     443  7  5  3 1 1 1
     444  7  5  4 1 1 1
     445  7  5  5 1 1 1
     446  7  6  1 1 1 1
     447  7  6  2 1 1 1
     448  7  6  3 1 1 1
     449  7  6  4 1 1 1
     450  7  6  5 1 1 1
     451  7  7  1 1 1 1
     452  7  7  2 1 1 1
     453  7  7  3 1 1 1
     454  7  7  4 1 1 1
     455  7  7  5 1 1 1
     456  7  8  1 1 1 1
     457  7  8  2 1 1 1
     458  7  8  3 1 1 1
     459  7  8  4 1 1 1
     460  7  8  5 1 1 1
     461  7  9  1 1 1 1
     462  7  9  2 1 1 1
     463  7  9  3 1 1 1
     464  7  9  4 1 1 1
     465  7  9  5 1 1 1
     466  7  10  1 1 1 1
     467  7  10  2 1 1 1
     468  7  10  3 1 1 1
     469  7  10  4 1 1 1
     470  7  10  5 1 1 1
     471  7  11  1 1 1 1
     472  7  11  2 1 1 1
     473  7  11  3 1 1 1
     474  7  11  4 1 1 1
     475  7  11  5 1 1 1
     476  7  12  1 1 1 1
     477  7  12  2 1 1 1
     478  7  12  3 1 1 1
     479  7  12  4 1 1 1
     480  7  12  5 1 1 1
     481  7  13  1 1 1 1
     482  7  13  2 1 1 1
     483  7  13  3 1 1 1
     484  7  13  4 1 1 1
     485  7  13  5 1 1 1
     486  7  14  1 1 1 1
     487  7  14  2 1 1 1
     488  7  14  3 1 1 1
     489  7  14  4 1 1 1
     490  7  14  5 1 1 1
     491  8  1  1 1 1 1
     492  8  1  2 1 1 1
     493  8  1  3 1 1 1
     494  8  1  4 1 1 1
     495  8  1  5 1 1 1
     496  8  2  1 1 1 1
     497  8  2  2 1 1 1
     498  8  2  3 1 1 1
     499  8  2  4 1 1 1
     500  8  2  5 1 1 1
     501  8  3  1 1 1 1
     502  8  3  2 1 1 1
     503  8  3  3 1 1 1
     504  8  3  4 1 1 1
     505  8  3  5 1 1 1
     506  8  4  1 1 1 1
     507  8  4  2 1 1 1
     508  8  4  3 1 1 1
     509  8  4  4 1 1 1
     510  8  4  5 1 1 1
     511  8  5  1 1 1 1
     512  8  5  2 1 1 1
     513  8  5  3 1 1 1
     514  8  5  4 1 1 1
     515  8  5  5 1 1 1
     516  8  6  1 1 1 1
     517  8  6  2 1 1 1
     518  8  6  3 1 1 1
     519  8  6  4 1 1 1
     520  8  6  5 1 1 1
     521  8  7  1 1 1 1
     522  8  7  2 1 1 1
     523  8  7  3 1 1 1
     524  8  7  4 1 1 1
     525  8  7  5 1 1 1
     526  8  8  1 1 1 1
     527  8  8  2 1 1 1
     528  8  8  3 1 1 1
     529  8  8  4 1 1 1
     530  8  8  5 1 1 1
     531  8  9  1 1 1 1
     532  8  9  2 1 1 1
     533  8  9  3 1 1 1
     534  8  9  4 1 1 1
     535  8  9  5 1 1 1
     536  8  10  1 1 1 1
     537  8  10  2 1 1 1
     538  8  10  3 1 1 1
     539  8  10  4 1 1 1
     540  8  10  5 1 1 1
     541  8  11  1 1 1 1
     542  8  11  2 1 1 1
     543  8  11  3 1 1 1
     544  8  11  4 1 1 1
     545  8  11  5 1 1 1
     546  8  12  1 1 1 1
     547  8  12  2 1 1 1
     548  8  12  3 1 1 1
     549  8  12  4 1 1 1
     550  8  12  5 1 1 1
     551  8  13  1 1 1 1
     552  8  13  2 1 1 1
     553  8  13  3 1 1 1
     554  8  13  4 1 1 1
     555  8  13  5 1 1 1
     556  8  14  1 1 1 1
     557  8  14  2 1 1 1
     558  8  14  3 1 1 1
     559  8  14  4 1 1 1
     560  8  14  5 1 1 1
     561  9  1  1 1 1 1
     562  9  1  2 1 1 1
     563  9  1  3 1 1 1
     564  9  1  4 1 1 1
     565  9  1  5 1 1 1
     566  9  2  1 1 1 1
     567  9  2  2 1 1 1
     568  9  2  3 1 1 1
     569  9  2  4 1 1 1
     570  9  2  5 1 1 1
     571  9  3  1 1 1 1
     572  9  3  2 1 1 1
     573  9  3  3 1 1 1
     574  9  3  4 1 1 1
     575  9  3  5 1 1 1
     576  9  4  1 1 1 1
     577  9  4  2 1 1 1
     578  9  4  3 1 1 1
     579  9  4  4 1 1 1
     580  9  4  5 1 1 1
     581  9  5  1 1 1 1
     582  9  5  2 1 1 1
     583  9  5  3 1 1 1
     584  9  5  4 1 1 1
     585  9  5  5 1 1 1
     586  9  6  1 1 1 1
     587  9  6  2 1 1 1
     588  9  6  3 1 1 1
     589  9  6  4 1 1 1
     590  9  6  5 1 1 1
     591  9  7  1 1 1 1
     592  9  7  2 1 1 1
     593  9  7  3 1 1 1
     594  9  7  4 1 1 1
     595  9  7  5 1 1 1
     596  9  8  1 1 1 1
     597  9  8  2 1 1 1
     598  9  8  3 1 1 1
     599  9  8  4 1 1 1
     600  9  8  5 1 1 1
     601  9  9  1 1 1 1
     602  9  9  2 1 1 1
     603  9  9  3 1 1 1
     604  9  9  4 1 1 1
     605  9  9  5 1 1 1
     606  9  10  1 1 1 1
     607  9  10  2 1 1 1
     608  9  10  3 1 1 1
     609  9  10  4 1 1 1
     610  9  10  5 1 1 1
     611  9  11  1 1 1 1
     612  9  11  2 1 1 1
     613  9  11  3 1 1 1
     614  9  11  4 1 1 1
     615  9  11  5 1 1 1
     616  9  12  1 1 1 1
     617  9  12  2 1 1 1
     618  9  12  3 1 1 1
     619  9  12  4 1 1 1
     620  9  12  5 1 1 1
     621  9  13  1 1 1 1
     622  9  13  2 1 1 1
     623  9  13  3 1 1 1
     624  9  13  4 1 1 1
     625  9  13  5 1 1 1
     626  9  14  1 1 1 1
     627  9  14  2 1 1 1
     628  9  14  3 1 1 1
     629  9  14  4 1 1 1
     630  9  14  5 1 1 1
     631  10  1  1 1 1 1
     632  10  1  2 1 1 1
     633  10  1  3 1 1 1
     634  10  1  4 1 1 1
     635  10  1  5 1 1 1
     636  10  2  1 1 1 1
     637  10  2  2 1 1 1
     638  10  2  3 1 1 1
     639  10  2  4 1 1 1
     640  10  2  5 1 1 1
     641  10  3  1 1 1 1
     642  10  3  2 1 1 1
     643  10  3  3 1 1 1
     644  10  3  4 1 1 1
     645  10  3  5 1 1 1
     646  10  4  1 1 1 1
     647  10  4  2 1 1 1
     648  10  4  3 1 1 1
     649  10  4  4 1 1 1
     650  10  4  5 1 1 1
     651  10  5  1 1 1 1
     652  10  5  2 1 1 1
     653  10  5  3 1 1 1
     654  10  5  4 1 1 1
     655  10  5  5 1 1 1
     656  10  6  1 1 1 1
     657  10  6  2 1 1 1
     658  10  6  3 1 1 1
     659  10  6  4 1 1 1
     660  10  6  5 1 1 1
     661  10  7  1 1 1 1
     662  10  7  2 1 1 1
     663  10  7  3 1 1 1
     664  10  7  4 1 1 1
     665  10  7  5 1 1 1
     666  10  8  1 1 1 1
     667  10  8  2 1 1 1
     668  10  8  3 1 1 1
     669  10  8  4 1 1 1
     670  10  8  5 1 1 1
     671  10  9  1 1 1 1
     672  10  9  2 1 1 1
     673  10  9  3 1 1 1
     674  10  9  4 1 1 1
     675  10  9  5 1 1 1
     676  10  10  1 1 1 1
     677  10  10  2 1 1 1
     678  10  10  3 1 1 1
     679  10  10  4 1 1 1
     680  10  10  5 1 1 1
     681  10  11  1 1 1 1
     682  10  11  2 1 1 1
     683  10  11  3 1 1 1
     684  10  11  4 1 1 1
     685  10  11  5 1 1 1
     686  10  12  1 1 1 1
     687  10  12  2 1 1 1
     688  10  12  3 1 1 1
     689  10  12  4 1 1 1
     690  10  12  5 1 1 1
     691  10  13  1 1 1 1
     692  10  13  2 1 1 1
     693  10  13  3 1 1 1
     694  10  13  4 1 1 1
     695  10  13  5 1 1 1
     696  10  14  1 1 1 1
     697  10  14  2 1 1 1
     698  10  14  3 1 1 1
     699  10  14  4 1 1 1
     700  10  14  5 1 1 1
     701  11  1  1 1 1 1
     702  11  1  2 1 1 1
     703  11  1  3 1 1 1
     704  11  1  4 1 1 1
     705  11  1  5 1 1 1
     706  11  2  1 1 1 1
     707  11  2  2 1 1 1
     708  11  2  3 1 1 1
     709  11  2  4 1 1 1
     710  11  2  5 1 1 1
     711  11  3  1 1 1 1
     712  11  3  2 1 1 1
     713  11  3  3 1 1 1
     714  11  3  4 1 1 1
     715  11  3  5 1 1 1
     716  11  4  1 1 1 1
     717  11  4  2 1 1 1
     718  11  4  3 1 1 1
     719  11  4  4 1 1 1
     720  11  4  5 1 1 1
     721  11  5  1 1 1 1
     722  11  5  2 1 1 1
     723  11  5  3 1 1 1
     724  11  5  4 1 1 1
     725  11  5  5 1 1 1
     726  11  6  1 1 1 1
     727  11  6  2 1 1 1
     728  11  6  3 1 1 1
     729  11  6  4 1 1 1
     730  11  6  5 1 1 1
     731  11  7  1 1 1 1
     732  11  7  2 1 1 1
     733  11  7  3 1 1 1
     734  11  7  4 1 1 1
     735  11  7  5 1 1 1
     736  11  8  1 1 1 1
     737  11  8  2 1 1 1
     738  11  8  3 1 1 1
     739  11  8  4 1 1 1
     740  11  8  5 1 1 1
     741  11  9  1 1 1 1
     742  11  9  2 1 1 1
     743  11  9  3 1 1 1
     744  11  9  4 1 1 1
     745  11  9  5 1 1 1
     746  11  10  1 1 1 1
     747  11  10  2 1 1 1
     748  11  10  3 1 1 1
     749  11  10  4 1 1 1
     750  11  10  5 1 1 1
     751  11  11  1 1 1 1
     752  11  11  2 1 1 1
     753  11  11  3 1 1 1
     754  11  11  4 1 1 1
     755  11  11  5 1 1 1
     756  11  12  1 1 1 1
     757  11  12  2 1 1 1
     758  11  12  3 1 1 1
     759  11  12  4 1 1 1
     760  11  12  5 1 1 1
     761  11  13  1 1 1 1
     762  11  13  2 1 1 1
     763  11  13  3 1 1 1
     764  11  13  4 1 1 1
     765  11  13  5 1 1 1
     766  11  14  1 1 1 1
     767  11  14  2 1 1 1
     768  11  14  3 1 1 1
     769  11  14  4 1 1 1
     770  11  14  5 1 1 1
     771  12  1  1 1 1 1
     772  12  1  2 1 1 1
     773  12  1  3 1 1 1
     774  12  1  4 1 1 1
     775  12  1  5 1 1 1
     776  12  2  1 1 1 1
     777  12  2  2 1 1 1
     778  12  2  3 1 1 1
     779  12  2  4 1 1 1
     780  12  2  5 1 1 1
     781  12  3  1 1 1 1
     782  12  3  2 1 1 1
     783  12  3  3 1 1 1
     784  12  3  4 1 1 1
     785  12  3  5 1 1 1
     786  12  4  1 1 1 1
     787  12  4  2 1 1 1
     788  12  4  3 1 1 1
     789  12  4  4 1 1 1
     790  12  4  5 1 1 1
     791  12  5  1 1 1 1
     792  12  5  2 1 1 1
     793  12  5  3 1 1 1
     794  12  5  4 1 1 1
     795  12  5  5 1 1 1
     796  12  6  1 1 1 1
     797  12  6  2 1 1 1
     798  12  6  3 1 1 1
     799  12  6  4 1 1 1
     800  12  6  5 1 1 1
     801  12  7  1 1 1 1
     802  12  7  2 1 1 1
     803  12  7  3 1 1 1
     804  12  7  4 1 1 1
     805  12  7  5 1 1 1
     806  12  8  1 1 1 1
     807  12  8  2 1 1 1
     808  12  8  3 1 1 1
     809  12  8  4 1 1 1
     810  12  8  5 1 1 1
     811  12  9  1 1 1 1
     812  12  9  2 1 1 1
     813  12  9  3 1 1 1
     814  12  9  4 1 1 1
     815  12  9  5 1 1 1
     816  12  10  1 1 1 1
     817  12  10  2 1 1 1
     818  12  10  3 1 1 1
     819  12  10  4 1 1 1
     820  12  10  5 1 1 1
     821  12  11  1 1 1 1
     822  12  11  2 1 1 1
     823  12  11  3 1 1 1
     824  12  11  4 1 1 1
     825  12  11  5 1 1 1
     826  12  12  1 1 1 1
     827  12  12  2 1 1 1
     828  12  12  3 1 1 1
     829  12  12  4 1 1 1
     830  12  12  5 1 1 1
     831  12  13  1 1 1 1
     832  12  13  2 1 1 1
     833  12  13  3 1 1 1
     834  12  13  4 1 1 1
     835  12  13  5 1 1 1
     836  12  14  1 1 1 1
     837  12  14  2 1 1 1
     838  12  14  3 1 1 1
     839  12  14  4 1 1 1
     840  12  14  5 1 1 1
     841  13  1  1 1 1 1
     842  13  1  2 1 1 1
     843  13  1  3 1 1 1
     844  13  1  4 1 1 1
     845  13  1  5 1 1 1
     846  13  2  1 1 1 1
     847  13  2  2 1 1 1
     848  13  2  3 1 1 1
     849  13  2  4 1 1 1
     850  13  2  5 1 1 1
     851  13  3  1 1 1 1
     852  13  3  2 1 1 1
     853  13  3  3 1 1 1
     854  13  3  4 1 1 1
     855  13  3  5 1 1 1
     856  13  4  1 1 1 1
     857  13  4  2 1 1 1
     858  13  4  3 1 1 1
     859  13  4  4 1 1 1
     860  13  4  5 1 1 1
     861  13  5  1 1 1 1
     862  13  5  2 1 1 1
     863  13  5  3 1 1 1
     864  13  5  4 1 1 1
     865  13  5  5 1 1 1
     866  13  6  1 1 1 1
     867  13  6  2 1 1 1
     868  13  6  3 1 1 1
     869  13  6  4 1 1 1
     870  13  6  5 1 1 1
     871  13  7  1 1 1 1
     872  13  7  2 1 1 1
     873  13  7  3 1 1 1
     874  13  7  4 1 1 1
     875  13  7  5 1 1 1
     876  13  8  1 1 1 1
     877  13  8  2 1 1 1
     878  13  8  3 1 1 1
     879  13  8  4 1 1 1
     880  13  8  5 1 1 1
     881  13  9  1 1 1 1
     882  13  9  2 1 1 1
     883  13  9  3 1 1 1
     884  13  9  4 1 1 1
     885  13  9  5 1 1 1
     886  13  10  1 1 1 1
     887  13  10  2 1 1 1
     888  13  10  3 1 1 1
     889  13  10  4 1 1 1
     890  13  10  5 1 1 1
     891  13  11  1 1 1 1
     892  13  11  2 1 1 1
     893  13  11  3 1 1 1
     894  13  11  4 1 1 1
     895  13  11  5 1 1 1
     896  13  12  1 1 1 1
     897  13  12  2 1 1 1
     898  13  12  3 1 1 1
     899  13  12  4 1 1 1
     900  13  12  5 1 1 1
     901  13  13  1 1 1 1
     902  13  13  2 1 1 1
     903  13  13  3 1 1 1
     904  13  13  4 1 1 1
     905  13  13  5 1 1 1
     906  13  14  1 1 1 1
     907  13  14  2 1 1 1
     908  13  14  3 1 1 1
     909  13  14  4 1 1 1
     910  13  14  5 1 1 1
     911  14  1  1 1 1 1
     912  14  1  2 1 1 1
     913  14  1  3 1 1 1
     914  14  1  4 1 1 1
     915  14  1  5 1 1 1
     916  14  2  1 1 1 1
     917  14  2  2 1 1 1
     918  14  2  3 1 1 1
     919  14  2  4 1 1 1
     920  14  2  5 1 1 1
     921  14  3  1 1 1 1
     922  14  3  2 1 1 1
     923  14  3  3 1 1 1
     924  14  3  4 1 1 1
     925  14  3  5 1 1 1
     926  14  4  1 1 1 1
     927  14  4  2 1 1 1
     928  14  4  3 1 1 1
     929  14  4  4 1 1 1
     930  14  4  5 1 1 1
     931  14  5  1 1 1 1
     932  14  5  2 1 1 1
     933  14  5  3 1 1 1
     934  14  5  4 1 1 1
     935  14  5  5 1 1 1
     936  14  6  1 1 1 1
     937  14  6  2 1 1 1
     938  14  6  3 1 1 1
     939  14  6  4 1 1 1
     940  14  6  5 1 1 1
     941  14  7  1 1 1 1
     942  14  7  2 1 1 1
     943  14  7  3 1 1 1
     944  14  7  4 1 1 1
     945  14  7  5 1 1 1
     946  14  8  1 1 1 1
     947  14  8  2 1 1 1
     948  14  8  3 1 1 1
     949  14  8  4 1 1 1
     950  14  8  5 1 1 1
     951  14  9  1 1 1 1
     952  14  9  2 1 1 1
     953  14  9  3 1 1 1
     954  14  9  4 1 1 1
     955  14  9  5 1 1 1
     956  14  10  1 1 1 1
     957  14  10  2 1 1 1
     958  14  10  3 1 1 1
     959  14  10  4 1 1 1
     960  14  10  5 1 1 1
     961  14  11  1 1 1 1
     962  14  11  2 1 1 1
     963  14  11  3 1 1 1
     964  14  11  4 1 1 1
     965  14  11  5 1 1 1
     966  14  12  1 1 1 1
     967  14  12  2 1 1 1
     968  14  12  3 1 1 1
     969  14  12  4 1 1 1
     970  14  12  5 1 1 1
     971  14  13  1 1 1 1
     972  14  13  2 1 1 1
     973  14  13  3 1 1 1
     974  14  13  4 1 1 1
     975  14  13  5 1 1 1
     976  14  14  1 1 1 1
     977  14  14  2 1 1 1
     978  14  14  3 1 1 1
     979  14  14  4 1 1 1
     980  14  14  5 1 1 1
     981  15  1  1 1 1 1
     982  15  1  2 1 1 1
     983  15  1  3 1 1 1
     984  15  1  4 1 1 1
     985  15  1  5 1 1 1
     986  15  2  1 1 1 1
     987  15  2  2 1 1 1
     988  15  2  3 1 1 1
     989  15  2  4 1 1 1
     990  15  2  5 1 1 1
     991  15  3  1 1 1 1
     992  15  3  2 1 1 1
     993  15  3  3 1 1 1
     994  15  3  4 1 1 1
     995  15  3  5 1 1 1
     996  15  4  1 1 1 1
     997  15  4  2 1 1 1
     998  15  4  3 1 1 1
     999  15  4  4 1 1 1
     1000  15  4  5 1 1 1
     1001  15  5  1 1 1 1
     1002  15  5  2 1 1 1
     1003  15  5  3 1 1 1
     1004  15  5  4 1 1 1
     1005  15  5  5 1 1 1
     1006  15  6  1 1 1 1
     1007  15  6  2 1 1 1
     1008  15  6  3 1 1 1
     1009  15  6  4 1 1 1
     1010  15  6  5 1 1 1
     1011  15  7  1 1 1 1
     1012  15  7  2 1 1 1
     1013  15  7  3 1 1 1
     1014  15  7  4 1 1 1
     1015  15  7  5 1 1 1
     1016  15  8  1 1 1 1
     1017  15  8  2 1 1 1
     1018  15  8  3 1 1 1
     1019  15  8  4 1 1 1
     1020  15  8  5 1 1 1
     1021  15  9  1 1 1 1
     1022  15  9  2 1 1 1
     1023  15  9  3 1 1 1
     1024  15  9  4 1 1 1
     1025  15  9  5 1 1 1
     1026  15  10  1 1 1 1
     1027  15  10  2 1 1 1
     1028  15  10  3 1 1 1
     1029  15  10  4 1 1 1
     1030  15  10  5 1 1 1
     1031  15  11  1 1 1 1
     1032  15  11  2 1 1 1
     1033  15  11  3 1 1 1
     1034  15  11  4 1 1 1
     1035  15  11  5 1 1 1
     1036  15  12  1 1 1 1
     1037  15  12  2 1 1 1
     1038  15  12  3 1 1 1
     1039  15  12  4 1 1 1
     1040  15  12  5 1 1 1
     1041  15  13  1 1 1 1
     1042  15  13  2 1 1 1
     1043  15  13  3 1 1 1
     1044  15  13  4 1 1 1
     1045  15  13  5 1 1 1
     1046  15  14  1 1 1 1
     1047  15  14  2 1 1 1
     1048  15  14  3 1 1 1
     1049  15  14  4 1 1 1
     1050  15  14  5 1 1 1
     1051  16  1  1 1 1 1
     1052  16  1  2 1 1 1
     1053  16  1  3 1 1 1
     1054  16  1  4 1 1 1
     1055  16  1  5 1 1 1
     1056  16  2  1 1 1 1
     1057  16  2  2 1 1 1
     1058  16  2  3 1 1 1
     1059  16  2  4 1 1 1
     1060  16  2  5 1 1 1
     1061  16  3  1 1 1 1
     1062  16  3  2 1 1 1
     1063  16  3  3 1 1 1
     1064  16  3  4 1 1 1
     1065  16  3  5 1 1 1
     1066  16  4  1 1 1 1
     1067  16  4  2 1 1 1
     1068  16  4  3 1 1 1
     1069  16  4  4 1 1 1
     1070  16  4  5 1 1 1
     1071  16  5  1 1 1 1
     1072  16  5  2 1 1 1
     1073  16  5  3 1 1 1
     1074  16  5  4 1 1 1
     1075  16  5  5 1 1 1
     1076  16  6  1 1 1 1
     1077  16  6  2 1 1 1
     1078  16  6  3 1 1 1
     1079  16  6  4 1 1 1
     1080  16  6  5 1 1 1
     1081  16  7  1 1 1 1
     1082  16  7  2 1 1 1
     1083  16  7  3 1 1 1
     1084  16  7  4 1 1 1
     1085  16  7  5 1 1 1
     1086  16  8  1 1 1 1
     1087  16  8  2 1 1 1
     1088  16  8  3 1 1 1
     1089  16  8  4 1 1 1
     1090  16  8  5 1 1 1
     1091  16  9  1 1 1 1
     1092  16  9  2 1 1 1
     1093  16  9  3 1 1 1
     1094  16  9  4 1 1 1
     1095  16  9  5 1 1 1
     1096  16  10  1 1 1 1
     1097  16  10  2 1 1 1
     1098  16  10  3 1 1 1
     1099  16  10  4 1 1 1
     1100  16  10  5 1 1 1
     1101  16  11  1 1 1 1
     1102  16  11  2 1 1 1
     1103  16  11  3 1 1 1
     1104  16  11  4 1 1 1
     1105  16  11  5 1 1 1
     1106  16  12  1 1 1 1
     1107  16  12  2 1 1 1
     1108  16  12  3 1 1 1
     1109  16  12  4 1 1 1
     1110  16  12  5 1 1 1
     1111  16  13  1 1 1 1
     1112  16  13  2 1 1 1
     1113  16  13  3 1 1 1
     1114  16  13  4 1 1 1
     1115  16  13  5 1 1 1
     1116  16  14  1 1 1 1
     1117  16  14  2 1 1 1
     1118  16  14  3 1 1 1
     1119  16  14  4 1 1 1
     1120  16  14  5 1 1 1
     1121  17  1  1 1 1 1
     1122  17  1  2 1 1 1
     1123  17  1  3 1 1 1
     1124  17  1  4 1 1 1
     1125  17  1  5 1 1 1
     1126  17  2  1 1 1 1
     1127  17  2  2 1 1 1
     1128  17  2  3 1 1 1
     1129  17  2  4 1 1 1
     1130  17  2  5 1 1 1
     1131  17  3  1 1 1 1
     1132  17  3  2 1 1 1
     1133  17  3  3 1 1 1
     1134  17  3  4 1 1 1
     1135  17  3  5 1 1 1
     1136  17  4  1 1 1 1
     1137  17  4  2 1 1 1
     1138  17  4  3 1 1 1
     1139  17  4  4 1 1 1
     1140  17  4  5 1 1 1
     1141  17  5  1 1 1 1
     1142  17  5  2 1 1 1
     1143  17  5  3 1 1 1
     1144  17  5  4 1 1 1
     1145  17  5  5 1 1 1
     1146  17  6  1 1 1 1
     1147  17  6  2 1 1 1
     1148  17  6  3 1 1 1
     1149  17  6  4 1 1 1
     1150  17  6  5 1 1 1
     1151  17  7  1 1 1 1
     1152  17  7  2 1 1 1
     1153  17  7  3 1 1 1
     1154  17  7  4 1 1 1
     1155  17  7  5 1 1 1
     1156  17  8  1 1 1 1
     1157  17  8  2 1 1 1
     1158  17  8  3 1 1 1
     1159  17  8  4 1 1 1
     1160  17  8  5 1 1 1
     1161  17  9  1 1 1 1
     1162  17  9  2 1 1 1
     1163  17  9  3 1 1 1
     1164  17  9  4 1 1 1
     1165  17  9  5 1 1 1
     1166  17  10  1 1 1 1
     1167  17  10  2 1 1 1
     1168  17  10  3 1 1 1
     1169  17  10  4 1 1 1
     1170  17  10  5 1 1 1
     1171  17  11  1 1 1 1
     1172  17  11  2 1 1 1
     1173  17  11  3 1 1 1
     1174  17  11  4 1 1 1
     1175  17  11  5 1 1 1
     1176  17  12  1 1 1 1
     1177  17  12  2 1 1 1
     1178  17  12  3 1 1 1
     1179  17  12  4 1 1 1
     1180  17  12  5 1 1 1
     1181  17  13  1 1 1 1
     1182  17  13  2 1 1 1
     1183  17  13  3 1 1 1
     1184  17  13  4 1 1 1
     1185  17  13  5 1 1 1
     1186  17  14  1 1 1 1
     1187  17  14  2 1 1 1
     1188  17  14  3 1 1 1
     1189  17  14  4 1 1 1
     1190  17  14  5 1 1 1
     1191  18  1  1 1 1 1
     1192  18  1  2 1 1 1
     1193  18  1  3 1 1 1
     1194  18  1  4 1 1 1
     1195  18  1  5 1 1 1
     1196  18  2  1 1 1 1
     1197  18  2  2 1 1 1
     1198  18  2  3 1 1 1
     1199  18  2  4 1 1 1
     1200  18  2  5 1 1 1
     1201  18  3  1 1 1 1
     1202  18  3  2 1 1 1
     1203  18  3  3 1 1 1
     1204  18  3  4 1 1 1
     1205  18  3  5 1 1 1
     1206  18  4  1 1 1 1
     1207  18  4  2 1 1 1
     1208  18  4  3 1 1 1
     1209  18  4  4 1 1 1
     1210  18  4  5 1 1 1
     1211  18  5  1 1 1 1
     1212  18  5  2 1 1 1
     1213  18  5  3 1 1 1
     1214  18  5  4 1 1 1
     1215  18  5  5 1 1 1
     1216  18  6  1 1 1 1
     1217  18  6  2 1 1 1
     1218  18  6  3 1 1 1
     1219  18  6  4 1 1 1
     1220  18  6  5 1 1 1
     1221  18  7  1 1 1 1
     1222  18  7  2 1 1 1
     1223  18  7  3 1 1 1
     1224  18  7  4 1 1 1
     1225  18  7  5 1 1 1
     1226  18  8  1 1 1 1
     1227  18  8  2 1 1 1
     1228  18  8  3 1 1 1
     1229  18  8  4 1 1 1
     1230  18  8  5 1 1 1
     1231  18  9  1 1 1 1
     1232  18  9  2 1 1 1
     1233  18  9  3 1 1 1
     1234  18  9  4 1 1 1
     1235  18  9  5 1 1 1
     1236  18  10  1 1 1 1
     1237  18  10  2 1 1 1
     1238  18  10  3 1 1 1
     1239  18  10  4 1 1 1
     1240  18  10  5 1 1 1
     1241  18  11  1 1 1 1
     1242  18  11  2 1 1 1
     1243  18  11  3 1 1 1
     1244  18  11  4 1 1 1
     1245  18  11  5 1 1 1
     1246  18  12  1 1 1 1
     1247  18  12  2 1 1 1
     1248  18  12  3 1 1 1
     1249  18  12  4 1 1 1
     1250  18  12  5 1 1 1
     1251  18  13  1 1 1 1
     1252  18  13  2 1 1 1
     1253  18  13  3 1 1 1
     1254  18  13  4 1 1 1
     1255  18  13  5 1 1 1
     1256  18  14  1 1 1 1
     1257  18  14  2 1 1 1
     1258  18  14  3 1 1 1
     1259  18  14  4 1 1 1
     1260  18  14  5 1 1 1
     1261  19  1  1 1 1 1
     1262  19  1  2 1 1 1
     1263  19  1  3 1 1 1
     1264  19  1  4 1 1 1
     1265  19  1  5 1 1 1
     1266  19  2  1 1 1 1
     1267  19  2  2 1 1 1
     1268  19  2  3 1 1 1
     1269  19  2  4 1 1 1
     1270  19  2  5 1 1 1
     1271  19  3  1 1 1 1
     1272  19  3  2 1 1 1
     1273  19  3  3 1 1 1
     1274  19  3  4 1 1 1
     1275  19  3  5 1 1 1
     1276  19  4  1 1 1 1
     1277  19  4  2 1 1 1
     1278  19  4  3 1 1 1
     1279  19  4  4 1 1 1
     1280  19  4  5 1 1 1
     1281  19  5  1 1 1 1
     1282  19  5  2 1 1 1
     1283  19  5  3 1 1 1
     1284  19  5  4 1 1 1
     1285  19  5  5 1 1 1
     1286  19  6  1 1 1 1
     1287  19  6  2 1 1 1
     1288  19  6  3 1 1 1
     1289  19  6  4 1 1 1
     1290  19  6  5 1 1 1
     1291  19  7  1 1 1 1
     1292  19  7  2 1 1 1
     1293  19  7  3 1 1 1
     1294  19  7  4 1 1 1
     1295  19  7  5 1 1 1
     1296  19  8  1 1 1 1
     1297  19  8  2 1 1 1
     1298  19  8  3 1 1 1
     1299  19  8  4 1 1 1
     1300  19  8  5 1 1 1
     1301  19  9  1 1 1 1
     1302  19  9  2 1 1 1
     1303  19  9  3 1 1 1
     1304  19  9  4 1 1 1
     1305  19  9  5 1 1 1
     1306  19  10  1 1 1 1
     1307  19  10  2 1 1 1
     1308  19  10  3 1 1 1
     1309  19  10  4 1 1 1
     1310  19  10  5 1 1 1
     1311  19  11  1 1 1 1
     1312  19  11  2 1 1 1
     1313  19  11  3 1 1 1
     1314  19  11  4 1 1 1
     1315  19  11  5 1 1 1
     1316  19  12  1 1 1 1
     1317  19  12  2 1 1 1
     1318  19  12  3 1 1 1
     1319  19  12  4 1 1 1
     1320  19  12  5 1 1 1
     1321  19  13  1 1 1 1
     1322  19  13  2 1 1 1
     1323  19  13  3 1 1 1
     1324  19  13  4 1 1 1
     1325  19  13  5 1 1 1
     1326  19  14  1 1 1 1
     1327  19  14  2 1 1 1
     1328  19  14  3 1 1 1
     1329  19  14  4 1 1 1
     1330  19  14  5 1 1 1
     1331  20  1  1 1 1 1
     1332  20  1  2 1 1 1
     1333  20  1  3 1 1 1
     1334  20  1  4 1 1 1
     1335  20  1  5 1 1 1
     1336  20  2  1 1 1 1
     1337  20  2  2 1 1 1
     1338  20  2  3 1 1 1
     1339  20  2  4 1 1 1
     1340  20  2  5 1 1 1
     1341  20  3  1 1 1 1
     1342  20  3  2 1 1 1
     1343  20  3  3 1 1 1
     1344  20  3  4 1 1 1
     1345  20  3  5 1 1 1
     1346  20  4  1 1 1 1
     1347  20  4  2 1 1 1
     1348  20  4  3 1 1 1
     1349  20  4  4 1 1 1
     1350  20  4  5 1 1 1
     1351  20  5  1 1 1 1
     1352  20  5  2 1 1 1
     1353  20  5  3 1 1 1
     1354  20  5  4 1 1 1
     1355  20  5  5 1 1 1
     1356  20  6  1 1 1 1
     1357  20  6  2 1 1 1
     1358  20  6  3 1 1 1
     1359  20  6  4 1 1 1
     1360  20  6  5 1 1 1
     1361  20  7  1 1 1 1
     1362  20  7  2 1 1 1
     1363  20  7  3 1 1 1
     1364  20  7  4 1 1 1
     1365  20  7  5 1 1 1
     1366  20  8  1 1 1 1
     1367  20  8  2 1 1 1
     1368  20  8  3 1 1 1
     1369  20  8  4 1 1 1
     1370  20  8  5 1 1 1
     1371  20  9  1 1 1 1
     1372  20  9  2 1 1 1
     1373  20  9  3 1 1 1
     1374  20  9  4 1 1 1
     1375  20  9  5 1 1 1
     1376  20  10  1 1 1 1
     1377  20  10  2 1 1 1
     1378  20  10  3 1 1 1
     1379  20  10  4 1 1 1
     1380  20  10  5 1 1 1
     1381  20  11  1 1 1 1
     1382  20  11  2 1 1 1
     1383  20  11  3 1 1 1
     1384  20  11  4 1 1 1
     1385  20  11  5 1 1 1
     1386  20  12  1 1 1 1
     1387  20  12  2 1 1 1
     1388  20  12  3 1 1 1
     1389  20  12  4 1 1 1
     1390  20  12  5 1 1 1
     1391  20  13  1 1 1 1
     1392  20  13  2 1 1 1
     1393  20  13  3 1 1 1
     1394  20  13  4 1 1 1
     1395  20  13  5 1 1 1
     1396  20  14  1 1 1 1
     1397  20  14  2 1 1 1
     1398  20  14  3 1 1 1
     1399  20  14  4 1 1 1
     1400  20  14  5 1 1 1
     1401  21  1  1 1 1 1
     1402  21  1  2 1 1 1
     1403  21  1  3 1 1 1
     1404  21  1  4 1 1 1
     1405  21  1  5 1 1 1
     1406  21  2  1 1 1 1
     1407  21  2  2 1 1 1
     1408  21  2  3 1 1 1
     1409  21  2  4 1 1 1
     1410  21  2  5 1 1 1
     1411  21  3  1 1 1 1
     1412  21  3  2 1 1 1
     1413  21  3  3 1 1 1
     1414  21  3  4 1 1 1
     1415  21  3  5 1 1 1
     1416  21  4  1 1 1 1
     1417  21  4  2 1 1 1
     1418  21  4  3 1 1 1
     1419  21  4  4 1 1 1
     1420  21  4  5 1 1 1
     1421  21  5  1 1 1 1
     1422  21  5  2 1 1 1
     1423  21  5  3 1 1 1
     1424  21  5  4 1 1 1
     1425  21  5  5 1 1 1
     1426  21  6  1 1 1 1
     1427  21  6  2 1 1 1
     1428  21  6  3 1 1 1
     1429  21  6  4 1 1 1
     1430  21  6  5 1 1 1
     1431  21  7  1 1 1 1
     1432  21  7  2 1 1 1
     1433  21  7  3 1 1 1
     1434  21  7  4 1 1 1
     1435  21  7  5 1 1 1
     1436  21  8  1 1 1 1
     1437  21  8  2 1 1 1
     1438  21  8  3 1 1 1
     1439  21  8  4 1 1 1
     1440  21  8  5 1 1 1
     1441  21  9  1 1 1 1
     1442  21  9  2 1 1 1
     1443  21  9  3 1 1 1
     1444  21  9  4 1 1 1
     1445  21  9  5 1 1 1
     1446  21  10  1 1 1 1
     1447  21  10  2 1 1 1
     1448  21  10  3 1 1 1
     1449  21  10  4 1 1 1
     1450  21  10  5 1 1 1
     1451  21  11  1 1 1 1
     1452  21  11  2 1 1 1
     1453  21  11  3 1 1 1
     1454  21  11  4 1 1 1
     1455  21  11  5 1 1 1
     1456  21  12  1 1 1 1
     1457  21  12  2 1 1 1
     1458  21  12  3 1 1 1
     1459  21  12  4 1 1 1
     1460  21  12  5 1 1 1
     1461  21  13  1 1 1 1
     1462  21  13  2 1 1 1
     1463  21  13  3 1 1 1
     1464  21  13  4 1 1 1
     1465  21  13  5 1 1 1
     1466  21  14  1 1 1 1
     1467  21  14  2 1 1 1
     1468  21  14  3 1 1 1
     1469  21  14  4 1 1 1
     1470  21  14  5 1 1 1
     1471  22  1  1 1 1 1
     1472  22  1  2 1 1 1
     1473  22  1  3 1 1 1
     1474  22  1  4 1 1 1
     1475  22  1  5 1 1 1
     1476  22  2  1 1 1 1
     1477  22  2  2 1 1 1
     1478  22  2  3 1 1 1
     1479  22  2  4 1 1 1
     1480  22  2  5 1 1 1
     1481  22  3  1 1 1 1
     1482  22  3  2 1 1 1
     1483  22  3  3 1 1 1
     1484  22  3  4 1 1 1
     1485  22  3  5 1 1 1
     1486  22  4  1 1 1 1
     1487  22  4  2 1 1 1
     1488  22  4  3 1 1 1
     1489  22  4  4 1 1 1
     1490  22  4  5 1 1 1
     1491  22  5  1 1 1 1
     1492  22  5  2 1 1 1
     1493  22  5  3 1 1 1
     1494  22  5  4 1 1 1
     1495  22  5  5 1 1 1
     1496  22  6  1 1 1 1
     1497  22  6  2 1 1 1
     1498  22  6  3 1 1 1
     1499  22  6  4 1 1 1
     1500  22  6  5 1 1 1
     1501  22  7  1 1 1 1
     1502  22  7  2 1 1 1
     1503  22  7  3 1 1 1
     1504  22  7  4 1 1 1
     1505  22  7  5 1 1 1
     1506  22  8  1 1 1 1
     1507  22  8  2 1 1 1
     1508  22  8  3 1 1 1
     1509  22  8  4 1 1 1
     1510  22  8  5 1 1 1
     1511  22  9  1 1 1 1
     1512  22  9  2 1 1 1
     1513  22  9  3 1 1 1
     1514  22  9  4 1 1 1
     1515  22  9  5 1 1 1
     1516  22  10  1 1 1 1
     1517  22  10  2 1 1 1
     1518  22  10  3 1 1 1
     1519  22  10  4 1 1 1
     1520  22  10  5 1 1 1
     1521  22  11  1 1 1 1
     1522  22  11  2 1 1 1
     1523  22  11  3 1 1 1
     1524  22  11  4 1 1 1
     1525  22  11  5 1 1 1
     1526  22  12  1 1 1 1
     1527  22  12  2 1 1 1
     1528  22  12  3 1 1 1
     1529  22  12  4 1 1 1
     1530  22  12  5 1 1 1
     1531  22  13  1 1 1 1
     1532  22  13  2 1 1 1
     1533  22  13  3 1 1 1
     1534  22  13  4 1 1 1
     1535  22  13  5 1 1 1
     1536  22  14  1 1 1 1
     1537  22  14  2 1 1 1
     1538  22  14  3 1 1 1
     1539  22  14  4 1 1 1
     1540  22  14  5 1 1 1
     1541  23  1  1 1 1 1
     1542  23  1  2 1 1 1
     1543  23  1  3 1 1 1
     1544  23  1  4 1 1 1
     1545  23  1  5 1 1 1
     1546  23  2  1 1 1 1
     1547  23  2  2 1 1 1
     1548  23  2  3 1 1 1
     1549  23  2  4 1 1 1
     1550  23  2  5 1 1 1
     1551  23  3  1 1 1 1
     1552  23  3  2 1 1 1
     1553  23  3  3 1 1 1
     1554  23  3  4 1 1 1
     1555  23  3  5 1 1 1
     1556  23  4  1 1 1 1
     1557  23  4  2 1 1 1
     1558  23  4  3 1 1 1
     1559  23  4  4 1 1 1
     1560  23  4  5 1 1 1
     1561  23  5  1 1 1 1
     1562  23  5  2 1 1 1
     1563  23  5  3 1 1 1
     1564  23  5  4 1 1 1
     1565  23  5  5 1 1 1
     1566  23  6  1 1 1 1
     1567  23  6  2 1 1 1
     1568  23  6  3 1 1 1
     1569  23  6  4 1 1 1
     1570  23  6  5 1 1 1
     1571  23  7  1 1 1 1
     1572  23  7  2 1 1 1
     1573  23  7  3 1 1 1
     1574  23  7  4 1 1 1
     1575  23  7  5 1 1 1
     1576  23  8  1 1 1 1
     1577  23  8  2 1 1 1
     1578  23  8  3 1 1 1
     1579  23  8  4 1 1 1
     1580  23  8  5 1 1 1
     1581  23  9  1 1 1 1
     1582  23  9  2 1 1 1
     1583  23  9  3 1 1 1
     1584  23  9  4 1 1 1
     1585  23  9  5 1 1 1
     1586  23  10  1 1 1 1
     1587  23  10  2 1 1 1
     1588  23  10  3 1 1 1
     1589  23  10  4 1 1 1
     1590  23  10  5 1 1 1
     1591  23  11  1 1 1 1
     1592  23  11  2 1 1 1
     1593  23  11  3 1 1 1
     1594  23  11  4 1 1 1
     1595  23  11  5 1 1 1
     1596  23  12  1 1 1 1
     1597  23  12  2 1 1 1
     1598  23  12  3 1 1 1
     1599  23  12  4 1 1 1
     1600  23  12  5 1 1 1
     1601  23  13  1 1 1 1
     1602  23  13  2 1 1 1
     1603  23  13  3 1 1 1
     1604  23  13  4 1 1 1
     1605  23  13  5 1 1 1
     1606  23  14  1 1 1 1
     1607  23  14  2 1 1 1
     1608  23  14  3 1 1 1
     1609  23  14  4 1 1 1
     1610  23  14  5 1 1 1
     1611  24  1  1 1 1 1
     1612  24  1  2 1 1 1
     1613  24  1  3 1 1 1
     1614  24  1  4 1 1 1
     1615  24  1  5 1 1 1
     1616  24  2  1 1 1 1
     1617  24  2  2 1 1 1
     1618  24  2  3 1 1 1
     1619  24  2  4 1 1 1
     1620  24  2  5 1 1 1
     1621  24  3  1 1 1 1
     1622  24  3  2 1 1 1
     1623  24  3  3 1 1 1
     1624  24  3  4 1 1 1
     1625  24  3  5 1 1 1
     1626  24  4  1 1 1 1
     1627  24  4  2 1 1 1
     1628  24  4  3 1 1 1
     1629  24  4  4 1 1 1
     1630  24  4  5 1 1 1
     1631  24  5  1 1 1 1
     1632  24  5  2 1 1 1
     1633  24  5  3 1 1 1
     1634  24  5  4 1 1 1
     1635  24  5  5 1 1 1
     1636  24  6  1 1 1 1
     1637  24  6  2 1 1 1
     1638  24  6  3 1 1 1
     1639  24  6  4 1 1 1
     1640  24  6  5 1 1 1
     1641  24  7  1 1 1 1
     1642  24  7  2 1 1 1
     1643  24  7  3 1 1 1
     1644  24  7  4 1 1 1
     1645  24  7  5 1 1 1
     1646  24  8  1 1 1 1
     1647  24  8  2 1 1 1
     1648  24  8  3 1 1 1
     1649  24  8  4 1 1 1
     1650  24  8  5 1 1 1
     1651  24  9  1 1 1 1
     1652  24  9  2 1 1 1
     1653  24  9  3 1 1 1
     1654  24  9  4 1 1 1
     1655  24  9  5 1 1 1
     1656  24  10  1 1 1 1
     1657  24  10  2 1 1 1
     1658  24  10  3 1 1 1
     1659  24  10  4 1 1 1
     1660  24  10  5 1 1 1
     1661  24  11  1 1 1 1
     1662  24  11  2 1 1 1
     1663  24  11  3 1 1 1
     1664  24  11  4 1 1 1
     1665  24  11  5 1 1 1
     1666  24  12  1 1 1 1
     1667  24  12  2 1 1 1
     1668  24  12  3 1 1 1
     1669  24  12  4 1 1 1
     1670  24  12  5 1 1 1
     1671  24  13  1 1 1 1
     1672  24  13  2 1 1 1
     1673  24  13  3 1 1 1
     1674  24  13  4 1 1 1
     1675  24  13  5 1 1 1
     1676  24  14  1 1 1 1
     1677  24  14  2 1 1 1
     1678  24  14  3 1 1 1
     1679  24  14  4 1 1 1
     1680  24  14  5 1 1 1
     1681  25  1  1 1 1 1
     1682  25  1  2 1 1 1
     1683  25  1  3 1 1 1
     1684  25  1  4 1 1 1
     1685  25  1  5 1 1 1
     1686  25  2  1 1 1 1
     1687  25  2  2 1 1 1
     1688  25  2  3 1 1 1
     1689  25  2  4 1 1 1
     1690  25  2  5 1 1 1
     1691  25  3  1 1 1 1
     1692  25  3  2 1 1 1
     1693  25  3  3 1 1 1
     1694  25  3  4 1 1 1
     1695  25  3  5 1 1 1
     1696  25  4  1 1 1 1
     1697  25  4  2 1 1 1
     1698  25  4  3 1 1 1
     1699  25  4  4 1 1 1
     1700  25  4  5 1 1 1
     1701  25  5  1 1 1 1
     1702  25  5  2 1 1 1
     1703  25  5  3 1 1 1
     1704  25  5  4 1 1 1
     1705  25  5  5 1 1 1
     1706  25  6  1 1 1 1
     1707  25  6  2 1 1 1
     1708  25  6  3 1 1 1
     1709  25  6  4 1 1 1
     1710  25  6  5 1 1 1
     1711  25  7  1 1 1 1
     1712  25  7  2 1 1 1
     1713  25  7  3 1 1 1
     1714  25  7  4 1 1 1
     1715  25  7  5 1 1 1
     1716  25  8  1 1 1 1
     1717  25  8  2 1 1 1
     1718  25  8  3 1 1 1
     1719  25  8  4 1 1 1
     1720  25  8  5 1 1 1
     1721  25  9  1 1 1 1
     1722  25  9  2 1 1 1
     1723  25  9  3 1 1 1
     1724  25  9  4 1 1 1
     1725  25  9  5 1 1 1
     1726  25  10  1 1 1 1
     1727  25  10  2 1 1 1
     1728  25  10  3 1 1 1
     1729  25  10  4 1 1 1
     1730  25  10  5 1 1 1
     1731  25  11  1 1 1 1
     1732  25  11  2 1 1 1
     1733  25  11  3 1 1 1
     1734  25  11  4 1 1 1
     1735  25  11  5 1 1 1
     1736  25  12  1 1 1 1
     1737  25  12  2 1 1 1
     1738  25  12  3 1 1 1
     1739  25  12  4 1 1 1
     1740  25  12  5 1 1 1
     1741  25  13  1 1 1 1
     1742  25  13  2 1 1 1
     1743  25  13  3 1 1 1
     1744  25  13  4 1 1 1
     1745  25  13  5 1 1 1
     1746  25  14  1 1 1 1
     1747  25  14  2 1 1 1
     1748  25  14  3 1 1 1
     1749  25  14  4 1 1 1
     1750  25  14  5 1 1 1
     1751  26  1  1 1 1 1
     1752  26  1  2 1 1 1
     1753  26  1  3 1 1 1
     1754  26  1  4 1 1 1
     1755  26  1  5 1 1 1
     1756  26  2  1 1 1 1
     1757  26  2  2 1 1 1
     1758  26  2  3 1 1 1
     1759  26  2  4 1 1 1
     1760  26  2  5 1 1 1
     1761  26  3  1 1 1 1
     1762  26  3  2 1 1 1
     1763  26  3  3 1 1 1
     1764  26  3  4 1 1 1
     1765  26  3  5 1 1 1
     1766  26  4  1 1 1 1
     1767  26  4  2 1 1 1
     1768  26  4  3 1 1 1
     1769  26  4  4 1 1 1
     1770  26  4  5 1 1 1
     1771  26  5  1 1 1 1
     1772  26  5  2 1 1 1
     1773  26  5  3 1 1 1
     1774  26  5  4 1 1 1
     1775  26  5  5 1 1 1
     1776  26  6  1 1 1 1
     1777  26  6  2 1 1 1
     1778  26  6  3 1 1 1
     1779  26  6  4 1 1 1
     1780  26  6  5 1 1 1
     1781  26  7  1 1 1 1
     1782  26  7  2 1 1 1
     1783  26  7  3 1 1 1
     1784  26  7  4 1 1 1
     1785  26  7  5 1 1 1
     1786  26  8  1 1 1 1
     1787  26  8  2 1 1 1
     1788  26  8  3 1 1 1
     1789  26  8  4 1 1 1
     1790  26  8  5 1 1 1
     1791  26  9  1 1 1 1
     1792  26  9  2 1 1 1
     1793  26  9  3 1 1 1
     1794  26  9  4 1 1 1
     1795  26  9  5 1 1 1
     1796  26  10  1 1 1 1
     1797  26  10  2 1 1 1
     1798  26  10  3 1 1 1
     1799  26  10  4 1 1 1
     1800  26  10  5 1 1 1
     1801  26  11  1 1 1 1
     1802  26  11  2 1 1 1
     1803  26  11  3 1 1 1
     1804  26  11  4 1 1 1
     1805  26  11  5 1 1 1
     1806  26  12  1 1 1 1
     1807  26  12  2 1 1 1
     1808  26  12  3 1 1 1
     1809  26  12  4 1 1 1
     1810  26  12  5 1 1 1
     1811  26  13  1 1 1 1
     1812  26  13  2 1 1 1
     1813  26  13  3 1 1 1
     1814  26  13  4 1 1 1
     1815  26  13  5 1 1 1
     1816  26  14  1 1 1 1
     1817  26  14  2 1 1 1
     1818  26  14  3 1 1 1
     1819  26  14  4 1 1 1
     1820  26  14  5 1 1 1
     1821  27  1  1 1 1 1
     1822  27  1  2 1 1 1
     1823  27  1  3 1 1 1
     1824  27  1  4 1 1 1
     1825  27  1  5 1 1 1
     1826  27  2  1 1 1 1
     1827  27  2  2 1 1 1
     1828  27  2  3 1 1 1
     1829  27  2  4 1 1 1
     1830  27  2  5 1 1 1
     1831  27  3  1 1 1 1
     1832  27  3  2 1 1 1
     1833  27  3  3 1 1 1
     1834  27  3  4 1 1 1
     1835  27  3  5 1 1 1
     1836  27  4  1 1 1 1
     1837  27  4  2 1 1 1
     1838  27  4  3 1 1 1
     1839  27  4  4 1 1 1
     1840  27  4  5 1 1 1
     1841  27  5  1 1 1 1
     1842  27  5  2 1 1 1
     1843  27  5  3 1 1 1
     1844  27  5  4 1 1 1
     1845  27  5  5 1 1 1
     1846  27  6  1 1 1 1
     1847  27  6  2 1 1 1
     1848  27  6  3 1 1 1
     1849  27  6  4 1 1 1
     1850  27  6  5 1 1 1
     1851  27  7  1 1 1 1
     1852  27  7  2 1 1 1
     1853  27  7  3 1 1 1
     1854  27  7  4 1 1 1
     1855  27  7  5 1 1 1
     1856  27  8  1 1 1 1
     1857  27  8  2 1 1 1
     1858  27  8  3 1 1 1
     1859  27  8  4 1 1 1
     1860  27  8  5 1 1 1
     1861  27  9  1 1 1 1
     1862  27  9  2 1 1 1
     1863  27  9  3 1 1 1
     1864  27  9  4 1 1 1
     1865  27  9  5 1 1 1
     1866  27  10  1 1 1 1
     1867  27  10  2 1 1 1
     1868  27  10  3 1 1 1
     1869  27  10  4 1 1 1
     1870  27  10  5 1 1 1
     1871  27  11  1 1 1 1
     1872  27  11  2 1 1 1
     1873  27  11  3 1 1 1
     1874  27  11  4 1 1 1
     1875  27  11  5 1 1 1
     1876  27  12  1 1 1 1
     1877  27  12  2 1 1 1
     1878  27  12  3 1 1 1
     1879  27  12  4 1 1 1
     1880  27  12  5 1 1 1
     1881  27  13  1 1 1 1
     1882  27  13  2 1 1 1
     1883  27  13  3 1 1 1
     1884  27  13  4 1 1 1
     1885  27  13  5 1 1 1
     1886  27  14  1 1 1 1
     1887  27  14  2 1 1 1
     1888  27  14  3 1 1 1
     1889  27  14  4 1 1 1
     1890  27  14  5 1 1 1
     1891  28  1  1 1 1 1
     1892  28  1  2 1 1 1
     1893  28  1  3 1 1 1
     1894  28  1  4 1 1 1
     1895  28  1  5 1 1 1
     1896  28  2  1 1 1 1
     1897  28  2  2 1 1 1
     1898  28  2  3 1 1 1
     1899  28  2  4 1 1 1
     1900  28  2  5 1 1 1
     1901  28  3  1 1 1 1
     1902  28  3  2 1 1 1
     1903  28  3  3 1 1 1
     1904  28  3  4 1 1 1
     1905  28  3  5 1 1 1
     1906  28  4  1 1 1 1
     1907  28  4  2 1 1 1
     1908  28  4  3 1 1 1
     1909  28  4  4 1 1 1
     1910  28  4  5 1 1 1
     1911  28  5  1 1 1 1
     1912  28  5  2 1 1 1
     1913  28  5  3 1 1 1
     1914  28  5  4 1 1 1
     1915  28  5  5 1 1 1
     1916  28  6  1 1 1 1
     1917  28  6  2 1 1 1
     1918  28  6  3 1 1 1
     1919  28  6  4 1 1 1
     1920  28  6  5 1 1 1
     1921  28  7  1 1 1 1
     1922  28  7  2 1 1 1
     1923  28  7  3 1 1 1
     1924  28  7  4 1 1 1
     1925  28  7  5 1 1 1
     1926  28  8  1 1 1 1
     1927  28  8  2 1 1 1
     1928  28  8  3 1 1 1
     1929  28  8  4 1 1 1
     1930  28  8  5 1 1 1
     1931  28  9  1 1 1 1
     1932  28  9  2 1 1 1
     1933  28  9  3 1 1 1
     1934  28  9  4 1 1 1
     1935  28  9  5 1 1 1
     1936  28  10  1 1 1 1
     1937  28  10  2 1 1 1
     1938  28  10  3 1 1 1
     1939  28  10  4 1 1 1
     1940  28  10  5 1 1 1
     1941  28  11  1 1 1 1
     1942  28  11  2 1 1 1
     1943  28  11  3 1 1 1
     1944  28  11  4 1 1 1
     1945  28  11  5 1 1 1
     1946  28  12  1 1 1 1
     1947  28  12  2 1 1 1
     1948  28  12  3 1 1 1
     1949  28  12  4 1 1 1
     1950  28  12  5 1 1 1
     1951  28  13  1 1 1 1
     1952  28  13  2 1 1 1
     1953  28  13  3 1 1 1
     1954  28  13  4 1 1 1
     1955  28  13  5 1 1 1
     1956  28  14  1 1 1 1
     1957  28  14  2 1 1 1
     1958  28  14  3 1 1 1
     1959  28  14  4 1 1 1
     1960  28  14  5 1 1 1
     1961  29  1  1 1 1 1
     1962  29  1  2 1 1 1
     1963  29  1  3 1 1 1
     1964  29  1  4 1 1 1
     1965  29  1  5 1 1 1
     1966  29  2  1 1 1 1
     1967  29  2  2 1 1 1
     1968  29  2  3 1 1 1
     1969  29  2  4 1 1 1
     1970  29  2  5 1 1 1
     1971  29  3  1 1 1 1
     1972  29  3  2 1 1 1
     1973  29  3  3 1 1 1
     1974  29  3  4 1 1 1
     1975  29  3  5 1 1 1
     1976  29  4  1 1 1 1
     1977  29  4  2 1 1 1
     1978  29  4  3 1 1 1
     1979  29  4  4 1 1 1
     1980  29  4  5 1 1 1
     1981  29  5  1 1 1 1
     1982  29  5  2 1 1 1
     1983  29  5  3 1 1 1
     1984  29  5  4 1 1 1
     1985  29  5  5 1 1 1
     1986  29  6  1 1 1 1
     1987  29  6  2 1 1 1
     1988  29  6  3 1 1 1
     1989  29  6  4 1 1 1
     1990  29  6  5 1 1 1
     1991  29  7  1 1 1 1
     1992  29  7  2 1 1 1
     1993  29  7  3 1 1 1
     1994  29  7  4 1 1 1
     1995  29  7  5 1 1 1
     1996  29  8  1 1 1 1
     1997  29  8  2 1 1 1
     1998  29  8  3 1 1 1
     1999  29  8  4 1 1 1
     2000  29  8  5 1 1 1
     2001  29  9  1 1 1 1
     2002  29  9  2 1 1 1
     2003  29  9  3 1 1 1
     2004  29  9  4 1 1 1
     2005  29  9  5 1 1 1
     2006  29  10  1 1 1 1
     2007  29  10  2 1 1 1
     2008  29  10  3 1 1 1
     2009  29  10  4 1 1 1
     2010  29  10  5 1 1 1
     2011  29  11  1 1 1 1
     2012  29  11  2 1 1 1
     2013  29  11  3 1 1 1
     2014  29  11  4 1 1 1
     2015  29  11  5 1 1 1
     2016  29  12  1 1 1 1
     2017  29  12  2 1 1 1
     2018  29  12  3 1 1 1
     2019  29  12  4 1 1 1
     2020  29  12  5 1 1 1
     2021  29  13  1 1 1 1
     2022  29  13  2 1 1 1
     2023  29  13  3 1 1 1
     2024  29  13  4 1 1 1
     2025  29  13  5 1 1 1
     2026  29  14  1 1 1 1
     2027  29  14  2 1 1 1
     2028  29  14  3 1 1 1
     2029  29  14  4 1 1 1
     2030  29  14  5 1 1 1
     2031  30  1  1 1 1 1
     2032  30  1  2 1 1 1
     2033  30  1  3 1 1 1
     2034  30  1  4 1 1 1
     2035  30  1  5 1 1 1
     2036  30  2  1 1 1 1
     2037  30  2  2 1 1 1
     2038  30  2  3 1 1 1
     2039  30  2  4 1 1 1
     2040  30  2  5 1 1 1
     2041  30  3  1 1 1 1
     2042  30  3  2 1 1 1
     2043  30  3  3 1 1 1
     2044  30  3  4 1 1 1
     2045  30  3  5 1 1 1
     2046  30  4  1 1 1 1
     2047  30  4  2 1 1 1
     2048  30  4  3 1 1 1
     2049  30  4  4 1 1 1
     2050  30  4  5 1 1 1
     2051  30  5  1 1 1 1
     2052  30  5  2 1 1 1
     2053  30  5  3 1 1 1
     2054  30  5  4 1 1 1
     2055  30  5  5 1 1 1
     2056  30  6  1 1 1 1
     2057  30  6  2 1 1 1
     2058  30  6  3 1 1 1
     2059  30  6  4 1 1 1
     2060  30  6  5 1 1 1
     2061  30  7  1 1 1 1
     2062  30  7  2 1 1 1
     2063  30  7  3 1 1 1
     2064  30  7  4 1 1 1
     2065  30  7  5 1 1 1
     2066  30  8  1 1 1 1
     2067  30  8  2 1 1 1
     2068  30  8  3 1 1 1
     2069  30  8  4 1 1 1
     2070  30  8  5 1 1 1
     2071  30  9  1 1 1 1
     2072  30  9  2 1 1 1
     2073  30  9  3 1 1 1
     2074  30  9  4 1 1 1
     2075  30  9  5 1 1 1
     2076  30  10  1 1 1 1
     2077  30  10  2 1 1 1
     2078  30  10  3 1 1 1
     2079  30  10  4 1 1 1
     2080  30  10  5 1 1 1
     2081  30  11  1 1 1 1
     2082  30  11  2 1 1 1
     2083  30  11  3 1 1 1
     2084  30  11  4 1 1 1
     2085  30  11  5 1 1 1
     2086  30  12  1 1 1 1
     2087  30  12  2 1 1 1
     2088  30  12  3 1 1 1
     2089  30  12  4 1 1 1
     2090  30  12  5 1 1 1
     2091  30  13  1 1 1 1
     2092  30  13  2 1 1 1
     2093  30  13  3 1 1 1
     2094  30  13  4 1 1 1
     2095  30  13  5 1 1 1
     2096  30  14  1 1 1 1
     2097  30  14  2 1 1 1
     2098  30  14  3 1 1 1
     2099  30  14  4 1 1 1
     2100  30  14  5 1 1 1
     2101  31  1  1 1 1 1
     2102  31  1  2 1 1 1
     2103  31  1  3 1 1 1
     2104  31  1  4 1 1 1
     2105  31  1  5 1 1 1
     2106  31  2  1 1 1 1
     2107  31  2  2 1 1 1
     2108  31  2  3 1 1 1
     2109  31  2  4 1 1 1
     2110  31  2  5 1 1 1
     2111  31  3  1 1 1 1
     2112  31  3  2 1 1 1
     2113  31  3  3 1 1 1
     2114  31  3  4 1 1 1
     2115  31  3  5 1 1 1
     2116  31  4  1 1 1 1
     2117  31  4  2 1 1 1
     2118  31  4  3 1 1 1
     2119  31  4  4 1 1 1
     2120  31  4  5 1 1 1
     2121  31  5  1 1 1 1
     2122  31  5  2 1 1 1
     2123  31  5  3 1 1 1
     2124  31  5  4 1 1 1
     2125  31  5  5 1 1 1
     2126  31  6  1 1 1 1
     2127  31  6  2 1 1 1
     2128  31  6  3 1 1 1
     2129  31  6  4 1 1 1
     2130  31  6  5 1 1 1
     2131  31  7  1 1 1 1
     2132  31  7  2 1 1 1
     2133  31  7  3 1 1 1
     2134  31  7  4 1 1 1
     2135  31  7  5 1 1 1
     2136  31  8  1 1 1 1
     2137  31  8  2 1 1 1
     2138  31  8  3 1 1 1
     2139  31  8  4 1 1 1
     2140  31  8  5 1 1 1
     2141  31  9  1 1 1 1
     2142  31  9  2 1 1 1
     2143  31  9  3 1 1 1
     2144  31  9  4 1 1 1
     2145  31  9  5 1 1 1
     2146  31  10  1 1 1 1
     2147  31  10  2 1 1 1
     2148  31  10  3 1 1 1
     2149  31  10  4 1 1 1
     2150  31  10  5 1 1 1
     2151  31  11  1 1 1 1
     2152  31  11  2 1 1 1
     2153  31  11  3 1 1 1
     2154  31  11  4 1 1 1
     2155  31  11  5 1 1 1
     2156  31  12  1 1 1 1
     2157  31  12  2 1 1 1
     2158  31  12  3 1 1 1
     2159  31  12  4 1 1 1
     2160  31  12  5 1 1 1
     2161  31  13  1 1 1 1
     2162  31  13  2 1 1 1
     2163  31  13  3 1 1 1
     2164  31  13  4 1 1 1
     2165  31  13  5 1 1 1
     2166  31  14  1 1 1 1
     2167  31  14  2 1 1 1
     2168  31  14  3 1 1 1
     2169  31  14  4 1 1 1
     2170  31  14  5 1 1 1