>GEOMETRY   rect_prism; AX,AY,AZ= 0.7632 0.7632 0.7632
     1596 = NAT 
  1.000000  0.000000  0.000000 = A_1 vector
  0.000000  1.000000  0.000000 = A_2 vector
  1.000000  1.000000  1.000000 = lattice spacings (d_x,d_y,d_z)/d
 -0.03420 -0.18580 -0.02925 = lattice offset x0(1-3) = (x_TF, y_TF, z_TF)/d for dipole 0 0 0
     JA  IX  IY  IZ ICOMP(x,y,z)
     1  1  1  1 1 1 1
     2  1  1  2 1 1 1
     3  1  1  3 1 1 1
     4  1  1  4 1 1 1
     5  1  1  5 1 1 1
     6  1  1  6 1 1 1
     7  1  2  1 1 1 1
     8  1  2  2 1 1 1
     9  1  2  3 1 1 1
     10  1  2  4 1 1 1
     11  1  2  5 1 1 1
     12  1  2  6 1 1 1
     13  1  3  1 1 1 1
     14  1  3  2 1 1 1
     15  1  3  3 1 1 1
     16  1  3  4 1 1 1
     17  1  3  5 1 1 1
     18  1  3  6 1 1 1
     19  1  4  1 1 1 1
     20  1  4  2 1 1 1
     21  1  4  3 1 1 1
     22  1  4  4 1 1 1
     23  1  4  5 1 1 1
     24  1  4  6 1 1 1
     25  1  5  1 1 1 1
     26  1  5  2 1 1 1
     27  1  5  3 1 1 1
     28  1  5  4 1 1 1
     29  1  5  5 1 1 1
     30  1  5  6 1 1 1
     31  1  6  1 1 1 1
     32  1  6  2 1 1 1
     33  1  6  3 1 1 1
     34  1  6  4 1 1 1
     35  1  6  5 1 1 1
     36  1  6  6 1 1 1
     37  1  7  1 1 1 1
     38  1  7  2 1 1 1
     39  1  7  3 1 1 1
     40  1  7  4 1 1 1
     41  1  7  5 1 1 1
     42  1  7  6 1 1 1
     43  1  8  1 1 1 1
     44  1  8  2 1 1 1
     45  1  8  3 1 1 1
     46  1  8  4 1 1 1
     47  1  8  5 1 1 1
     48  1  8  6 1 1 1
     49  1  9  1 1 1 1
     50  1  9  2 1 1 1
     51  1  9  3 1 1 1
     52  1  9  4 1 1 1
     53  1  9  5 1 1 1
     54  1  9  6 1 1 1
     55  1  10  1 1 1 1
     56  1  10  2 1 1 1
     57  1  10  3 1 1 1
     58  1  10  4 1 1 1
     59  1  10  5 1 1 1
     60  1  10  6 1 1 1
     61  1  11  1 1 1 1
     62  1  11  2 1 1 1
     63  1  11  3 1 1 1
     64  1  11  4 1 1 1
     65  1  11  5 1 1 1
     66  1  11  6 1 1 1
     67  1  12  1 1 1 1
     68  1  12  2 1 1 1
     69  1  12  3 1 1 1
     70  1  12  4 1 1 1
     71  1  12  5 1 1 1
     72  1  12  6 1 1 1
     73  1  13  1 1 1 1
     74  1  13  2 1 1 1
     75  1  13  3 1 1 1
     76  1  13  4 1 1 1
     77  1  13  5 1 1 1
     78  1  13  6 1 1 1
     79  1  14  1 1 1 1
     80  1  14  2 1 1 1
     81  1  14  3 1 1 1
     82  1  14  4 1 1 1
     83  1  14  5 1 1 1
     84  1  14  6 1 1 1
     85  1  15  1 1 1 1
     86  1  15  2 1 1 1
     87  1  15  3 1 1 1
     88  1  15  4 1 1 1
     89  1  15  5 1 1 1
     90  1  15  6 1 1 1
     91  1  16  1 1 1 1
     92  1  16  2 1 1 1
     93  1  16  3 1 1 1
     94  1  16  4 1 1 1
     95  1  16  5 1 1 1
     96  1  16  6 1 1 1
     97  1  17  1 1 1 1
     98  1  17  2 1 1 1
     99  1  17  3 1 1 1
     100  1  17  4 1 1 1
     101  1  17  5 1 1 1
     102  1  17  6 1 1 1
     103  1  18  1 1 1 1
     104  1  18  2 1 1 1
     105  1  18  3 1 1 1
     106  1  18  4 1 1 1
     107  1  18  5 1 1 1
     108  1  18  6 1 1 1
     109  1  19  1 1 1 1
     110  1  19  2 1 1 1
     111  1  19  3 1 1 1
     112  1  19  4 1 1 1
     113  1  19  5 1 1 1
     114  1  19  6 1 1 1
     115  1  20  1 1 1 1
     116  1  20  2 1 1 1
     117  1  20  3 1 1 1
     118  1  20  4 1 1 1
     119  1  20  5 1 1 1
     120  1  20  6 1 1 1
     121  1  21  1 1 1 1
     122  1  21  2 1 1 1
     123  1  21  3 1 1 1
     124  1  21  4 1 1 1
     125  1  21  5 1 1 1
     126  1  21  6 1 1 1
     127  1  22  1 1 1 1
     128  1  22  2 1 1 1
     129  1  22  3 1 1 1
     130  1  22  4 1 1 1
     131  1  22  5 1 1 1
     132  1  22  6 1 1 1
     133  1  23  1 1 1 1
     134  1  23  2 1 1 1
     135  1  23  3 1 1 1
     136  1  23  4 1 1 1
     137  1  23  5 1 1 1
     138  1  23  6 1 1 1
     139  1  24  1 1 1 1
     140  1  24  2 1 1 1
     141  1  24  3 1 1 1
     142  1  24  4 1 1 1
     143  1  24  5 1 1 1
     144  1  24  6 1 1 1
     145  1  25  1 1 1 1
     146  1  25  2 1 1 1
     147  1  25  3 1 1 1
     148  1  25  4 1 1 1
     149  1  25  5 1 1 1
     150  1  25  6 1 1 1
     151  1  26  1 1 1 1
     152  1  26  2 1 1 1
     153  1  26  3 1 1 1
     154  1  26  4 1 1 1
     155  1  26  5 1 1 1
     156  1  26  6 1 1 1
     157  1  27  1 1 1 1
     158  1  27  2 1 1 1
     159  1  27  3 1 1 1
     160  1  27  4 1 1 1
     161  1  27  5 1 1 1
     162  1  27  6 1 1 1
     163  1  28  1 1 1 1
     164  1  28  2 1 1 1
     165  1  28  3 1 1 1
     166  1  28  4 1 1 1
     167  1  28  5 1 1 1
     168  1  28  6 1 1 1
     169  1  29  1 1 1 1
     170  1  29  2 1 1 1
     171  1  29  3 1 1 1
     172  1  29  4 1 1 1
     173  1  29  5 1 1 1
     174  1  29  6 1 1 1
     175  1  30  1 1 1 1
     176  1  30  2 1 1 1
     177  1  30  3 1 1 1
     178  1  30  4 1 1 1
     179  1  30  5 1 1 1
     180  1  30  6 1 1 1
     181  1  31  1 1 1 1
     182  1  31  2 1 1 1
     183  1  31  3 1 1 1
     184  1  31  4 1 1 1
     185  1  31  5 1 1 1
     186  1  31  6 1 1 1
     187  1  32  1 1 1 1
     188  1  32  2 1 1 1
     189  1  32  3 1 1 1
     190  1  32  4 1 1 1
     191  1  32  5 1 1 1
     192  1  32  6 1 1 1
     193  1  33  1 1 1 1
     194  1  33  2 1 1 1
     195  1  33  3 1 1 1
     196  1  33  4 1 1 1
     197  1  33  5 1 1 1
     198  1  33  6 1 1 1
     199  1  34  1 1 1 1
     200  1  34  2 1 1 1
     201  1  34  3 1 1 1
     202  1  34  4 1 1 1
     203  1  34  5 1 1 1
     204  1  34  6 1 1 1
     205  1  35  1 1 1 1
     206  1  35  2 1 1 1
     207  1  35  3 1 1 1
     208  1  35  4 1 1 1
     209  1  35  5 1 1 1
     210  1  35  6 1 1 1
     211  1  36  1 1 1 1
     212  1  36  2 1 1 1
     213  1  36  3 1 1 1
     214  1  36  4 1 1 1
     215  1  36  5 1 1 1
     216  1  36  6 1 1 1
     217  1  37  1 1 1 1
     218  1  37  2 1 1 1
     219  1  37  3 1 1 1
     220  1  37  4 1 1 1
     221  1  37  5 1 1 1
     222  1  37  6 1 1 1
     223  1  38  1 1 1 1
     224  1  38  2 1 1 1
     225  1  38  3 1 1 1
     226  1  38  4 1 1 1
     227  1  38  5 1 1 1
     228  1  38  6 1 1 1
     229  2  1  1 1 1 1
     230  2  1  2 1 1 1
     231  2  1  3 1 1 1
     232  2  1  4 1 1 1
     233  2  1  5 1 1 1
     234  2  1  6 1 1 1
     235  2  2  1 1 1 1
     236  2  2  2 1 1 1
     237  2  2  3 1 1 1
     238  2  2  4 1 1 1
     239  2  2  5 1 1 1
     240  2  2  6 1 1 1
     241  2  3  1 1 1 1
     242  2  3  2 1 1 1
     243  2  3  3 1 1 1
     244  2  3  4 1 1 1
     245  2  3  5 1 1 1
     246  2  3  6 1 1 1
     247  2  4  1 1 1 1
     248  2  4  2 1 1 1
     249  2  4  3 1 1 1
     250  2  4  4 1 1 1
     251  2  4  5 1 1 1
     252  2  4  6 1 1 1
     253  2  5  1 1 1 1
     254  2  5  2 1 1 1
     255  2  5  3 1 1 1
     256  2  5  4 1 1 1
     257  2  5  5 1 1 1
     258  2  5  6 1 1 1
     259  2  6  1 1 1 1
     260  2  6  2 1 1 1
     261  2  6  3 1 1 1
     262  2  6  4 1 1 1
     263  2  6  5 1 1 1
     264  2  6  6 1 1 1
     265  2  7  1 1 1 1
     266  2  7  2 1 1 1
     267  2  7  3 1 1 1
     268  2  7  4 1 1 1
     269  2  7  5 1 1 1
     270  2  7  6 1 1 1
     271  2  8  1 1 1 1
     272  2  8  2 1 1 1
     273  2  8  3 1 1 1
     274  2  8  4 1 1 1
     275  2  8  5 1 1 1
     276  2  8  6 1 1 1
     277  2  9  1 1 1 1
     278  2  9  2 1 1 1
     279  2  9  3 1 1 1
     280  2  9  4 1 1 1
     281  2  9  5 1 1 1
     282  2  9  6 1 1 1
     283  2  10  1 1 1 1
     284  2  10  2 1 1 1
     285  2  10  3 1 1 1
     286  2  10  4 1 1 1
     287  2  10  5 1 1 1
     288  2  10  6 1 1 1
     289  2  11  1 1 1 1
     290  2  11  2 1 1 1
     291  2  11  3 1 1 1
     292  2  11  4 1 1 1
     293  2  11  5 1 1 1
     294  2  11  6 1 1 1
     295  2  12  1 1 1 1
     296  2  12  2 1 1 1
     297  2  12  3 1 1 1
     298  2  12  4 1 1 1
     299  2  12  5 1 1 1
     300  2  12  6 1 1 1
     301  2  13  1 1 1 1
     302  2  13  2 1 1 1
     303  2  13  3 1 1 1
     304  2  13  4 1 1 1
     305  2  13  5 1 1 1
     306  2  13  6 1 1 1
     307  2  14  1 1 1 1
     308  2  14  2 1 1 1
     309  2  14  3 1 1 1
     310  2  14  4 1 1 1
     311  2  14  5 1 1 1
     312  2  14  6 1 1 1
     313  2  15  1 1 1 1
     314  2  15  2 1 1 1
     315  2  15  3 1 1 1
     316  2  15  4 1 1 1
     317  2  15  5 1 1 1
     318  2  15  6 1 1 1
     319  2  16  1 1 1 1
     320  2  16  2 1 1 1
     321  2  16  3 1 1 1
     322  2  16  4 1 1 1
     323  2  16  5 1 1 1
     324  2  16  6 1 1 1
     325  2  17  1 1 1 1
     326  2  17  2 1 1 1
     327  2  17  3 1 1 1
     328  2  17  4 1 1 1
     329  2  17  5 1 1 1
     330  2  17  6 1 1 1
     331  2  18  1 1 1 1
     332  2  18  2 1 1 1
     333  2  18  3 1 1 1
     334  2  18  4 1 1 1
     335  2  18  5 1 1 1
     336  2  18  6 1 1 1
     337  2  19  1 1 1 1
     338  2  19  2 1 1 1
     339  2  19  3 1 1 1
     340  2  19  4 1 1 1
     341  2  19  5 1 1 1
     342  2  19  6 1 1 1
     343  2  20  1 1 1 1
     344  2  20  2 1 1 1
     345  2  20  3 1 1 1
     346  2  20  4 1 1 1
     347  2  20  5 1 1 1
     348  2  20  6 1 1 1
     349  2  21  1 1 1 1
     350  2  21  2 1 1 1
     351  2  21  3 1 1 1
     352  2  21  4 1 1 1
     353  2  21  5 1 1 1
     354  2  21  6 1 1 1
     355  2  22  1 1 1 1
     356  2  22  2 1 1 1
     357  2  22  3 1 1 1
     358  2  22  4 1 1 1
     359  2  22  5 1 1 1
     360  2  22  6 1 1 1
     361  2  23  1 1 1 1
     362  2  23  2 1 1 1
     363  2  23  3 1 1 1
     364  2  23  4 1 1 1
     365  2  23  5 1 1 1
     366  2  23  6 1 1 1
     367  2  24  1 1 1 1
     368  2  24  2 1 1 1
     369  2  24  3 1 1 1
     370  2  24  4 1 1 1
     371  2  24  5 1 1 1
     372  2  24  6 1 1 1
     373  2  25  1 1 1 1
     374  2  25  2 1 1 1
     375  2  25  3 1 1 1
     376  2  25  4 1 1 1
     377  2  25  5 1 1 1
     378  2  25  6 1 1 1
     379  2  26  1 1 1 1
     380  2  26  2 1 1 1
     381  2  26  3 1 1 1
     382  2  26  4 1 1 1
     383  2  26  5 1 1 1
     384  2  26  6 1 1 1
     385  2  27  1 1 1 1
     386  2  27  2 1 1 1
     387  2  27  3 1 1 1
     388  2  27  4 1 1 1
     389  2  27  5 1 1 1
     390  2  27  6 1 1 1
     391  2  28  1 1 1 1
     392  2  28  2 1 1 1
     393  2  28  3 1 1 1
     394  2  28  4 1 1 1
     395  2  28  5 1 1 1
     396  2  28  6 1 1 1
     397  2  29  1 1 1 1
     398  2  29  2 1 1 1
     399  2  29  3 1 1 1
     400  2  29  4 1 1 1
     401  2  29  5 1 1 1
     402  2  29  6 1 1 1
     403  2  30  1 1 1 1
     404  2  30  2 1 1 1
     405  2  30  3 1 1 1
     406  2  30  4 1 1 1
     407  2  30  5 1 1 1
     408  2  30  6 1 1 1
     409  2  31  1 1 1 1
     410  2  31  2 1 1 1
     411  2  31  3 1 1 1
     412  2  31  4 1 1 1
     413  2  31  5 1 1 1
     414  2  31  6 1 1 1
     415  2  32  1 1 1 1
     416  2  32  2 1 1 1
     417  2  32  3 1 1 1
     418  2  32  4 1 1 1
     419  2  32  5 1 1 1
     420  2  32  6 1 1 1
     421  2  33  1 1 1 1
     422  2  33  2 1 1 1
     423  2  33  3 1 1 1
     424  2  33  4 1 1 1
     425  2  33  5 1 1 1
     426  2  33  6 1 1 1
     427  2  34  1 1 1 1
     428  2  34  2 1 1 1
     429  2  34  3 1 1 1
     430  2  34  4 1 1 1
     431  2  34  5 1 1 1
     432  2  34  6 1 1 1
     433  2  35  1 1 1 1
     434  2  35  2 1 1 1
     435  2  35  3 1 1 1
     436  2  35  4 1 1 1
     437  2  35  5 1 1 1
     438  2  35  6 1 1 1
     439  2  36  1 1 1 1
     440  2  36  2 1 1 1
     441  2  36  3 1 1 1
     442  2  36  4 1 1 1
     443  2  36  5 1 1 1
     444  2  36  6 1 1 1
     445  2  37  1 1 1 1
     446  2  37  2 1 1 1
     447  2  37  3 1 1 1
     448  2  37  4 1 1 1
     449  2  37  5 1 1 1
     450  2  37  6 1 1 1
     451  2  38  1 1 1 1
     452  2  38  2 1 1 1
     453  2  38  3 1 1 1
     454  2  38  4 1 1 1
     455  2  38  5 1 1 1
     456  2  38  6 1 1 1
     457  3  1  1 1 1 1
     458  3  1  2 1 1 1
     459  3  1  3 1 1 1
     460  3  1  4 1 1 1
     461  3  1  5 1 1 1
     462  3  1  6 1 1 1
     463  3  2  1 1 1 1
     464  3  2  2 1 1 1
     465  3  2  3 1 1 1
     466  3  2  4 1 1 1
     467  3  2  5 1 1 1
     468  3  2  6 1 1 1
     469  3  3  1 1 1 1
     470  3  3  2 1 1 1
     471  3  3  3 1 1 1
     472  3  3  4 1 1 1
     473  3  3  5 1 1 1
     474  3  3  6 1 1 1
     475  3  4  1 1 1 1
     476  3  4  2 1 1 1
     477  3  4  3 1 1 1
     478  3  4  4 1 1 1
     479  3  4  5 1 1 1
     480  3  4  6 1 1 1
     481  3  5  1 1 1 1
     482  3  5  2 1 1 1
     483  3  5  3 1 1 1
     484  3  5  4 1 1 1
     485  3  5  5 1 1 1
     486  3  5  6 1 1 1
     487  3  6  1 1 1 1
     488  3  6  2 1 1 1
     489  3  6  3 1 1 1
     490  3  6  4 1 1 1
     491  3  6  5 1 1 1
     492  3  6  6 1 1 1
     493  3  7  1 1 1 1
     494  3  7  2 1 1 1
     495  3  7  3 1 1 1
     496  3  7  4 1 1 1
     497  3  7  5 1 1 1
     498  3  7  6 1 1 1
     499  3  8  1 1 1 1
     500  3  8  2 1 1 1
     501  3  8  3 1 1 1
     502  3  8  4 1 1 1
     503  3  8  5 1 1 1
     504  3  8  6 1 1 1
     505  3  9  1 1 1 1
     506  3  9  2 1 1 1
     507  3  9  3 1 1 1
     508  3  9  4 1 1 1
     509  3  9  5 1 1 1
     510  3  9  6 1 1 1
     511  3  10  1 1 1 1
     512  3  10  2 1 1 1
     513  3  10  3 1 1 1
     514  3  10  4 1 1 1
     515  3  10  5 1 1 1
     516  3  10  6 1 1 1
     517  3  11  1 1 1 1
     518  3  11  2 1 1 1
     519  3  11  3 1 1 1
     520  3  11  4 1 1 1
     521  3  11  5 1 1 1
     522  3  11  6 1 1 1
     523  3  12  1 1 1 1
     524  3  12  2 1 1 1
     525  3  12  3 1 1 1
     526  3  12  4 1 1 1
     527  3  12  5 1 1 1
     528  3  12  6 1 1 1
     529  3  13  1 1 1 1
     530  3  13  2 1 1 1
     531  3  13  3 1 1 1
     532  3  13  4 1 1 1
     533  3  13  5 1 1 1
     534  3  13  6 1 1 1
     535  3  14  1 1 1 1
     536  3  14  2 1 1 1
     537  3  14  3 1 1 1
     538  3  14  4 1 1 1
     539  3  14  5 1 1 1
     540  3  14  6 1 1 1
     541  3  15  1 1 1 1
     542  3  15  2 1 1 1
     543  3  15  3 1 1 1
     544  3  15  4 1 1 1
     545  3  15  5 1 1 1
     546  3  15  6 1 1 1
     547  3  16  1 1 1 1
     548  3  16  2 1 1 1
     549  3  16  3 1 1 1
     550  3  16  4 1 1 1
     551  3  16  5 1 1 1
     552  3  16  6 1 1 1
     553  3  17  1 1 1 1
     554  3  17  2 1 1 1
     555  3  17  3 1 1 1
     556  3  17  4 1 1 1
     557  3  17  5 1 1 1
     558  3  17  6 1 1 1
     559  3  18  1 1 1 1
     560  3  18  2 1 1 1
     561  3  18  3 1 1 1
     562  3  18  4 1 1 1
     563  3  18  5 1 1 1
     564  3  18  6 1 1 1
     565  3  19  1 1 1 1
     566  3  19  2 1 1 1
     567  3  19  3 1 1 1
     568  3  19  4 1 1 1
     569  3  19  5 1 1 1
     570  3  19  6 1 1 1
     571  3  20  1 1 1 1
     572  3  20  2 1 1 1
     573  3  20  3 1 1 1
     574  3  20  4 1 1 1
     575  3  20  5 1 1 1
     576  3  20  6 1 1 1
     577  3  21  1 1 1 1
     578  3  21  2 1 1 1
     579  3  21  3 1 1 1
     580  3  21  4 1 1 1
     581  3  21  5 1 1 1
     582  3  21  6 1 1 1
     583  3  22  1 1 1 1
     584  3  22  2 1 1 1
     585  3  22  3 1 1 1
     586  3  22  4 1 1 1
     587  3  22  5 1 1 1
     588  3  22  6 1 1 1
     589  3  23  1 1 1 1
     590  3  23  2 1 1 1
     591  3  23  3 1 1 1
     592  3  23  4 1 1 1
     593  3  23  5 1 1 1
     594  3  23  6 1 1 1
     595  3  24  1 1 1 1
     596  3  24  2 1 1 1
     597  3  24  3 1 1 1
     598  3  24  4 1 1 1
     599  3  24  5 1 1 1
     600  3  24  6 1 1 1
     601  3  25  1 1 1 1
     602  3  25  2 1 1 1
     603  3  25  3 1 1 1
     604  3  25  4 1 1 1
     605  3  25  5 1 1 1
     606  3  25  6 1 1 1
     607  3  26  1 1 1 1
     608  3  26  2 1 1 1
     609  3  26  3 1 1 1
     610  3  26  4 1 1 1
     611  3  26  5 1 1 1
     612  3  26  6 1 1 1
     613  3  27  1 1 1 1
     614  3  27  2 1 1 1
     615  3  27  3 1 1 1
     616  3  27  4 1 1 1
     617  3  27  5 1 1 1
     618  3  27  6 1 1 1
     619  3  28  1 1 1 1
     620  3  28  2 1 1 1
     621  3  28  3 1 1 1
     622  3  28  4 1 1 1
     623  3  28  5 1 1 1
     624  3  28  6 1 1 1
     625  3  29  1 1 1 1
     626  3  29  2 1 1 1
     627  3  29  3 1 1 1
     628  3  29  4 1 1 1
     629  3  29  5 1 1 1
     630  3  29  6 1 1 1
     631  3  30  1 1 1 1
     632  3  30  2 1 1 1
     633  3  30  3 1 1 1
     634  3  30  4 1 1 1
     635  3  30  5 1 1 1
     636  3  30  6 1 1 1
     637  3  31  1 1 1 1
     638  3  31  2 1 1 1
     639  3  31  3 1 1 1
     640  3  31  4 1 1 1
     641  3  31  5 1 1 1
     642  3  31  6 1 1 1
     643  3  32  1 1 1 1
     644  3  32  2 1 1 1
     645  3  32  3 1 1 1
     646  3  32  4 1 1 1
     647  3  32  5 1 1 1
     648  3  32  6 1 1 1
     649  3  33  1 1 1 1
     650  3  33  2 1 1 1
     651  3  33  3 1 1 1
     652  3  33  4 1 1 1
     653  3  33  5 1 1 1
     654  3  33  6 1 1 1
     655  3  34  1 1 1 1
     656  3  34  2 1 1 1
     657  3  34  3 1 1 1
     658  3  34  4 1 1 1
     659  3  34  5 1 1 1
     660  3  34  6 1 1 1
     661  3  35  1 1 1 1
     662  3  35  2 1 1 1
     663  3  35  3 1 1 1
     664  3  35  4 1 1 1
     665  3  35  5 1 1 1
     666  3  35  6 1 1 1
     667  3  36  1 1 1 1
     668  3  36  2 1 1 1
     669  3  36  3 1 1 1
     670  3  36  4 1 1 1
     671  3  36  5 1 1 1
     672  3  36  6 1 1 1
     673  3  37  1 1 1 1
     674  3  37  2 1 1 1
     675  3  37  3 1 1 1
     676  3  37  4 1 1 1
     677  3  37  5 1 1 1
     678  3  37  6 1 1 1
     679  3  38  1 1 1 1
     680  3  38  2 1 1 1
     681  3  38  3 1 1 1
     682  3  38  4 1 1 1
     683  3  38  5 1 1 1
     684  3  38  6 1 1 1
     685  4  1  1 1 1 1
     686  4  1  2 1 1 1
     687  4  1  3 1 1 1
     688  4  1  4 1 1 1
     689  4  1  5 1 1 1
     690  4  1  6 1 1 1
     691  4  2  1 1 1 1
     692  4  2  2 1 1 1
     693  4  2  3 1 1 1
     694  4  2  4 1 1 1
     695  4  2  5 1 1 1
     696  4  2  6 1 1 1
     697  4  3  1 1 1 1
     698  4  3  2 1 1 1
     699  4  3  3 1 1 1
     700  4  3  4 1 1 1
     701  4  3  5 1 1 1
     702  4  3  6 1 1 1
     703  4  4  1 1 1 1
     704  4  4  2 1 1 1
     705  4  4  3 1 1 1
     706  4  4  4 1 1 1
     707  4  4  5 1 1 1
     708  4  4  6 1 1 1
     709  4  5  1 1 1 1
     710  4  5  2 1 1 1
     711  4  5  3 1 1 1
     712  4  5  4 1 1 1
     713  4  5  5 1 1 1
     714  4  5  6 1 1 1
     715  4  6  1 1 1 1
     716  4  6  2 1 1 1
     717  4  6  3 1 1 1
     718  4  6  4 1 1 1
     719  4  6  5 1 1 1
     720  4  6  6 1 1 1
     721  4  7  1 1 1 1
     722  4  7  2 1 1 1
     723  4  7  3 1 1 1
     724  4  7  4 1 1 1
     725  4  7  5 1 1 1
     726  4  7  6 1 1 1
     727  4  8  1 1 1 1
     728  4  8  2 1 1 1
     729  4  8  3 1 1 1
     730  4  8  4 1 1 1
     731  4  8  5 1 1 1
     732  4  8  6 1 1 1
     733  4  9  1 1 1 1
     734  4  9  2 1 1 1
     735  4  9  3 1 1 1
     736  4  9  4 1 1 1
     737  4  9  5 1 1 1
     738  4  9  6 1 1 1
     739  4  10  1 1 1 1
     740  4  10  2 1 1 1
     741  4  10  3 1 1 1
     742  4  10  4 1 1 1
     743  4  10  5 1 1 1
     744  4  10  6 1 1 1
     745  4  11  1 1 1 1
     746  4  11  2 1 1 1
     747  4  11  3 1 1 1
     748  4  11  4 1 1 1
     749  4  11  5 1 1 1
     750  4  11  6 1 1 1
     751  4  12  1 1 1 1
     752  4  12  2 1 1 1
     753  4  12  3 1 1 1
     754  4  12  4 1 1 1
     755  4  12  5 1 1 1
     756  4  12  6 1 1 1
     757  4  13  1 1 1 1
     758  4  13  2 1 1 1
     759  4  13  3 1 1 1
     760  4  13  4 1 1 1
     761  4  13  5 1 1 1
     762  4  13  6 1 1 1
     763  4  14  1 1 1 1
     764  4  14  2 1 1 1
     765  4  14  3 1 1 1
     766  4  14  4 1 1 1
     767  4  14  5 1 1 1
     768  4  14  6 1 1 1
     769  4  15  1 1 1 1
     770  4  15  2 1 1 1
     771  4  15  3 1 1 1
     772  4  15  4 1 1 1
     773  4  15  5 1 1 1
     774  4  15  6 1 1 1
     775  4  16  1 1 1 1
     776  4  16  2 1 1 1
     777  4  16  3 1 1 1
     778  4  16  4 1 1 1
     779  4  16  5 1 1 1
     780  4  16  6 1 1 1
     781  4  17  1 1 1 1
     782  4  17  2 1 1 1
     783  4  17  3 1 1 1
     784  4  17  4 1 1 1
     785  4  17  5 1 1 1
     786  4  17  6 1 1 1
     787  4  18  1 1 1 1
     788  4  18  2 1 1 1
     789  4  18  3 1 1 1
     790  4  18  4 1 1 1
     791  4  18  5 1 1 1
     792  4  18  6 1 1 1
     793  4  19  1 1 1 1
     794  4  19  2 1 1 1
     795  4  19  3 1 1 1
     796  4  19  4 1 1 1
     797  4  19  5 1 1 1
     798  4  19  6 1 1 1
     799  4  20  1 1 1 1
     800  4  20  2 1 1 1
     801  4  20  3 1 1 1
     802  4  20  4 1 1 1
     803  4  20  5 1 1 1
     804  4  20  6 1 1 1
     805  4  21  1 1 1 1
     806  4  21  2 1 1 1
     807  4  21  3 1 1 1
     808  4  21  4 1 1 1
     809  4  21  5 1 1 1
     810  4  21  6 1 1 1
     811  4  22  1 1 1 1
     812  4  22  2 1 1 1
     813  4  22  3 1 1 1
     814  4  22  4 1 1 1
     815  4  22  5 1 1 1
     816  4  22  6 1 1 1
     817  4  23  1 1 1 1
     818  4  23  2 1 1 1
     819  4  23  3 1 1 1
     820  4  23  4 1 1 1
     821  4  23  5 1 1 1
     822  4  23  6 1 1 1
     823  4  24  1 1 1 1
     824  4  24  2 1 1 1
     825  4  24  3 1 1 1
     826  4  24  4 1 1 1
     827  4  24  5 1 1 1
     828  4  24  6 1 1 1
     829  4  25  1 1 1 1
     830  4  25  2 1 1 1
     831  4  25  3 1 1 1
     832  4  25  4 1 1 1
     833  4  25  5 1 1 1
     834  4  25  6 1 1 1
     835  4  26  1 1 1 1
     836  4  26  2 1 1 1
     837  4  26  3 1 1 1
     838  4  26  4 1 1 1
     839  4  26  5 1 1 1
     840  4  26  6 1 1 1
     841  4  27  1 1 1 1
     842  4  27  2 1 1 1
     843  4  27  3 1 1 1
     844  4  27  4 1 1 1
     845  4  27  5 1 1 1
     846  4  27  6 1 1 1
     847  4  28  1 1 1 1
     848  4  28  2 1 1 1
     849  4  28  3 1 1 1
     850  4  28  4 1 1 1
     851  4  28  5 1 1 1
     852  4  28  6 1 1 1
     853  4  29  1 1 1 1
     854  4  29  2 1 1 1
     855  4  29  3 1 1 1
     856  4  29  4 1 1 1
     857  4  29  5 1 1 1
     858  4  29  6 1 1 1
     859  4  30  1 1 1 1
     860  4  30  2 1 1 1
     861  4  30  3 1 1 1
     862  4  30  4 1 1 1
     863  4  30  5 1 1 1
     864  4  30  6 1 1 1
     865  4  31  1 1 1 1
     866  4  31  2 1 1 1
     867  4  31  3 1 1 1
     868  4  31  4 1 1 1
     869  4  31  5 1 1 1
     870  4  31  6 1 1 1
     871  4  32  1 1 1 1
     872  4  32  2 1 1 1
     873  4  32  3 1 1 1
     874  4  32  4 1 1 1
     875  4  32  5 1 1 1
     876  4  32  6 1 1 1
     877  4  33  1 1 1 1
     878  4  33  2 1 1 1
     879  4  33  3 1 1 1
     880  4  33  4 1 1 1
     881  4  33  5 1 1 1
     882  4  33  6 1 1 1
     883  4  34  1 1 1 1
     884  4  34  2 1 1 1
     885  4  34  3 1 1 1
     886  4  34  4 1 1 1
     887  4  34  5 1 1 1
     888  4  34  6 1 1 1
     889  4  35  1 1 1 1
     890  4  35  2 1 1 1
     891  4  35  3 1 1 1
     892  4  35  4 1 1 1
     893  4  35  5 1 1 1
     894  4  35  6 1 1 1
     895  4  36  1 1 1 1
     896  4  36  2 1 1 1
     897  4  36  3 1 1 1
     898  4  36  4 1 1 1
     899  4  36  5 1 1 1
     900  4  36  6 1 1 1
     901  4  37  1 1 1 1
     902  4  37  2 1 1 1
     903  4  37  3 1 1 1
     904  4  37  4 1 1 1
     905  4  37  5 1 1 1
     906  4  37  6 1 1 1
     907  4  38  1 1 1 1
     908  4  38  2 1 1 1
     909  4  38  3 1 1 1
     910  4  38  4 1 1 1
     911  4  38  5 1 1 1
     912  4  38  6 1 1 1
     913  5  1  1 1 1 1
     914  5  1  2 1 1 1
     915  5  1  3 1 1 1
     916  5  1  4 1 1 1
     917  5  1  5 1 1 1
     918  5  1  6 1 1 1
     919  5  2  1 1 1 1
     920  5  2  2 1 1 1
     921  5  2  3 1 1 1
     922  5  2  4 1 1 1
     923  5  2  5 1 1 1
     924  5  2  6 1 1 1
     925  5  3  1 1 1 1
     926  5  3  2 1 1 1
     927  5  3  3 1 1 1
     928  5  3  4 1 1 1
     929  5  3  5 1 1 1
     930  5  3  6 1 1 1
     931  5  4  1 1 1 1
     932  5  4  2 1 1 1
     933  5  4  3 1 1 1
     934  5  4  4 1 1 1
     935  5  4  5 1 1 1
     936  5  4  6 1 1 1
     937  5  5  1 1 1 1
     938  5  5  2 1 1 1
     939  5  5  3 1 1 1
     940  5  5  4 1 1 1
     941  5  5  5 1 1 1
     942  5  5  6 1 1 1
     943  5  6  1 1 1 1
     944  5  6  2 1 1 1
     945  5  6  3 1 1 1
     946  5  6  4 1 1 1
     947  5  6  5 1 1 1
     948  5  6  6 1 1 1
     949  5  7  1 1 1 1
     950  5  7  2 1 1 1
     951  5  7  3 1 1 1
     952  5  7  4 1 1 1
     953  5  7  5 1 1 1
     954  5  7  6 1 1 1
     955  5  8  1 1 1 1
     956  5  8  2 1 1 1
     957  5  8  3 1 1 1
     958  5  8  4 1 1 1
     959  5  8  5 1 1 1
     960  5  8  6 1 1 1
     961  5  9  1 1 1 1
     962  5  9  2 1 1 1
     963  5  9  3 1 1 1
     964  5  9  4 1 1 1
     965  5  9  5 1 1 1
     966  5  9  6 1 1 1
     967  5  10  1 1 1 1
     968  5  10  2 1 1 1
     969  5  10  3 1 1 1
     970  5  10  4 1 1 1
     971  5  10  5 1 1 1
     972  5  10  6 1 1 1
     973  5  11  1 1 1 1
     974  5  11  2 1 1 1
     975  5  11  3 1 1 1
     976  5  11  4 1 1 1
     977  5  11  5 1 1 1
     978  5  11  6 1 1 1
     979  5  12  1 1 1 1
     980  5  12  2 1 1 1
     981  5  12  3 1 1 1
     982  5  12  4 1 1 1
     983  5  12  5 1 1 1
     984  5  12  6 1 1 1
     985  5  13  1 1 1 1
     986  5  13  2 1 1 1
     987  5  13  3 1 1 1
     988  5  13  4 1 1 1
     989  5  13  5 1 1 1
     990  5  13  6 1 1 1
     991  5  14  1 1 1 1
     992  5  14  2 1 1 1
     993  5  14  3 1 1 1
     994  5  14  4 1 1 1
     995  5  14  5 1 1 1
     996  5  14  6 1 1 1
     997  5  15  1 1 1 1
     998  5  15  2 1 1 1
     999  5  15  3 1 1 1
     1000  5  15  4 1 1 1
     1001  5  15  5 1 1 1
     1002  5  15  6 1 1 1
     1003  5  16  1 1 1 1
     1004  5  16  2 1 1 1
     1005  5  16  3 1 1 1
     1006  5  16  4 1 1 1
     1007  5  16  5 1 1 1
     1008  5  16  6 1 1 1
     1009  5  17  1 1 1 1
     1010  5  17  2 1 1 1
     1011  5  17  3 1 1 1
     1012  5  17  4 1 1 1
     1013  5  17  5 1 1 1
     1014  5  17  6 1 1 1
     1015  5  18  1 1 1 1
     1016  5  18  2 1 1 1
     1017  5  18  3 1 1 1
     1018  5  18  4 1 1 1
     1019  5  18  5 1 1 1
     1020  5  18  6 1 1 1
     1021  5  19  1 1 1 1
     1022  5  19  2 1 1 1
     1023  5  19  3 1 1 1
     1024  5  19  4 1 1 1
     1025  5  19  5 1 1 1
     1026  5  19  6 1 1 1
     1027  5  20  1 1 1 1
     1028  5  20  2 1 1 1
     1029  5  20  3 1 1 1
     1030  5  20  4 1 1 1
     1031  5  20  5 1 1 1
     1032  5  20  6 1 1 1
     1033  5  21  1 1 1 1
     1034  5  21  2 1 1 1
     1035  5  21  3 1 1 1
     1036  5  21  4 1 1 1
     1037  5  21  5 1 1 1
     1038  5  21  6 1 1 1
     1039  5  22  1 1 1 1
     1040  5  22  2 1 1 1
     1041  5  22  3 1 1 1
     1042  5  22  4 1 1 1
     1043  5  22  5 1 1 1
     1044  5  22  6 1 1 1
     1045  5  23  1 1 1 1
     1046  5  23  2 1 1 1
     1047  5  23  3 1 1 1
     1048  5  23  4 1 1 1
     1049  5  23  5 1 1 1
     1050  5  23  6 1 1 1
     1051  5  24  1 1 1 1
     1052  5  24  2 1 1 1
     1053  5  24  3 1 1 1
     1054  5  24  4 1 1 1
     1055  5  24  5 1 1 1
     1056  5  24  6 1 1 1
     1057  5  25  1 1 1 1
     1058  5  25  2 1 1 1
     1059  5  25  3 1 1 1
     1060  5  25  4 1 1 1
     1061  5  25  5 1 1 1
     1062  5  25  6 1 1 1
     1063  5  26  1 1 1 1
     1064  5  26  2 1 1 1
     1065  5  26  3 1 1 1
     1066  5  26  4 1 1 1
     1067  5  26  5 1 1 1
     1068  5  26  6 1 1 1
     1069  5  27  1 1 1 1
     1070  5  27  2 1 1 1
     1071  5  27  3 1 1 1
     1072  5  27  4 1 1 1
     1073  5  27  5 1 1 1
     1074  5  27  6 1 1 1
     1075  5  28  1 1 1 1
     1076  5  28  2 1 1 1
     1077  5  28  3 1 1 1
     1078  5  28  4 1 1 1
     1079  5  28  5 1 1 1
     1080  5  28  6 1 1 1
     1081  5  29  1 1 1 1
     1082  5  29  2 1 1 1
     1083  5  29  3 1 1 1
     1084  5  29  4 1 1 1
     1085  5  29  5 1 1 1
     1086  5  29  6 1 1 1
     1087  5  30  1 1 1 1
     1088  5  30  2 1 1 1
     1089  5  30  3 1 1 1
     1090  5  30  4 1 1 1
     1091  5  30  5 1 1 1
     1092  5  30  6 1 1 1
     1093  5  31  1 1 1 1
     1094  5  31  2 1 1 1
     1095  5  31  3 1 1 1
     1096  5  31  4 1 1 1
     1097  5  31  5 1 1 1
     1098  5  31  6 1 1 1
     1099  5  32  1 1 1 1
     1100  5  32  2 1 1 1
     1101  5  32  3 1 1 1
     1102  5  32  4 1 1 1
     1103  5  32  5 1 1 1
     1104  5  32  6 1 1 1
     1105  5  33  1 1 1 1
     1106  5  33  2 1 1 1
     1107  5  33  3 1 1 1
     1108  5  33  4 1 1 1
     1109  5  33  5 1 1 1
     1110  5  33  6 1 1 1
     1111  5  34  1 1 1 1
     1112  5  34  2 1 1 1
     1113  5  34  3 1 1 1
     1114  5  34  4 1 1 1
     1115  5  34  5 1 1 1
     1116  5  34  6 1 1 1
     1117  5  35  1 1 1 1
     1118  5  35  2 1 1 1
     1119  5  35  3 1 1 1
     1120  5  35  4 1 1 1
     1121  5  35  5 1 1 1
     1122  5  35  6 1 1 1
     1123  5  36  1 1 1 1
     1124  5  36  2 1 1 1
     1125  5  36  3 1 1 1
     1126  5  36  4 1 1 1
     1127  5  36  5 1 1 1
     1128  5  36  6 1 1 1
     1129  5  37  1 1 1 1
     1130  5  37  2 1 1 1
     1131  5  37  3 1 1 1
     1132  5  37  4 1 1 1
     1133  5  37  5 1 1 1
     1134  5  37  6 1 1 1
     1135  5  38  1 1 1 1
     1136  5  38  2 1 1 1
     1137  5  38  3 1 1 1
     1138  5  38  4 1 1 1
     1139  5  38  5 1 1 1
     1140  5  38  6 1 1 1
     1141  6  1  1 1 1 1
     1142  6  1  2 1 1 1
     1143  6  1  3 1 1 1
     1144  6  1  4 1 1 1
     1145  6  1  5 1 1 1
     1146  6  1  6 1 1 1
     1147  6  2  1 1 1 1
     1148  6  2  2 1 1 1
     1149  6  2  3 1 1 1
     1150  6  2  4 1 1 1
     1151  6  2  5 1 1 1
     1152  6  2  6 1 1 1
     1153  6  3  1 1 1 1
     1154  6  3  2 1 1 1
     1155  6  3  3 1 1 1
     1156  6  3  4 1 1 1
     1157  6  3  5 1 1 1
     1158  6  3  6 1 1 1
     1159  6  4  1 1 1 1
     1160  6  4  2 1 1 1
     1161  6  4  3 1 1 1
     1162  6  4  4 1 1 1
     1163  6  4  5 1 1 1
     1164  6  4  6 1 1 1
     1165  6  5  1 1 1 1
     1166  6  5  2 1 1 1
     1167  6  5  3 1 1 1
     1168  6  5  4 1 1 1
     1169  6  5  5 1 1 1
     1170  6  5  6 1 1 1
     1171  6  6  1 1 1 1
     1172  6  6  2 1 1 1
     1173  6  6  3 1 1 1
     1174  6  6  4 1 1 1
     1175  6  6  5 1 1 1
     1176  6  6  6 1 1 1
     1177  6  7  1 1 1 1
     1178  6  7  2 1 1 1
     1179  6  7  3 1 1 1
     1180  6  7  4 1 1 1
     1181  6  7  5 1 1 1
     1182  6  7  6 1 1 1
     1183  6  8  1 1 1 1
     1184  6  8  2 1 1 1
     1185  6  8  3 1 1 1
     1186  6  8  4 1 1 1
     1187  6  8  5 1 1 1
     1188  6  8  6 1 1 1
     1189  6  9  1 1 1 1
     1190  6  9  2 1 1 1
     1191  6  9  3 1 1 1
     1192  6  9  4 1 1 1
     1193  6  9  5 1 1 1
     1194  6  9  6 1 1 1
     1195  6  10  1 1 1 1
     1196  6  10  2 1 1 1
     1197  6  10  3 1 1 1
     1198  6  10  4 1 1 1
     1199  6  10  5 1 1 1
     1200  6  10  6 1 1 1
     1201  6  11  1 1 1 1
     1202  6  11  2 1 1 1
     1203  6  11  3 1 1 1
     1204  6  11  4 1 1 1
     1205  6  11  5 1 1 1
     1206  6  11  6 1 1 1
     1207  6  12  1 1 1 1
     1208  6  12  2 1 1 1
     1209  6  12  3 1 1 1
     1210  6  12  4 1 1 1
     1211  6  12  5 1 1 1
     1212  6  12  6 1 1 1
     1213  6  13  1 1 1 1
     1214  6  13  2 1 1 1
     1215  6  13  3 1 1 1
     1216  6  13  4 1 1 1
     1217  6  13  5 1 1 1
     1218  6  13  6 1 1 1
     1219  6  14  1 1 1 1
     1220  6  14  2 1 1 1
     1221  6  14  3 1 1 1
     1222  6  14  4 1 1 1
     1223  6  14  5 1 1 1
     1224  6  14  6 1 1 1
     1225  6  15  1 1 1 1
     1226  6  15  2 1 1 1
     1227  6  15  3 1 1 1
     1228  6  15  4 1 1 1
     1229  6  15  5 1 1 1
     1230  6  15  6 1 1 1
     1231  6  16  1 1 1 1
     1232  6  16  2 1 1 1
     1233  6  16  3 1 1 1
     1234  6  16  4 1 1 1
     1235  6  16  5 1 1 1
     1236  6  16  6 1 1 1
     1237  6  17  1 1 1 1
     1238  6  17  2 1 1 1
     1239  6  17  3 1 1 1
     1240  6  17  4 1 1 1
     1241  6  17  5 1 1 1
     1242  6  17  6 1 1 1
     1243  6  18  1 1 1 1
     1244  6  18  2 1 1 1
     1245  6  18  3 1 1 1
     1246  6  18  4 1 1 1
     1247  6  18  5 1 1 1
     1248  6  18  6 1 1 1
     1249  6  19  1 1 1 1
     1250  6  19  2 1 1 1
     1251  6  19  3 1 1 1
     1252  6  19  4 1 1 1
     1253  6  19  5 1 1 1
     1254  6  19  6 1 1 1
     1255  6  20  1 1 1 1
     1256  6  20  2 1 1 1
     1257  6  20  3 1 1 1
     1258  6  20  4 1 1 1
     1259  6  20  5 1 1 1
     1260  6  20  6 1 1 1
     1261  6  21  1 1 1 1
     1262  6  21  2 1 1 1
     1263  6  21  3 1 1 1
     1264  6  21  4 1 1 1
     1265  6  21  5 1 1 1
     1266  6  21  6 1 1 1
     1267  6  22  1 1 1 1
     1268  6  22  2 1 1 1
     1269  6  22  3 1 1 1
     1270  6  22  4 1 1 1
     1271  6  22  5 1 1 1
     1272  6  22  6 1 1 1
     1273  6  23  1 1 1 1
     1274  6  23  2 1 1 1
     1275  6  23  3 1 1 1
     1276  6  23  4 1 1 1
     1277  6  23  5 1 1 1
     1278  6  23  6 1 1 1
     1279  6  24  1 1 1 1
     1280  6  24  2 1 1 1
     1281  6  24  3 1 1 1
     1282  6  24  4 1 1 1
     1283  6  24  5 1 1 1
     1284  6  24  6 1 1 1
     1285  6  25  1 1 1 1
     1286  6  25  2 1 1 1
     1287  6  25  3 1 1 1
     1288  6  25  4 1 1 1
     1289  6  25  5 1 1 1
     1290  6  25  6 1 1 1
     1291  6  26  1 1 1 1
     1292  6  26  2 1 1 1
     1293  6  26  3 1 1 1
     1294  6  26  4 1 1 1
     1295  6  26  5 1 1 1
     1296  6  26  6 1 1 1
     1297  6  27  1 1 1 1
     1298  6  27  2 1 1 1
     1299  6  27  3 1 1 1
     1300  6  27  4 1 1 1
     1301  6  27  5 1 1 1
     1302  6  27  6 1 1 1
     1303  6  28  1 1 1 1
     1304  6  28  2 1 1 1
     1305  6  28  3 1 1 1
     1306  6  28  4 1 1 1
     1307  6  28  5 1 1 1
     1308  6  28  6 1 1 1
     1309  6  29  1 1 1 1
     1310  6  29  2 1 1 1
     1311  6  29  3 1 1 1
     1312  6  29  4 1 1 1
     1313  6  29  5 1 1 1
     1314  6  29  6 1 1 1
     1315  6  30  1 1 1 1
     1316  6  30  2 1 1 1
     1317  6  30  3 1 1 1
     1318  6  30  4 1 1 1
     1319  6  30  5 1 1 1
     1320  6  30  6 1 1 1
     1321  6  31  1 1 1 1
     1322  6  31  2 1 1 1
     1323  6  31  3 1 1 1
     1324  6  31  4 1 1 1
     1325  6  31  5 1 1 1
     1326  6  31  6 1 1 1
     1327  6  32  1 1 1 1
     1328  6  32  2 1 1 1
     1329  6  32  3 1 1 1
     1330  6  32  4 1 1 1
     1331  6  32  5 1 1 1
     1332  6  32  6 1 1 1
     1333  6  33  1 1 1 1
     1334  6  33  2 1 1 1
     1335  6  33  3 1 1 1
     1336  6  33  4 1 1 1
     1337  6  33  5 1 1 1
     1338  6  33  6 1 1 1
     1339  6  34  1 1 1 1
     1340  6  34  2 1 1 1
     1341  6  34  3 1 1 1
     1342  6  34  4 1 1 1
     1343  6  34  5 1 1 1
     1344  6  34  6 1 1 1
     1345  6  35  1 1 1 1
     1346  6  35  2 1 1 1
     1347  6  35  3 1 1 1
     1348  6  35  4 1 1 1
     1349  6  35  5 1 1 1
     1350  6  35  6 1 1 1
     1351  6  36  1 1 1 1
     1352  6  36  2 1 1 1
     1353  6  36  3 1 1 1
     1354  6  36  4 1 1 1
     1355  6  36  5 1 1 1
     1356  6  36  6 1 1 1
     1357  6  37  1 1 1 1
     1358  6  37  2 1 1 1
     1359  6  37  3 1 1 1
     1360  6  37  4 1 1 1
     1361  6  37  5 1 1 1
     1362  6  37  6 1 1 1
     1363  6  38  1 1 1 1
     1364  6  38  2 1 1 1
     1365  6  38  3 1 1 1
     1366  6  38  4 1 1 1
     1367  6  38  5 1 1 1
     1368  6  38  6 1 1 1
     1369  7  1  1 1 1 1
     1370  7  1  2 1 1 1
     1371  7  1  3 1 1 1
     1372  7  1  4 1 1 1
     1373  7  1  5 1 1 1
     1374  7  1  6 1 1 1
     1375  7  2  1 1 1 1
     1376  7  2  2 1 1 1
     1377  7  2  3 1 1 1
     1378  7  2  4 1 1 1
     1379  7  2  5 1 1 1
     1380  7  2  6 1 1 1
     1381  7  3  1 1 1 1
     1382  7  3  2 1 1 1
     1383  7  3  3 1 1 1
     1384  7  3  4 1 1 1
     1385  7  3  5 1 1 1
     1386  7  3  6 1 1 1
     1387  7  4  1 1 1 1
     1388  7  4  2 1 1 1
     1389  7  4  3 1 1 1
     1390  7  4  4 1 1 1
     1391  7  4  5 1 1 1
     1392  7  4  6 1 1 1
     1393  7  5  1 1 1 1
     1394  7  5  2 1 1 1
     1395  7  5  3 1 1 1
     1396  7  5  4 1 1 1
     1397  7  5  5 1 1 1
     1398  7  5  6 1 1 1
     1399  7  6  1 1 1 1
     1400  7  6  2 1 1 1
     1401  7  6  3 1 1 1
     1402  7  6  4 1 1 1
     1403  7  6  5 1 1 1
     1404  7  6  6 1 1 1
     1405  7  7  1 1 1 1
     1406  7  7  2 1 1 1
     1407  7  7  3 1 1 1
     1408  7  7  4 1 1 1
     1409  7  7  5 1 1 1
     1410  7  7  6 1 1 1
     1411  7  8  1 1 1 1
     1412  7  8  2 1 1 1
     1413  7  8  3 1 1 1
     1414  7  8  4 1 1 1
     1415  7  8  5 1 1 1
     1416  7  8  6 1 1 1
     1417  7  9  1 1 1 1
     1418  7  9  2 1 1 1
     1419  7  9  3 1 1 1
     1420  7  9  4 1 1 1
     1421  7  9  5 1 1 1
     1422  7  9  6 1 1 1
     1423  7  10  1 1 1 1
     1424  7  10  2 1 1 1
     1425  7  10  3 1 1 1
     1426  7  10  4 1 1 1
     1427  7  10  5 1 1 1
     1428  7  10  6 1 1 1
     1429  7  11  1 1 1 1
     1430  7  11  2 1 1 1
     1431  7  11  3 1 1 1
     1432  7  11  4 1 1 1
     1433  7  11  5 1 1 1
     1434  7  11  6 1 1 1
     1435  7  12  1 1 1 1
     1436  7  12  2 1 1 1
     1437  7  12  3 1 1 1
     1438  7  12  4 1 1 1
     1439  7  12  5 1 1 1
     1440  7  12  6 1 1 1
     1441  7  13  1 1 1 1
     1442  7  13  2 1 1 1
     1443  7  13  3 1 1 1
     1444  7  13  4 1 1 1
     1445  7  13  5 1 1 1
     1446  7  13  6 1 1 1
     1447  7  14  1 1 1 1
     1448  7  14  2 1 1 1
     1449  7  14  3 1 1 1
     1450  7  14  4 1 1 1
     1451  7  14  5 1 1 1
     1452  7  14  6 1 1 1
     1453  7  15  1 1 1 1
     1454  7  15  2 1 1 1
     1455  7  15  3 1 1 1
     1456  7  15  4 1 1 1
     1457  7  15  5 1 1 1
     1458  7  15  6 1 1 1
     1459  7  16  1 1 1 1
     1460  7  16  2 1 1 1
     1461  7  16  3 1 1 1
     1462  7  16  4 1 1 1
     1463  7  16  5 1 1 1
     1464  7  16  6 1 1 1
     1465  7  17  1 1 1 1
     1466  7  17  2 1 1 1
     1467  7  17  3 1 1 1
     1468  7  17  4 1 1 1
     1469  7  17  5 1 1 1
     1470  7  17  6 1 1 1
     1471  7  18  1 1 1 1
     1472  7  18  2 1 1 1
     1473  7  18  3 1 1 1
     1474  7  18  4 1 1 1
     1475  7  18  5 1 1 1
     1476  7  18  6 1 1 1
     1477  7  19  1 1 1 1
     1478  7  19  2 1 1 1
     1479  7  19  3 1 1 1
     1480  7  19  4 1 1 1
     1481  7  19  5 1 1 1
     1482  7  19  6 1 1 1
     1483  7  20  1 1 1 1
     1484  7  20  2 1 1 1
     1485  7  20  3 1 1 1
     1486  7  20  4 1 1 1
     1487  7  20  5 1 1 1
     1488  7  20  6 1 1 1
     1489  7  21  1 1 1 1
     1490  7  21  2 1 1 1
     1491  7  21  3 1 1 1
     1492  7  21  4 1 1 1
     1493  7  21  5 1 1 1
     1494  7  21  6 1 1 1
     1495  7  22  1 1 1 1
     1496  7  22  2 1 1 1
     1497  7  22  3 1 1 1
     1498  7  22  4 1 1 1
     1499  7  22  5 1 1 1
     1500  7  22  6 1 1 1
     1501  7  23  1 1 1 1
     1502  7  23  2 1 1 1
     1503  7  23  3 1 1 1
     1504  7  23  4 1 1 1
     1505  7  23  5 1 1 1
     1506  7  23  6 1 1 1
     1507  7  24  1 1 1 1
     1508  7  24  2 1 1 1
     1509  7  24  3 1 1 1
     1510  7  24  4 1 1 1
     1511  7  24  5 1 1 1
     1512  7  24  6 1 1 1
     1513  7  25  1 1 1 1
     1514  7  25  2 1 1 1
     1515  7  25  3 1 1 1
     1516  7  25  4 1 1 1
     1517  7  25  5 1 1 1
     1518  7  25  6 1 1 1
     1519  7  26  1 1 1 1
     1520  7  26  2 1 1 1
     1521  7  26  3 1 1 1
     1522  7  26  4 1 1 1
     1523  7  26  5 1 1 1
     1524  7  26  6 1 1 1
     1525  7  27  1 1 1 1
     1526  7  27  2 1 1 1
     1527  7  27  3 1 1 1
     1528  7  27  4 1 1 1
     1529  7  27  5 1 1 1
     1530  7  27  6 1 1 1
     1531  7  28  1 1 1 1
     1532  7  28  2 1 1 1
     1533  7  28  3 1 1 1
     1534  7  28  4 1 1 1
     1535  7  28  5 1 1 1
     1536  7  28  6 1 1 1
     1537  7  29  1 1 1 1
     1538  7  29  2 1 1 1
     1539  7  29  3 1 1 1
     1540  7  29  4 1 1 1
     1541  7  29  5 1 1 1
     1542  7  29  6 1 1 1
     1543  7  30  1 1 1 1
     1544  7  30  2 1 1 1
     1545  7  30  3 1 1 1
     1546  7  30  4 1 1 1
     1547  7  30  5 1 1 1
     1548  7  30  6 1 1 1
     1549  7  31  1 1 1 1
     1550  7  31  2 1 1 1
     1551  7  31  3 1 1 1
     1552  7  31  4 1 1 1
     1553  7  31  5 1 1 1
     1554  7  31  6 1 1 1
     1555  7  32  1 1 1 1
     1556  7  32  2 1 1 1
     1557  7  32  3 1 1 1
     1558  7  32  4 1 1 1
     1559  7  32  5 1 1 1
     1560  7  32  6 1 1 1
     1561  7  33  1 1 1 1
     1562  7  33  2 1 1 1
     1563  7  33  3 1 1 1
     1564  7  33  4 1 1 1
     1565  7  33  5 1 1 1
     1566  7  33  6 1 1 1
     1567  7  34  1 1 1 1
     1568  7  34  2 1 1 1
     1569  7  34  3 1 1 1
     1570  7  34  4 1 1 1
     1571  7  34  5 1 1 1
     1572  7  34  6 1 1 1
     1573  7  35  1 1 1 1
     1574  7  35  2 1 1 1
     1575  7  35  3 1 1 1
     1576  7  35  4 1 1 1
     1577  7  35  5 1 1 1
     1578  7  35  6 1 1 1
     1579  7  36  1 1 1 1
     1580  7  36  2 1 1 1
     1581  7  36  3 1 1 1
     1582  7  36  4 1 1 1
     1583  7  36  5 1 1 1
     1584  7  36  6 1 1 1
     1585  7  37  1 1 1 1
     1586  7  37  2 1 1 1
     1587  7  37  3 1 1 1
     1588  7  37  4 1 1 1
     1589  7  37  5 1 1 1
     1590  7  37  6 1 1 1
     1591  7  38  1 1 1 1
     1592  7  38  2 1 1 1
     1593  7  38  3 1 1 1
     1594  7  38  4 1 1 1
     1595  7  38  5 1 1 1
     1596  7  38  6 1 1 1