>GEOMETRY   rect_prism; AX,AY,AZ= 0.8458 0.8458 0.8458
     756 = NAT 
  1.000000  0.000000  0.000000 = A_1 vector
  0.000000  1.000000  0.000000 = A_2 vector
  1.000000  1.000000  1.000000 = lattice spacings (d_x,d_y,d_z)/d
 -0.00000 -0.08635 -0.20645 = lattice offset x0(1-3) = (x_TF, y_TF, z_TF)/d for dipole 0 0 0
     JA  IX  IY  IZ ICOMP(x,y,z)
     1  1  1  1 1 1 1
     2  1  1  2 1 1 1
     3  1  1  3 1 1 1
     4  1  1  4 1 1 1
     5  1  1  5 1 1 1
     6  1  1  6 1 1 1
     7  1  1  7 1 1 1
     8  1  1  8 1 1 1
     9  1  1  9 1 1 1
     10  1  1  10 1 1 1
     11  1  1  11 1 1 1
     12  1  1  12 1 1 1
     13  1  1  13 1 1 1
     14  1  1  14 1 1 1
     15  1  1  15 1 1 1
     16  1  1  16 1 1 1
     17  1  1  17 1 1 1
     18  1  1  18 1 1 1
     19  1  1  19 1 1 1
     20  1  1  20 1 1 1
     21  1  1  21 1 1 1
     22  1  1  22 1 1 1
     23  1  1  23 1 1 1
     24  1  1  24 1 1 1
     25  1  1  25 1 1 1
     26  1  1  26 1 1 1
     27  1  1  27 1 1 1
     28  1  1  28 1 1 1
     29  1  1  29 1 1 1
     30  1  1  30 1 1 1
     31  1  1  31 1 1 1
     32  1  1  32 1 1 1
     33  1  1  33 1 1 1
     34  1  1  34 1 1 1
     35  1  1  35 1 1 1
     36  1  1  36 1 1 1
     37  1  1  37 1 1 1
     38  1  1  38 1 1 1
     39  1  1  39 1 1 1
     40  1  1  40 1 1 1
     41  1  1  41 1 1 1
     42  1  1  42 1 1 1
     43  1  2  1 1 1 1
     44  1  2  2 1 1 1
     45  1  2  3 1 1 1
     46  1  2  4 1 1 1
     47  1  2  5 1 1 1
     48  1  2  6 1 1 1
     49  1  2  7 1 1 1
     50  1  2  8 1 1 1
     51  1  2  9 1 1 1
     52  1  2  10 1 1 1
     53  1  2  11 1 1 1
     54  1  2  12 1 1 1
     55  1  2  13 1 1 1
     56  1  2  14 1 1 1
     57  1  2  15 1 1 1
     58  1  2  16 1 1 1
     59  1  2  17 1 1 1
     60  1  2  18 1 1 1
     61  1  2  19 1 1 1
     62  1  2  20 1 1 1
     63  1  2  21 1 1 1
     64  1  2  22 1 1 1
     65  1  2  23 1 1 1
     66  1  2  24 1 1 1
     67  1  2  25 1 1 1
     68  1  2  26 1 1 1
     69  1  2  27 1 1 1
     70  1  2  28 1 1 1
     71  1  2  29 1 1 1
     72  1  2  30 1 1 1
     73  1  2  31 1 1 1
     74  1  2  32 1 1 1
     75  1  2  33 1 1 1
     76  1  2  34 1 1 1
     77  1  2  35 1 1 1
     78  1  2  36 1 1 1
     79  1  2  37 1 1 1
     80  1  2  38 1 1 1
     81  1  2  39 1 1 1
     82  1  2  40 1 1 1
     83  1  2  41 1 1 1
     84  1  2  42 1 1 1
     85  1  3  1 1 1 1
     86  1  3  2 1 1 1
     87  1  3  3 1 1 1
     88  1  3  4 1 1 1
     89  1  3  5 1 1 1
     90  1  3  6 1 1 1
     91  1  3  7 1 1 1
     92  1  3  8 1 1 1
     93  1  3  9 1 1 1
     94  1  3  10 1 1 1
     95  1  3  11 1 1 1
     96  1  3  12 1 1 1
     97  1  3  13 1 1 1
     98  1  3  14 1 1 1
     99  1  3  15 1 1 1
     100  1  3  16 1 1 1
     101  1  3  17 1 1 1
     102  1  3  18 1 1 1
     103  1  3  19 1 1 1
     104  1  3  20 1 1 1
     105  1  3  21 1 1 1
     106  1  3  22 1 1 1
     107  1  3  23 1 1 1
     108  1  3  24 1 1 1
     109  1  3  25 1 1 1
     110  1  3  26 1 1 1
     111  1  3  27 1 1 1
     112  1  3  28 1 1 1
     113  1  3  29 1 1 1
     114  1  3  30 1 1 1
     115  1  3  31 1 1 1
     116  1  3  32 1 1 1
     117  1  3  33 1 1 1
     118  1  3  34 1 1 1
     119  1  3  35 1 1 1
     120  1  3  36 1 1 1
     121  1  3  37 1 1 1
     122  1  3  38 1 1 1
     123  1  3  39 1 1 1
     124  1  3  40 1 1 1
     125  1  3  41 1 1 1
     126  1  3  42 1 1 1
     127  1  4  1 1 1 1
     128  1  4  2 1 1 1
     129  1  4  3 1 1 1
     130  1  4  4 1 1 1
     131  1  4  5 1 1 1
     132  1  4  6 1 1 1
     133  1  4  7 1 1 1
     134  1  4  8 1 1 1
     135  1  4  9 1 1 1
     136  1  4  10 1 1 1
     137  1  4  11 1 1 1
     138  1  4  12 1 1 1
     139  1  4  13 1 1 1
     140  1  4  14 1 1 1
     141  1  4  15 1 1 1
     142  1  4  16 1 1 1
     143  1  4  17 1 1 1
     144  1  4  18 1 1 1
     145  1  4  19 1 1 1
     146  1  4  20 1 1 1
     147  1  4  21 1 1 1
     148  1  4  22 1 1 1
     149  1  4  23 1 1 1
     150  1  4  24 1 1 1
     151  1  4  25 1 1 1
     152  1  4  26 1 1 1
     153  1  4  27 1 1 1
     154  1  4  28 1 1 1
     155  1  4  29 1 1 1
     156  1  4  30 1 1 1
     157  1  4  31 1 1 1
     158  1  4  32 1 1 1
     159  1  4  33 1 1 1
     160  1  4  34 1 1 1
     161  1  4  35 1 1 1
     162  1  4  36 1 1 1
     163  1  4  37 1 1 1
     164  1  4  38 1 1 1
     165  1  4  39 1 1 1
     166  1  4  40 1 1 1
     167  1  4  41 1 1 1
     168  1  4  42 1 1 1
     169  1  5  1 1 1 1
     170  1  5  2 1 1 1
     171  1  5  3 1 1 1
     172  1  5  4 1 1 1
     173  1  5  5 1 1 1
     174  1  5  6 1 1 1
     175  1  5  7 1 1 1
     176  1  5  8 1 1 1
     177  1  5  9 1 1 1
     178  1  5  10 1 1 1
     179  1  5  11 1 1 1
     180  1  5  12 1 1 1
     181  1  5  13 1 1 1
     182  1  5  14 1 1 1
     183  1  5  15 1 1 1
     184  1  5  16 1 1 1
     185  1  5  17 1 1 1
     186  1  5  18 1 1 1
     187  1  5  19 1 1 1
     188  1  5  20 1 1 1
     189  1  5  21 1 1 1
     190  1  5  22 1 1 1
     191  1  5  23 1 1 1
     192  1  5  24 1 1 1
     193  1  5  25 1 1 1
     194  1  5  26 1 1 1
     195  1  5  27 1 1 1
     196  1  5  28 1 1 1
     197  1  5  29 1 1 1
     198  1  5  30 1 1 1
     199  1  5  31 1 1 1
     200  1  5  32 1 1 1
     201  1  5  33 1 1 1
     202  1  5  34 1 1 1
     203  1  5  35 1 1 1
     204  1  5  36 1 1 1
     205  1  5  37 1 1 1
     206  1  5  38 1 1 1
     207  1  5  39 1 1 1
     208  1  5  40 1 1 1
     209  1  5  41 1 1 1
     210  1  5  42 1 1 1
     211  1  6  1 1 1 1
     212  1  6  2 1 1 1
     213  1  6  3 1 1 1
     214  1  6  4 1 1 1
     215  1  6  5 1 1 1
     216  1  6  6 1 1 1
     217  1  6  7 1 1 1
     218  1  6  8 1 1 1
     219  1  6  9 1 1 1
     220  1  6  10 1 1 1
     221  1  6  11 1 1 1
     222  1  6  12 1 1 1
     223  1  6  13 1 1 1
     224  1  6  14 1 1 1
     225  1  6  15 1 1 1
     226  1  6  16 1 1 1
     227  1  6  17 1 1 1
     228  1  6  18 1 1 1
     229  1  6  19 1 1 1
     230  1  6  20 1 1 1
     231  1  6  21 1 1 1
     232  1  6  22 1 1 1
     233  1  6  23 1 1 1
     234  1  6  24 1 1 1
     235  1  6  25 1 1 1
     236  1  6  26 1 1 1
     237  1  6  27 1 1 1
     238  1  6  28 1 1 1
     239  1  6  29 1 1 1
     240  1  6  30 1 1 1
     241  1  6  31 1 1 1
     242  1  6  32 1 1 1
     243  1  6  33 1 1 1
     244  1  6  34 1 1 1
     245  1  6  35 1 1 1
     246  1  6  36 1 1 1
     247  1  6  37 1 1 1
     248  1  6  38 1 1 1
     249  1  6  39 1 1 1
     250  1  6  40 1 1 1
     251  1  6  41 1 1 1
     252  1  6  42 1 1 1
     253  1  7  1 1 1 1
     254  1  7  2 1 1 1
     255  1  7  3 1 1 1
     256  1  7  4 1 1 1
     257  1  7  5 1 1 1
     258  1  7  6 1 1 1
     259  1  7  7 1 1 1
     260  1  7  8 1 1 1
     261  1  7  9 1 1 1
     262  1  7  10 1 1 1
     263  1  7  11 1 1 1
     264  1  7  12 1 1 1
     265  1  7  13 1 1 1
     266  1  7  14 1 1 1
     267  1  7  15 1 1 1
     268  1  7  16 1 1 1
     269  1  7  17 1 1 1
     270  1  7  18 1 1 1
     271  1  7  19 1 1 1
     272  1  7  20 1 1 1
     273  1  7  21 1 1 1
     274  1  7  22 1 1 1
     275  1  7  23 1 1 1
     276  1  7  24 1 1 1
     277  1  7  25 1 1 1
     278  1  7  26 1 1 1
     279  1  7  27 1 1 1
     280  1  7  28 1 1 1
     281  1  7  29 1 1 1
     282  1  7  30 1 1 1
     283  1  7  31 1 1 1
     284  1  7  32 1 1 1
     285  1  7  33 1 1 1
     286  1  7  34 1 1 1
     287  1  7  35 1 1 1
     288  1  7  36 1 1 1
     289  1  7  37 1 1 1
     290  1  7  38 1 1 1
     291  1  7  39 1 1 1
     292  1  7  40 1 1 1
     293  1  7  41 1 1 1
     294  1  7  42 1 1 1
     295  1  8  1 1 1 1
     296  1  8  2 1 1 1
     297  1  8  3 1 1 1
     298  1  8  4 1 1 1
     299  1  8  5 1 1 1
     300  1  8  6 1 1 1
     301  1  8  7 1 1 1
     302  1  8  8 1 1 1
     303  1  8  9 1 1 1
     304  1  8  10 1 1 1
     305  1  8  11 1 1 1
     306  1  8  12 1 1 1
     307  1  8  13 1 1 1
     308  1  8  14 1 1 1
     309  1  8  15 1 1 1
     310  1  8  16 1 1 1
     311  1  8  17 1 1 1
     312  1  8  18 1 1 1
     313  1  8  19 1 1 1
     314  1  8  20 1 1 1
     315  1  8  21 1 1 1
     316  1  8  22 1 1 1
     317  1  8  23 1 1 1
     318  1  8  24 1 1 1
     319  1  8  25 1 1 1
     320  1  8  26 1 1 1
     321  1  8  27 1 1 1
     322  1  8  28 1 1 1
     323  1  8  29 1 1 1
     324  1  8  30 1 1 1
     325  1  8  31 1 1 1
     326  1  8  32 1 1 1
     327  1  8  33 1 1 1
     328  1  8  34 1 1 1
     329  1  8  35 1 1 1
     330  1  8  36 1 1 1
     331  1  8  37 1 1 1
     332  1  8  38 1 1 1
     333  1  8  39 1 1 1
     334  1  8  40 1 1 1
     335  1  8  41 1 1 1
     336  1  8  42 1 1 1
     337  1  9  1 1 1 1
     338  1  9  2 1 1 1
     339  1  9  3 1 1 1
     340  1  9  4 1 1 1
     341  1  9  5 1 1 1
     342  1  9  6 1 1 1
     343  1  9  7 1 1 1
     344  1  9  8 1 1 1
     345  1  9  9 1 1 1
     346  1  9  10 1 1 1
     347  1  9  11 1 1 1
     348  1  9  12 1 1 1
     349  1  9  13 1 1 1
     350  1  9  14 1 1 1
     351  1  9  15 1 1 1
     352  1  9  16 1 1 1
     353  1  9  17 1 1 1
     354  1  9  18 1 1 1
     355  1  9  19 1 1 1
     356  1  9  20 1 1 1
     357  1  9  21 1 1 1
     358  1  9  22 1 1 1
     359  1  9  23 1 1 1
     360  1  9  24 1 1 1
     361  1  9  25 1 1 1
     362  1  9  26 1 1 1
     363  1  9  27 1 1 1
     364  1  9  28 1 1 1
     365  1  9  29 1 1 1
     366  1  9  30 1 1 1
     367  1  9  31 1 1 1
     368  1  9  32 1 1 1
     369  1  9  33 1 1 1
     370  1  9  34 1 1 1
     371  1  9  35 1 1 1
     372  1  9  36 1 1 1
     373  1  9  37 1 1 1
     374  1  9  38 1 1 1
     375  1  9  39 1 1 1
     376  1  9  40 1 1 1
     377  1  9  41 1 1 1
     378  1  9  42 1 1 1
     379  1  10  1 1 1 1
     380  1  10  2 1 1 1
     381  1  10  3 1 1 1
     382  1  10  4 1 1 1
     383  1  10  5 1 1 1
     384  1  10  6 1 1 1
     385  1  10  7 1 1 1
     386  1  10  8 1 1 1
     387  1  10  9 1 1 1
     388  1  10  10 1 1 1
     389  1  10  11 1 1 1
     390  1  10  12 1 1 1
     391  1  10  13 1 1 1
     392  1  10  14 1 1 1
     393  1  10  15 1 1 1
     394  1  10  16 1 1 1
     395  1  10  17 1 1 1
     396  1  10  18 1 1 1
     397  1  10  19 1 1 1
     398  1  10  20 1 1 1
     399  1  10  21 1 1 1
     400  1  10  22 1 1 1
     401  1  10  23 1 1 1
     402  1  10  24 1 1 1
     403  1  10  25 1 1 1
     404  1  10  26 1 1 1
     405  1  10  27 1 1 1
     406  1  10  28 1 1 1
     407  1  10  29 1 1 1
     408  1  10  30 1 1 1
     409  1  10  31 1 1 1
     410  1  10  32 1 1 1
     411  1  10  33 1 1 1
     412  1  10  34 1 1 1
     413  1  10  35 1 1 1
     414  1  10  36 1 1 1
     415  1  10  37 1 1 1
     416  1  10  38 1 1 1
     417  1  10  39 1 1 1
     418  1  10  40 1 1 1
     419  1  10  41 1 1 1
     420  1  10  42 1 1 1
     421  1  11  1 1 1 1
     422  1  11  2 1 1 1
     423  1  11  3 1 1 1
     424  1  11  4 1 1 1
     425  1  11  5 1 1 1
     426  1  11  6 1 1 1
     427  1  11  7 1 1 1
     428  1  11  8 1 1 1
     429  1  11  9 1 1 1
     430  1  11  10 1 1 1
     431  1  11  11 1 1 1
     432  1  11  12 1 1 1
     433  1  11  13 1 1 1
     434  1  11  14 1 1 1
     435  1  11  15 1 1 1
     436  1  11  16 1 1 1
     437  1  11  17 1 1 1
     438  1  11  18 1 1 1
     439  1  11  19 1 1 1
     440  1  11  20 1 1 1
     441  1  11  21 1 1 1
     442  1  11  22 1 1 1
     443  1  11  23 1 1 1
     444  1  11  24 1 1 1
     445  1  11  25 1 1 1
     446  1  11  26 1 1 1
     447  1  11  27 1 1 1
     448  1  11  28 1 1 1
     449  1  11  29 1 1 1
     450  1  11  30 1 1 1
     451  1  11  31 1 1 1
     452  1  11  32 1 1 1
     453  1  11  33 1 1 1
     454  1  11  34 1 1 1
     455  1  11  35 1 1 1
     456  1  11  36 1 1 1
     457  1  11  37 1 1 1
     458  1  11  38 1 1 1
     459  1  11  39 1 1 1
     460  1  11  40 1 1 1
     461  1  11  41 1 1 1
     462  1  11  42 1 1 1
     463  1  12  1 1 1 1
     464  1  12  2 1 1 1
     465  1  12  3 1 1 1
     466  1  12  4 1 1 1
     467  1  12  5 1 1 1
     468  1  12  6 1 1 1
     469  1  12  7 1 1 1
     470  1  12  8 1 1 1
     471  1  12  9 1 1 1
     472  1  12  10 1 1 1
     473  1  12  11 1 1 1
     474  1  12  12 1 1 1
     475  1  12  13 1 1 1
     476  1  12  14 1 1 1
     477  1  12  15 1 1 1
     478  1  12  16 1 1 1
     479  1  12  17 1 1 1
     480  1  12  18 1 1 1
     481  1  12  19 1 1 1
     482  1  12  20 1 1 1
     483  1  12  21 1 1 1
     484  1  12  22 1 1 1
     485  1  12  23 1 1 1
     486  1  12  24 1 1 1
     487  1  12  25 1 1 1
     488  1  12  26 1 1 1
     489  1  12  27 1 1 1
     490  1  12  28 1 1 1
     491  1  12  29 1 1 1
     492  1  12  30 1 1 1
     493  1  12  31 1 1 1
     494  1  12  32 1 1 1
     495  1  12  33 1 1 1
     496  1  12  34 1 1 1
     497  1  12  35 1 1 1
     498  1  12  36 1 1 1
     499  1  12  37 1 1 1
     500  1  12  38 1 1 1
     501  1  12  39 1 1 1
     502  1  12  40 1 1 1
     503  1  12  41 1 1 1
     504  1  12  42 1 1 1
     505  1  13  1 1 1 1
     506  1  13  2 1 1 1
     507  1  13  3 1 1 1
     508  1  13  4 1 1 1
     509  1  13  5 1 1 1
     510  1  13  6 1 1 1
     511  1  13  7 1 1 1
     512  1  13  8 1 1 1
     513  1  13  9 1 1 1
     514  1  13  10 1 1 1
     515  1  13  11 1 1 1
     516  1  13  12 1 1 1
     517  1  13  13 1 1 1
     518  1  13  14 1 1 1
     519  1  13  15 1 1 1
     520  1  13  16 1 1 1
     521  1  13  17 1 1 1
     522  1  13  18 1 1 1
     523  1  13  19 1 1 1
     524  1  13  20 1 1 1
     525  1  13  21 1 1 1
     526  1  13  22 1 1 1
     527  1  13  23 1 1 1
     528  1  13  24 1 1 1
     529  1  13  25 1 1 1
     530  1  13  26 1 1 1
     531  1  13  27 1 1 1
     532  1  13  28 1 1 1
     533  1  13  29 1 1 1
     534  1  13  30 1 1 1
     535  1  13  31 1 1 1
     536  1  13  32 1 1 1
     537  1  13  33 1 1 1
     538  1  13  34 1 1 1
     539  1  13  35 1 1 1
     540  1  13  36 1 1 1
     541  1  13  37 1 1 1
     542  1  13  38 1 1 1
     543  1  13  39 1 1 1
     544  1  13  40 1 1 1
     545  1  13  41 1 1 1
     546  1  13  42 1 1 1
     547  1  14  1 1 1 1
     548  1  14  2 1 1 1
     549  1  14  3 1 1 1
     550  1  14  4 1 1 1
     551  1  14  5 1 1 1
     552  1  14  6 1 1 1
     553  1  14  7 1 1 1
     554  1  14  8 1 1 1
     555  1  14  9 1 1 1
     556  1  14  10 1 1 1
     557  1  14  11 1 1 1
     558  1  14  12 1 1 1
     559  1  14  13 1 1 1
     560  1  14  14 1 1 1
     561  1  14  15 1 1 1
     562  1  14  16 1 1 1
     563  1  14  17 1 1 1
     564  1  14  18 1 1 1
     565  1  14  19 1 1 1
     566  1  14  20 1 1 1
     567  1  14  21 1 1 1
     568  1  14  22 1 1 1
     569  1  14  23 1 1 1
     570  1  14  24 1 1 1
     571  1  14  25 1 1 1
     572  1  14  26 1 1 1
     573  1  14  27 1 1 1
     574  1  14  28 1 1 1
     575  1  14  29 1 1 1
     576  1  14  30 1 1 1
     577  1  14  31 1 1 1
     578  1  14  32 1 1 1
     579  1  14  33 1 1 1
     580  1  14  34 1 1 1
     581  1  14  35 1 1 1
     582  1  14  36 1 1 1
     583  1  14  37 1 1 1
     584  1  14  38 1 1 1
     585  1  14  39 1 1 1
     586  1  14  40 1 1 1
     587  1  14  41 1 1 1
     588  1  14  42 1 1 1
     589  1  15  1 1 1 1
     590  1  15  2 1 1 1
     591  1  15  3 1 1 1
     592  1  15  4 1 1 1
     593  1  15  5 1 1 1
     594  1  15  6 1 1 1
     595  1  15  7 1 1 1
     596  1  15  8 1 1 1
     597  1  15  9 1 1 1
     598  1  15  10 1 1 1
     599  1  15  11 1 1 1
     600  1  15  12 1 1 1
     601  1  15  13 1 1 1
     602  1  15  14 1 1 1
     603  1  15  15 1 1 1
     604  1  15  16 1 1 1
     605  1  15  17 1 1 1
     606  1  15  18 1 1 1
     607  1  15  19 1 1 1
     608  1  15  20 1 1 1
     609  1  15  21 1 1 1
     610  1  15  22 1 1 1
     611  1  15  23 1 1 1
     612  1  15  24 1 1 1
     613  1  15  25 1 1 1
     614  1  15  26 1 1 1
     615  1  15  27 1 1 1
     616  1  15  28 1 1 1
     617  1  15  29 1 1 1
     618  1  15  30 1 1 1
     619  1  15  31 1 1 1
     620  1  15  32 1 1 1
     621  1  15  33 1 1 1
     622  1  15  34 1 1 1
     623  1  15  35 1 1 1
     624  1  15  36 1 1 1
     625  1  15  37 1 1 1
     626  1  15  38 1 1 1
     627  1  15  39 1 1 1
     628  1  15  40 1 1 1
     629  1  15  41 1 1 1
     630  1  15  42 1 1 1
     631  1  16  1 1 1 1
     632  1  16  2 1 1 1
     633  1  16  3 1 1 1
     634  1  16  4 1 1 1
     635  1  16  5 1 1 1
     636  1  16  6 1 1 1
     637  1  16  7 1 1 1
     638  1  16  8 1 1 1
     639  1  16  9 1 1 1
     640  1  16  10 1 1 1
     641  1  16  11 1 1 1
     642  1  16  12 1 1 1
     643  1  16  13 1 1 1
     644  1  16  14 1 1 1
     645  1  16  15 1 1 1
     646  1  16  16 1 1 1
     647  1  16  17 1 1 1
     648  1  16  18 1 1 1
     649  1  16  19 1 1 1
     650  1  16  20 1 1 1
     651  1  16  21 1 1 1
     652  1  16  22 1 1 1
     653  1  16  23 1 1 1
     654  1  16  24 1 1 1
     655  1  16  25 1 1 1
     656  1  16  26 1 1 1
     657  1  16  27 1 1 1
     658  1  16  28 1 1 1
     659  1  16  29 1 1 1
     660  1  16  30 1 1 1
     661  1  16  31 1 1 1
     662  1  16  32 1 1 1
     663  1  16  33 1 1 1
     664  1  16  34 1 1 1
     665  1  16  35 1 1 1
     666  1  16  36 1 1 1
     667  1  16  37 1 1 1
     668  1  16  38 1 1 1
     669  1  16  39 1 1 1
     670  1  16  40 1 1 1
     671  1  16  41 1 1 1
     672  1  16  42 1 1 1
     673  1  17  1 1 1 1
     674  1  17  2 1 1 1
     675  1  17  3 1 1 1
     676  1  17  4 1 1 1
     677  1  17  5 1 1 1
     678  1  17  6 1 1 1
     679  1  17  7 1 1 1
     680  1  17  8 1 1 1
     681  1  17  9 1 1 1
     682  1  17  10 1 1 1
     683  1  17  11 1 1 1
     684  1  17  12 1 1 1
     685  1  17  13 1 1 1
     686  1  17  14 1 1 1
     687  1  17  15 1 1 1
     688  1  17  16 1 1 1
     689  1  17  17 1 1 1
     690  1  17  18 1 1 1
     691  1  17  19 1 1 1
     692  1  17  20 1 1 1
     693  1  17  21 1 1 1
     694  1  17  22 1 1 1
     695  1  17  23 1 1 1
     696  1  17  24 1 1 1
     697  1  17  25 1 1 1
     698  1  17  26 1 1 1
     699  1  17  27 1 1 1
     700  1  17  28 1 1 1
     701  1  17  29 1 1 1
     702  1  17  30 1 1 1
     703  1  17  31 1 1 1
     704  1  17  32 1 1 1
     705  1  17  33 1 1 1
     706  1  17  34 1 1 1
     707  1  17  35 1 1 1
     708  1  17  36 1 1 1
     709  1  17  37 1 1 1
     710  1  17  38 1 1 1
     711  1  17  39 1 1 1
     712  1  17  40 1 1 1
     713  1  17  41 1 1 1
     714  1  17  42 1 1 1
     715  1  18  1 1 1 1
     716  1  18  2 1 1 1
     717  1  18  3 1 1 1
     718  1  18  4 1 1 1
     719  1  18  5 1 1 1
     720  1  18  6 1 1 1
     721  1  18  7 1 1 1
     722  1  18  8 1 1 1
     723  1  18  9 1 1 1
     724  1  18  10 1 1 1
     725  1  18  11 1 1 1
     726  1  18  12 1 1 1
     727  1  18  13 1 1 1
     728  1  18  14 1 1 1
     729  1  18  15 1 1 1
     730  1  18  16 1 1 1
     731  1  18  17 1 1 1
     732  1  18  18 1 1 1
     733  1  18  19 1 1 1
     734  1  18  20 1 1 1
     735  1  18  21 1 1 1
     736  1  18  22 1 1 1
     737  1  18  23 1 1 1
     738  1  18  24 1 1 1
     739  1  18  25 1 1 1
     740  1  18  26 1 1 1
     741  1  18  27 1 1 1
     742  1  18  28 1 1 1
     743  1  18  29 1 1 1
     744  1  18  30 1 1 1
     745  1  18  31 1 1 1
     746  1  18  32 1 1 1
     747  1  18  33 1 1 1
     748  1  18  34 1 1 1
     749  1  18  35 1 1 1
     750  1  18  36 1 1 1
     751  1  18  37 1 1 1
     752  1  18  38 1 1 1
     753  1  18  39 1 1 1
     754  1  18  40 1 1 1
     755  1  18  41 1 1 1
     756  1  18  42 1 1 1