>GEOMETRY   rect_prism; AX,AY,AZ= 0.7482 0.7482 0.7482
     3108 = NAT 
  1.000000  0.000000  0.000000 = A_1 vector
  0.000000  1.000000  0.000000 = A_2 vector
  1.000000  1.000000  1.000000 = lattice spacings (d_x,d_y,d_z)/d
 -0.01860 -0.18205 -0.10425 = lattice offset x0(1-3) = (x_TF, y_TF, z_TF)/d for dipole 0 0 0
     JA  IX  IY  IZ ICOMP(x,y,z)
     1  1  1  1 1 1 1
     2  1  1  2 1 1 1
     3  1  1  3 1 1 1
     4  1  1  4 1 1 1
     5  1  1  5 1 1 1
     6  1  1  6 1 1 1
     7  1  1  7 1 1 1
     8  1  1  8 1 1 1
     9  1  1  9 1 1 1
     10  1  1  10 1 1 1
     11  1  1  11 1 1 1
     12  1  1  12 1 1 1
     13  1  1  13 1 1 1
     14  1  1  14 1 1 1
     15  1  1  15 1 1 1
     16  1  1  16 1 1 1
     17  1  1  17 1 1 1
     18  1  1  18 1 1 1
     19  1  1  19 1 1 1
     20  1  1  20 1 1 1
     21  1  1  21 1 1 1
     22  1  2  1 1 1 1
     23  1  2  2 1 1 1
     24  1  2  3 1 1 1
     25  1  2  4 1 1 1
     26  1  2  5 1 1 1
     27  1  2  6 1 1 1
     28  1  2  7 1 1 1
     29  1  2  8 1 1 1
     30  1  2  9 1 1 1
     31  1  2  10 1 1 1
     32  1  2  11 1 1 1
     33  1  2  12 1 1 1
     34  1  2  13 1 1 1
     35  1  2  14 1 1 1
     36  1  2  15 1 1 1
     37  1  2  16 1 1 1
     38  1  2  17 1 1 1
     39  1  2  18 1 1 1
     40  1  2  19 1 1 1
     41  1  2  20 1 1 1
     42  1  2  21 1 1 1
     43  1  3  1 1 1 1
     44  1  3  2 1 1 1
     45  1  3  3 1 1 1
     46  1  3  4 1 1 1
     47  1  3  5 1 1 1
     48  1  3  6 1 1 1
     49  1  3  7 1 1 1
     50  1  3  8 1 1 1
     51  1  3  9 1 1 1
     52  1  3  10 1 1 1
     53  1  3  11 1 1 1
     54  1  3  12 1 1 1
     55  1  3  13 1 1 1
     56  1  3  14 1 1 1
     57  1  3  15 1 1 1
     58  1  3  16 1 1 1
     59  1  3  17 1 1 1
     60  1  3  18 1 1 1
     61  1  3  19 1 1 1
     62  1  3  20 1 1 1
     63  1  3  21 1 1 1
     64  1  4  1 1 1 1
     65  1  4  2 1 1 1
     66  1  4  3 1 1 1
     67  1  4  4 1 1 1
     68  1  4  5 1 1 1
     69  1  4  6 1 1 1
     70  1  4  7 1 1 1
     71  1  4  8 1 1 1
     72  1  4  9 1 1 1
     73  1  4  10 1 1 1
     74  1  4  11 1 1 1
     75  1  4  12 1 1 1
     76  1  4  13 1 1 1
     77  1  4  14 1 1 1
     78  1  4  15 1 1 1
     79  1  4  16 1 1 1
     80  1  4  17 1 1 1
     81  1  4  18 1 1 1
     82  1  4  19 1 1 1
     83  1  4  20 1 1 1
     84  1  4  21 1 1 1
     85  1  5  1 1 1 1
     86  1  5  2 1 1 1
     87  1  5  3 1 1 1
     88  1  5  4 1 1 1
     89  1  5  5 1 1 1
     90  1  5  6 1 1 1
     91  1  5  7 1 1 1
     92  1  5  8 1 1 1
     93  1  5  9 1 1 1
     94  1  5  10 1 1 1
     95  1  5  11 1 1 1
     96  1  5  12 1 1 1
     97  1  5  13 1 1 1
     98  1  5  14 1 1 1
     99  1  5  15 1 1 1
     100  1  5  16 1 1 1
     101  1  5  17 1 1 1
     102  1  5  18 1 1 1
     103  1  5  19 1 1 1
     104  1  5  20 1 1 1
     105  1  5  21 1 1 1
     106  1  6  1 1 1 1
     107  1  6  2 1 1 1
     108  1  6  3 1 1 1
     109  1  6  4 1 1 1
     110  1  6  5 1 1 1
     111  1  6  6 1 1 1
     112  1  6  7 1 1 1
     113  1  6  8 1 1 1
     114  1  6  9 1 1 1
     115  1  6  10 1 1 1
     116  1  6  11 1 1 1
     117  1  6  12 1 1 1
     118  1  6  13 1 1 1
     119  1  6  14 1 1 1
     120  1  6  15 1 1 1
     121  1  6  16 1 1 1
     122  1  6  17 1 1 1
     123  1  6  18 1 1 1
     124  1  6  19 1 1 1
     125  1  6  20 1 1 1
     126  1  6  21 1 1 1
     127  1  7  1 1 1 1
     128  1  7  2 1 1 1
     129  1  7  3 1 1 1
     130  1  7  4 1 1 1
     131  1  7  5 1 1 1
     132  1  7  6 1 1 1
     133  1  7  7 1 1 1
     134  1  7  8 1 1 1
     135  1  7  9 1 1 1
     136  1  7  10 1 1 1
     137  1  7  11 1 1 1
     138  1  7  12 1 1 1
     139  1  7  13 1 1 1
     140  1  7  14 1 1 1
     141  1  7  15 1 1 1
     142  1  7  16 1 1 1
     143  1  7  17 1 1 1
     144  1  7  18 1 1 1
     145  1  7  19 1 1 1
     146  1  7  20 1 1 1
     147  1  7  21 1 1 1
     148  1  8  1 1 1 1
     149  1  8  2 1 1 1
     150  1  8  3 1 1 1
     151  1  8  4 1 1 1
     152  1  8  5 1 1 1
     153  1  8  6 1 1 1
     154  1  8  7 1 1 1
     155  1  8  8 1 1 1
     156  1  8  9 1 1 1
     157  1  8  10 1 1 1
     158  1  8  11 1 1 1
     159  1  8  12 1 1 1
     160  1  8  13 1 1 1
     161  1  8  14 1 1 1
     162  1  8  15 1 1 1
     163  1  8  16 1 1 1
     164  1  8  17 1 1 1
     165  1  8  18 1 1 1
     166  1  8  19 1 1 1
     167  1  8  20 1 1 1
     168  1  8  21 1 1 1
     169  1  9  1 1 1 1
     170  1  9  2 1 1 1
     171  1  9  3 1 1 1
     172  1  9  4 1 1 1
     173  1  9  5 1 1 1
     174  1  9  6 1 1 1
     175  1  9  7 1 1 1
     176  1  9  8 1 1 1
     177  1  9  9 1 1 1
     178  1  9  10 1 1 1
     179  1  9  11 1 1 1
     180  1  9  12 1 1 1
     181  1  9  13 1 1 1
     182  1  9  14 1 1 1
     183  1  9  15 1 1 1
     184  1  9  16 1 1 1
     185  1  9  17 1 1 1
     186  1  9  18 1 1 1
     187  1  9  19 1 1 1
     188  1  9  20 1 1 1
     189  1  9  21 1 1 1
     190  1  10  1 1 1 1
     191  1  10  2 1 1 1
     192  1  10  3 1 1 1
     193  1  10  4 1 1 1
     194  1  10  5 1 1 1
     195  1  10  6 1 1 1
     196  1  10  7 1 1 1
     197  1  10  8 1 1 1
     198  1  10  9 1 1 1
     199  1  10  10 1 1 1
     200  1  10  11 1 1 1
     201  1  10  12 1 1 1
     202  1  10  13 1 1 1
     203  1  10  14 1 1 1
     204  1  10  15 1 1 1
     205  1  10  16 1 1 1
     206  1  10  17 1 1 1
     207  1  10  18 1 1 1
     208  1  10  19 1 1 1
     209  1  10  20 1 1 1
     210  1  10  21 1 1 1
     211  1  11  1 1 1 1
     212  1  11  2 1 1 1
     213  1  11  3 1 1 1
     214  1  11  4 1 1 1
     215  1  11  5 1 1 1
     216  1  11  6 1 1 1
     217  1  11  7 1 1 1
     218  1  11  8 1 1 1
     219  1  11  9 1 1 1
     220  1  11  10 1 1 1
     221  1  11  11 1 1 1
     222  1  11  12 1 1 1
     223  1  11  13 1 1 1
     224  1  11  14 1 1 1
     225  1  11  15 1 1 1
     226  1  11  16 1 1 1
     227  1  11  17 1 1 1
     228  1  11  18 1 1 1
     229  1  11  19 1 1 1
     230  1  11  20 1 1 1
     231  1  11  21 1 1 1
     232  1  12  1 1 1 1
     233  1  12  2 1 1 1
     234  1  12  3 1 1 1
     235  1  12  4 1 1 1
     236  1  12  5 1 1 1
     237  1  12  6 1 1 1
     238  1  12  7 1 1 1
     239  1  12  8 1 1 1
     240  1  12  9 1 1 1
     241  1  12  10 1 1 1
     242  1  12  11 1 1 1
     243  1  12  12 1 1 1
     244  1  12  13 1 1 1
     245  1  12  14 1 1 1
     246  1  12  15 1 1 1
     247  1  12  16 1 1 1
     248  1  12  17 1 1 1
     249  1  12  18 1 1 1
     250  1  12  19 1 1 1
     251  1  12  20 1 1 1
     252  1  12  21 1 1 1
     253  1  13  1 1 1 1
     254  1  13  2 1 1 1
     255  1  13  3 1 1 1
     256  1  13  4 1 1 1
     257  1  13  5 1 1 1
     258  1  13  6 1 1 1
     259  1  13  7 1 1 1
     260  1  13  8 1 1 1
     261  1  13  9 1 1 1
     262  1  13  10 1 1 1
     263  1  13  11 1 1 1
     264  1  13  12 1 1 1
     265  1  13  13 1 1 1
     266  1  13  14 1 1 1
     267  1  13  15 1 1 1
     268  1  13  16 1 1 1
     269  1  13  17 1 1 1
     270  1  13  18 1 1 1
     271  1  13  19 1 1 1
     272  1  13  20 1 1 1
     273  1  13  21 1 1 1
     274  1  14  1 1 1 1
     275  1  14  2 1 1 1
     276  1  14  3 1 1 1
     277  1  14  4 1 1 1
     278  1  14  5 1 1 1
     279  1  14  6 1 1 1
     280  1  14  7 1 1 1
     281  1  14  8 1 1 1
     282  1  14  9 1 1 1
     283  1  14  10 1 1 1
     284  1  14  11 1 1 1
     285  1  14  12 1 1 1
     286  1  14  13 1 1 1
     287  1  14  14 1 1 1
     288  1  14  15 1 1 1
     289  1  14  16 1 1 1
     290  1  14  17 1 1 1
     291  1  14  18 1 1 1
     292  1  14  19 1 1 1
     293  1  14  20 1 1 1
     294  1  14  21 1 1 1
     295  1  15  1 1 1 1
     296  1  15  2 1 1 1
     297  1  15  3 1 1 1
     298  1  15  4 1 1 1
     299  1  15  5 1 1 1
     300  1  15  6 1 1 1
     301  1  15  7 1 1 1
     302  1  15  8 1 1 1
     303  1  15  9 1 1 1
     304  1  15  10 1 1 1
     305  1  15  11 1 1 1
     306  1  15  12 1 1 1
     307  1  15  13 1 1 1
     308  1  15  14 1 1 1
     309  1  15  15 1 1 1
     310  1  15  16 1 1 1
     311  1  15  17 1 1 1
     312  1  15  18 1 1 1
     313  1  15  19 1 1 1
     314  1  15  20 1 1 1
     315  1  15  21 1 1 1
     316  1  16  1 1 1 1
     317  1  16  2 1 1 1
     318  1  16  3 1 1 1
     319  1  16  4 1 1 1
     320  1  16  5 1 1 1
     321  1  16  6 1 1 1
     322  1  16  7 1 1 1
     323  1  16  8 1 1 1
     324  1  16  9 1 1 1
     325  1  16  10 1 1 1
     326  1  16  11 1 1 1
     327  1  16  12 1 1 1
     328  1  16  13 1 1 1
     329  1  16  14 1 1 1
     330  1  16  15 1 1 1
     331  1  16  16 1 1 1
     332  1  16  17 1 1 1
     333  1  16  18 1 1 1
     334  1  16  19 1 1 1
     335  1  16  20 1 1 1
     336  1  16  21 1 1 1
     337  1  17  1 1 1 1
     338  1  17  2 1 1 1
     339  1  17  3 1 1 1
     340  1  17  4 1 1 1
     341  1  17  5 1 1 1
     342  1  17  6 1 1 1
     343  1  17  7 1 1 1
     344  1  17  8 1 1 1
     345  1  17  9 1 1 1
     346  1  17  10 1 1 1
     347  1  17  11 1 1 1
     348  1  17  12 1 1 1
     349  1  17  13 1 1 1
     350  1  17  14 1 1 1
     351  1  17  15 1 1 1
     352  1  17  16 1 1 1
     353  1  17  17 1 1 1
     354  1  17  18 1 1 1
     355  1  17  19 1 1 1
     356  1  17  20 1 1 1
     357  1  17  21 1 1 1
     358  1  18  1 1 1 1
     359  1  18  2 1 1 1
     360  1  18  3 1 1 1
     361  1  18  4 1 1 1
     362  1  18  5 1 1 1
     363  1  18  6 1 1 1
     364  1  18  7 1 1 1
     365  1  18  8 1 1 1
     366  1  18  9 1 1 1
     367  1  18  10 1 1 1
     368  1  18  11 1 1 1
     369  1  18  12 1 1 1
     370  1  18  13 1 1 1
     371  1  18  14 1 1 1
     372  1  18  15 1 1 1
     373  1  18  16 1 1 1
     374  1  18  17 1 1 1
     375  1  18  18 1 1 1
     376  1  18  19 1 1 1
     377  1  18  20 1 1 1
     378  1  18  21 1 1 1
     379  1  19  1 1 1 1
     380  1  19  2 1 1 1
     381  1  19  3 1 1 1
     382  1  19  4 1 1 1
     383  1  19  5 1 1 1
     384  1  19  6 1 1 1
     385  1  19  7 1 1 1
     386  1  19  8 1 1 1
     387  1  19  9 1 1 1
     388  1  19  10 1 1 1
     389  1  19  11 1 1 1
     390  1  19  12 1 1 1
     391  1  19  13 1 1 1
     392  1  19  14 1 1 1
     393  1  19  15 1 1 1
     394  1  19  16 1 1 1
     395  1  19  17 1 1 1
     396  1  19  18 1 1 1
     397  1  19  19 1 1 1
     398  1  19  20 1 1 1
     399  1  19  21 1 1 1
     400  1  20  1 1 1 1
     401  1  20  2 1 1 1
     402  1  20  3 1 1 1
     403  1  20  4 1 1 1
     404  1  20  5 1 1 1
     405  1  20  6 1 1 1
     406  1  20  7 1 1 1
     407  1  20  8 1 1 1
     408  1  20  9 1 1 1
     409  1  20  10 1 1 1
     410  1  20  11 1 1 1
     411  1  20  12 1 1 1
     412  1  20  13 1 1 1
     413  1  20  14 1 1 1
     414  1  20  15 1 1 1
     415  1  20  16 1 1 1
     416  1  20  17 1 1 1
     417  1  20  18 1 1 1
     418  1  20  19 1 1 1
     419  1  20  20 1 1 1
     420  1  20  21 1 1 1
     421  1  21  1 1 1 1
     422  1  21  2 1 1 1
     423  1  21  3 1 1 1
     424  1  21  4 1 1 1
     425  1  21  5 1 1 1
     426  1  21  6 1 1 1
     427  1  21  7 1 1 1
     428  1  21  8 1 1 1
     429  1  21  9 1 1 1
     430  1  21  10 1 1 1
     431  1  21  11 1 1 1
     432  1  21  12 1 1 1
     433  1  21  13 1 1 1
     434  1  21  14 1 1 1
     435  1  21  15 1 1 1
     436  1  21  16 1 1 1
     437  1  21  17 1 1 1
     438  1  21  18 1 1 1
     439  1  21  19 1 1 1
     440  1  21  20 1 1 1
     441  1  21  21 1 1 1
     442  1  22  1 1 1 1
     443  1  22  2 1 1 1
     444  1  22  3 1 1 1
     445  1  22  4 1 1 1
     446  1  22  5 1 1 1
     447  1  22  6 1 1 1
     448  1  22  7 1 1 1
     449  1  22  8 1 1 1
     450  1  22  9 1 1 1
     451  1  22  10 1 1 1
     452  1  22  11 1 1 1
     453  1  22  12 1 1 1
     454  1  22  13 1 1 1
     455  1  22  14 1 1 1
     456  1  22  15 1 1 1
     457  1  22  16 1 1 1
     458  1  22  17 1 1 1
     459  1  22  18 1 1 1
     460  1  22  19 1 1 1
     461  1  22  20 1 1 1
     462  1  22  21 1 1 1
     463  1  23  1 1 1 1
     464  1  23  2 1 1 1
     465  1  23  3 1 1 1
     466  1  23  4 1 1 1
     467  1  23  5 1 1 1
     468  1  23  6 1 1 1
     469  1  23  7 1 1 1
     470  1  23  8 1 1 1
     471  1  23  9 1 1 1
     472  1  23  10 1 1 1
     473  1  23  11 1 1 1
     474  1  23  12 1 1 1
     475  1  23  13 1 1 1
     476  1  23  14 1 1 1
     477  1  23  15 1 1 1
     478  1  23  16 1 1 1
     479  1  23  17 1 1 1
     480  1  23  18 1 1 1
     481  1  23  19 1 1 1
     482  1  23  20 1 1 1
     483  1  23  21 1 1 1
     484  1  24  1 1 1 1
     485  1  24  2 1 1 1
     486  1  24  3 1 1 1
     487  1  24  4 1 1 1
     488  1  24  5 1 1 1
     489  1  24  6 1 1 1
     490  1  24  7 1 1 1
     491  1  24  8 1 1 1
     492  1  24  9 1 1 1
     493  1  24  10 1 1 1
     494  1  24  11 1 1 1
     495  1  24  12 1 1 1
     496  1  24  13 1 1 1
     497  1  24  14 1 1 1
     498  1  24  15 1 1 1
     499  1  24  16 1 1 1
     500  1  24  17 1 1 1
     501  1  24  18 1 1 1
     502  1  24  19 1 1 1
     503  1  24  20 1 1 1
     504  1  24  21 1 1 1
     505  1  25  1 1 1 1
     506  1  25  2 1 1 1
     507  1  25  3 1 1 1
     508  1  25  4 1 1 1
     509  1  25  5 1 1 1
     510  1  25  6 1 1 1
     511  1  25  7 1 1 1
     512  1  25  8 1 1 1
     513  1  25  9 1 1 1
     514  1  25  10 1 1 1
     515  1  25  11 1 1 1
     516  1  25  12 1 1 1
     517  1  25  13 1 1 1
     518  1  25  14 1 1 1
     519  1  25  15 1 1 1
     520  1  25  16 1 1 1
     521  1  25  17 1 1 1
     522  1  25  18 1 1 1
     523  1  25  19 1 1 1
     524  1  25  20 1 1 1
     525  1  25  21 1 1 1
     526  1  26  1 1 1 1
     527  1  26  2 1 1 1
     528  1  26  3 1 1 1
     529  1  26  4 1 1 1
     530  1  26  5 1 1 1
     531  1  26  6 1 1 1
     532  1  26  7 1 1 1
     533  1  26  8 1 1 1
     534  1  26  9 1 1 1
     535  1  26  10 1 1 1
     536  1  26  11 1 1 1
     537  1  26  12 1 1 1
     538  1  26  13 1 1 1
     539  1  26  14 1 1 1
     540  1  26  15 1 1 1
     541  1  26  16 1 1 1
     542  1  26  17 1 1 1
     543  1  26  18 1 1 1
     544  1  26  19 1 1 1
     545  1  26  20 1 1 1
     546  1  26  21 1 1 1
     547  1  27  1 1 1 1
     548  1  27  2 1 1 1
     549  1  27  3 1 1 1
     550  1  27  4 1 1 1
     551  1  27  5 1 1 1
     552  1  27  6 1 1 1
     553  1  27  7 1 1 1
     554  1  27  8 1 1 1
     555  1  27  9 1 1 1
     556  1  27  10 1 1 1
     557  1  27  11 1 1 1
     558  1  27  12 1 1 1
     559  1  27  13 1 1 1
     560  1  27  14 1 1 1
     561  1  27  15 1 1 1
     562  1  27  16 1 1 1
     563  1  27  17 1 1 1
     564  1  27  18 1 1 1
     565  1  27  19 1 1 1
     566  1  27  20 1 1 1
     567  1  27  21 1 1 1
     568  1  28  1 1 1 1
     569  1  28  2 1 1 1
     570  1  28  3 1 1 1
     571  1  28  4 1 1 1
     572  1  28  5 1 1 1
     573  1  28  6 1 1 1
     574  1  28  7 1 1 1
     575  1  28  8 1 1 1
     576  1  28  9 1 1 1
     577  1  28  10 1 1 1
     578  1  28  11 1 1 1
     579  1  28  12 1 1 1
     580  1  28  13 1 1 1
     581  1  28  14 1 1 1
     582  1  28  15 1 1 1
     583  1  28  16 1 1 1
     584  1  28  17 1 1 1
     585  1  28  18 1 1 1
     586  1  28  19 1 1 1
     587  1  28  20 1 1 1
     588  1  28  21 1 1 1
     589  1  29  1 1 1 1
     590  1  29  2 1 1 1
     591  1  29  3 1 1 1
     592  1  29  4 1 1 1
     593  1  29  5 1 1 1
     594  1  29  6 1 1 1
     595  1  29  7 1 1 1
     596  1  29  8 1 1 1
     597  1  29  9 1 1 1
     598  1  29  10 1 1 1
     599  1  29  11 1 1 1
     600  1  29  12 1 1 1
     601  1  29  13 1 1 1
     602  1  29  14 1 1 1
     603  1  29  15 1 1 1
     604  1  29  16 1 1 1
     605  1  29  17 1 1 1
     606  1  29  18 1 1 1
     607  1  29  19 1 1 1
     608  1  29  20 1 1 1
     609  1  29  21 1 1 1
     610  1  30  1 1 1 1
     611  1  30  2 1 1 1
     612  1  30  3 1 1 1
     613  1  30  4 1 1 1
     614  1  30  5 1 1 1
     615  1  30  6 1 1 1
     616  1  30  7 1 1 1
     617  1  30  8 1 1 1
     618  1  30  9 1 1 1
     619  1  30  10 1 1 1
     620  1  30  11 1 1 1
     621  1  30  12 1 1 1
     622  1  30  13 1 1 1
     623  1  30  14 1 1 1
     624  1  30  15 1 1 1
     625  1  30  16 1 1 1
     626  1  30  17 1 1 1
     627  1  30  18 1 1 1
     628  1  30  19 1 1 1
     629  1  30  20 1 1 1
     630  1  30  21 1 1 1
     631  1  31  1 1 1 1
     632  1  31  2 1 1 1
     633  1  31  3 1 1 1
     634  1  31  4 1 1 1
     635  1  31  5 1 1 1
     636  1  31  6 1 1 1
     637  1  31  7 1 1 1
     638  1  31  8 1 1 1
     639  1  31  9 1 1 1
     640  1  31  10 1 1 1
     641  1  31  11 1 1 1
     642  1  31  12 1 1 1
     643  1  31  13 1 1 1
     644  1  31  14 1 1 1
     645  1  31  15 1 1 1
     646  1  31  16 1 1 1
     647  1  31  17 1 1 1
     648  1  31  18 1 1 1
     649  1  31  19 1 1 1
     650  1  31  20 1 1 1
     651  1  31  21 1 1 1
     652  1  32  1 1 1 1
     653  1  32  2 1 1 1
     654  1  32  3 1 1 1
     655  1  32  4 1 1 1
     656  1  32  5 1 1 1
     657  1  32  6 1 1 1
     658  1  32  7 1 1 1
     659  1  32  8 1 1 1
     660  1  32  9 1 1 1
     661  1  32  10 1 1 1
     662  1  32  11 1 1 1
     663  1  32  12 1 1 1
     664  1  32  13 1 1 1
     665  1  32  14 1 1 1
     666  1  32  15 1 1 1
     667  1  32  16 1 1 1
     668  1  32  17 1 1 1
     669  1  32  18 1 1 1
     670  1  32  19 1 1 1
     671  1  32  20 1 1 1
     672  1  32  21 1 1 1
     673  1  33  1 1 1 1
     674  1  33  2 1 1 1
     675  1  33  3 1 1 1
     676  1  33  4 1 1 1
     677  1  33  5 1 1 1
     678  1  33  6 1 1 1
     679  1  33  7 1 1 1
     680  1  33  8 1 1 1
     681  1  33  9 1 1 1
     682  1  33  10 1 1 1
     683  1  33  11 1 1 1
     684  1  33  12 1 1 1
     685  1  33  13 1 1 1
     686  1  33  14 1 1 1
     687  1  33  15 1 1 1
     688  1  33  16 1 1 1
     689  1  33  17 1 1 1
     690  1  33  18 1 1 1
     691  1  33  19 1 1 1
     692  1  33  20 1 1 1
     693  1  33  21 1 1 1
     694  1  34  1 1 1 1
     695  1  34  2 1 1 1
     696  1  34  3 1 1 1
     697  1  34  4 1 1 1
     698  1  34  5 1 1 1
     699  1  34  6 1 1 1
     700  1  34  7 1 1 1
     701  1  34  8 1 1 1
     702  1  34  9 1 1 1
     703  1  34  10 1 1 1
     704  1  34  11 1 1 1
     705  1  34  12 1 1 1
     706  1  34  13 1 1 1
     707  1  34  14 1 1 1
     708  1  34  15 1 1 1
     709  1  34  16 1 1 1
     710  1  34  17 1 1 1
     711  1  34  18 1 1 1
     712  1  34  19 1 1 1
     713  1  34  20 1 1 1
     714  1  34  21 1 1 1
     715  1  35  1 1 1 1
     716  1  35  2 1 1 1
     717  1  35  3 1 1 1
     718  1  35  4 1 1 1
     719  1  35  5 1 1 1
     720  1  35  6 1 1 1
     721  1  35  7 1 1 1
     722  1  35  8 1 1 1
     723  1  35  9 1 1 1
     724  1  35  10 1 1 1
     725  1  35  11 1 1 1
     726  1  35  12 1 1 1
     727  1  35  13 1 1 1
     728  1  35  14 1 1 1
     729  1  35  15 1 1 1
     730  1  35  16 1 1 1
     731  1  35  17 1 1 1
     732  1  35  18 1 1 1
     733  1  35  19 1 1 1
     734  1  35  20 1 1 1
     735  1  35  21 1 1 1
     736  1  36  1 1 1 1
     737  1  36  2 1 1 1
     738  1  36  3 1 1 1
     739  1  36  4 1 1 1
     740  1  36  5 1 1 1
     741  1  36  6 1 1 1
     742  1  36  7 1 1 1
     743  1  36  8 1 1 1
     744  1  36  9 1 1 1
     745  1  36  10 1 1 1
     746  1  36  11 1 1 1
     747  1  36  12 1 1 1
     748  1  36  13 1 1 1
     749  1  36  14 1 1 1
     750  1  36  15 1 1 1
     751  1  36  16 1 1 1
     752  1  36  17 1 1 1
     753  1  36  18 1 1 1
     754  1  36  19 1 1 1
     755  1  36  20 1 1 1
     756  1  36  21 1 1 1
     757  1  37  1 1 1 1
     758  1  37  2 1 1 1
     759  1  37  3 1 1 1
     760  1  37  4 1 1 1
     761  1  37  5 1 1 1
     762  1  37  6 1 1 1
     763  1  37  7 1 1 1
     764  1  37  8 1 1 1
     765  1  37  9 1 1 1
     766  1  37  10 1 1 1
     767  1  37  11 1 1 1
     768  1  37  12 1 1 1
     769  1  37  13 1 1 1
     770  1  37  14 1 1 1
     771  1  37  15 1 1 1
     772  1  37  16 1 1 1
     773  1  37  17 1 1 1
     774  1  37  18 1 1 1
     775  1  37  19 1 1 1
     776  1  37  20 1 1 1
     777  1  37  21 1 1 1
     778  2  1  1 1 1 1
     779  2  1  2 1 1 1
     780  2  1  3 1 1 1
     781  2  1  4 1 1 1
     782  2  1  5 1 1 1
     783  2  1  6 1 1 1
     784  2  1  7 1 1 1
     785  2  1  8 1 1 1
     786  2  1  9 1 1 1
     787  2  1  10 1 1 1
     788  2  1  11 1 1 1
     789  2  1  12 1 1 1
     790  2  1  13 1 1 1
     791  2  1  14 1 1 1
     792  2  1  15 1 1 1
     793  2  1  16 1 1 1
     794  2  1  17 1 1 1
     795  2  1  18 1 1 1
     796  2  1  19 1 1 1
     797  2  1  20 1 1 1
     798  2  1  21 1 1 1
     799  2  2  1 1 1 1
     800  2  2  2 1 1 1
     801  2  2  3 1 1 1
     802  2  2  4 1 1 1
     803  2  2  5 1 1 1
     804  2  2  6 1 1 1
     805  2  2  7 1 1 1
     806  2  2  8 1 1 1
     807  2  2  9 1 1 1
     808  2  2  10 1 1 1
     809  2  2  11 1 1 1
     810  2  2  12 1 1 1
     811  2  2  13 1 1 1
     812  2  2  14 1 1 1
     813  2  2  15 1 1 1
     814  2  2  16 1 1 1
     815  2  2  17 1 1 1
     816  2  2  18 1 1 1
     817  2  2  19 1 1 1
     818  2  2  20 1 1 1
     819  2  2  21 1 1 1
     820  2  3  1 1 1 1
     821  2  3  2 1 1 1
     822  2  3  3 1 1 1
     823  2  3  4 1 1 1
     824  2  3  5 1 1 1
     825  2  3  6 1 1 1
     826  2  3  7 1 1 1
     827  2  3  8 1 1 1
     828  2  3  9 1 1 1
     829  2  3  10 1 1 1
     830  2  3  11 1 1 1
     831  2  3  12 1 1 1
     832  2  3  13 1 1 1
     833  2  3  14 1 1 1
     834  2  3  15 1 1 1
     835  2  3  16 1 1 1
     836  2  3  17 1 1 1
     837  2  3  18 1 1 1
     838  2  3  19 1 1 1
     839  2  3  20 1 1 1
     840  2  3  21 1 1 1
     841  2  4  1 1 1 1
     842  2  4  2 1 1 1
     843  2  4  3 1 1 1
     844  2  4  4 1 1 1
     845  2  4  5 1 1 1
     846  2  4  6 1 1 1
     847  2  4  7 1 1 1
     848  2  4  8 1 1 1
     849  2  4  9 1 1 1
     850  2  4  10 1 1 1
     851  2  4  11 1 1 1
     852  2  4  12 1 1 1
     853  2  4  13 1 1 1
     854  2  4  14 1 1 1
     855  2  4  15 1 1 1
     856  2  4  16 1 1 1
     857  2  4  17 1 1 1
     858  2  4  18 1 1 1
     859  2  4  19 1 1 1
     860  2  4  20 1 1 1
     861  2  4  21 1 1 1
     862  2  5  1 1 1 1
     863  2  5  2 1 1 1
     864  2  5  3 1 1 1
     865  2  5  4 1 1 1
     866  2  5  5 1 1 1
     867  2  5  6 1 1 1
     868  2  5  7 1 1 1
     869  2  5  8 1 1 1
     870  2  5  9 1 1 1
     871  2  5  10 1 1 1
     872  2  5  11 1 1 1
     873  2  5  12 1 1 1
     874  2  5  13 1 1 1
     875  2  5  14 1 1 1
     876  2  5  15 1 1 1
     877  2  5  16 1 1 1
     878  2  5  17 1 1 1
     879  2  5  18 1 1 1
     880  2  5  19 1 1 1
     881  2  5  20 1 1 1
     882  2  5  21 1 1 1
     883  2  6  1 1 1 1
     884  2  6  2 1 1 1
     885  2  6  3 1 1 1
     886  2  6  4 1 1 1
     887  2  6  5 1 1 1
     888  2  6  6 1 1 1
     889  2  6  7 1 1 1
     890  2  6  8 1 1 1
     891  2  6  9 1 1 1
     892  2  6  10 1 1 1
     893  2  6  11 1 1 1
     894  2  6  12 1 1 1
     895  2  6  13 1 1 1
     896  2  6  14 1 1 1
     897  2  6  15 1 1 1
     898  2  6  16 1 1 1
     899  2  6  17 1 1 1
     900  2  6  18 1 1 1
     901  2  6  19 1 1 1
     902  2  6  20 1 1 1
     903  2  6  21 1 1 1
     904  2  7  1 1 1 1
     905  2  7  2 1 1 1
     906  2  7  3 1 1 1
     907  2  7  4 1 1 1
     908  2  7  5 1 1 1
     909  2  7  6 1 1 1
     910  2  7  7 1 1 1
     911  2  7  8 1 1 1
     912  2  7  9 1 1 1
     913  2  7  10 1 1 1
     914  2  7  11 1 1 1
     915  2  7  12 1 1 1
     916  2  7  13 1 1 1
     917  2  7  14 1 1 1
     918  2  7  15 1 1 1
     919  2  7  16 1 1 1
     920  2  7  17 1 1 1
     921  2  7  18 1 1 1
     922  2  7  19 1 1 1
     923  2  7  20 1 1 1
     924  2  7  21 1 1 1
     925  2  8  1 1 1 1
     926  2  8  2 1 1 1
     927  2  8  3 1 1 1
     928  2  8  4 1 1 1
     929  2  8  5 1 1 1
     930  2  8  6 1 1 1
     931  2  8  7 1 1 1
     932  2  8  8 1 1 1
     933  2  8  9 1 1 1
     934  2  8  10 1 1 1
     935  2  8  11 1 1 1
     936  2  8  12 1 1 1
     937  2  8  13 1 1 1
     938  2  8  14 1 1 1
     939  2  8  15 1 1 1
     940  2  8  16 1 1 1
     941  2  8  17 1 1 1
     942  2  8  18 1 1 1
     943  2  8  19 1 1 1
     944  2  8  20 1 1 1
     945  2  8  21 1 1 1
     946  2  9  1 1 1 1
     947  2  9  2 1 1 1
     948  2  9  3 1 1 1
     949  2  9  4 1 1 1
     950  2  9  5 1 1 1
     951  2  9  6 1 1 1
     952  2  9  7 1 1 1
     953  2  9  8 1 1 1
     954  2  9  9 1 1 1
     955  2  9  10 1 1 1
     956  2  9  11 1 1 1
     957  2  9  12 1 1 1
     958  2  9  13 1 1 1
     959  2  9  14 1 1 1
     960  2  9  15 1 1 1
     961  2  9  16 1 1 1
     962  2  9  17 1 1 1
     963  2  9  18 1 1 1
     964  2  9  19 1 1 1
     965  2  9  20 1 1 1
     966  2  9  21 1 1 1
     967  2  10  1 1 1 1
     968  2  10  2 1 1 1
     969  2  10  3 1 1 1
     970  2  10  4 1 1 1
     971  2  10  5 1 1 1
     972  2  10  6 1 1 1
     973  2  10  7 1 1 1
     974  2  10  8 1 1 1
     975  2  10  9 1 1 1
     976  2  10  10 1 1 1
     977  2  10  11 1 1 1
     978  2  10  12 1 1 1
     979  2  10  13 1 1 1
     980  2  10  14 1 1 1
     981  2  10  15 1 1 1
     982  2  10  16 1 1 1
     983  2  10  17 1 1 1
     984  2  10  18 1 1 1
     985  2  10  19 1 1 1
     986  2  10  20 1 1 1
     987  2  10  21 1 1 1
     988  2  11  1 1 1 1
     989  2  11  2 1 1 1
     990  2  11  3 1 1 1
     991  2  11  4 1 1 1
     992  2  11  5 1 1 1
     993  2  11  6 1 1 1
     994  2  11  7 1 1 1
     995  2  11  8 1 1 1
     996  2  11  9 1 1 1
     997  2  11  10 1 1 1
     998  2  11  11 1 1 1
     999  2  11  12 1 1 1
     1000  2  11  13 1 1 1
     1001  2  11  14 1 1 1
     1002  2  11  15 1 1 1
     1003  2  11  16 1 1 1
     1004  2  11  17 1 1 1
     1005  2  11  18 1 1 1
     1006  2  11  19 1 1 1
     1007  2  11  20 1 1 1
     1008  2  11  21 1 1 1
     1009  2  12  1 1 1 1
     1010  2  12  2 1 1 1
     1011  2  12  3 1 1 1
     1012  2  12  4 1 1 1
     1013  2  12  5 1 1 1
     1014  2  12  6 1 1 1
     1015  2  12  7 1 1 1
     1016  2  12  8 1 1 1
     1017  2  12  9 1 1 1
     1018  2  12  10 1 1 1
     1019  2  12  11 1 1 1
     1020  2  12  12 1 1 1
     1021  2  12  13 1 1 1
     1022  2  12  14 1 1 1
     1023  2  12  15 1 1 1
     1024  2  12  16 1 1 1
     1025  2  12  17 1 1 1
     1026  2  12  18 1 1 1
     1027  2  12  19 1 1 1
     1028  2  12  20 1 1 1
     1029  2  12  21 1 1 1
     1030  2  13  1 1 1 1
     1031  2  13  2 1 1 1
     1032  2  13  3 1 1 1
     1033  2  13  4 1 1 1
     1034  2  13  5 1 1 1
     1035  2  13  6 1 1 1
     1036  2  13  7 1 1 1
     1037  2  13  8 1 1 1
     1038  2  13  9 1 1 1
     1039  2  13  10 1 1 1
     1040  2  13  11 1 1 1
     1041  2  13  12 1 1 1
     1042  2  13  13 1 1 1
     1043  2  13  14 1 1 1
     1044  2  13  15 1 1 1
     1045  2  13  16 1 1 1
     1046  2  13  17 1 1 1
     1047  2  13  18 1 1 1
     1048  2  13  19 1 1 1
     1049  2  13  20 1 1 1
     1050  2  13  21 1 1 1
     1051  2  14  1 1 1 1
     1052  2  14  2 1 1 1
     1053  2  14  3 1 1 1
     1054  2  14  4 1 1 1
     1055  2  14  5 1 1 1
     1056  2  14  6 1 1 1
     1057  2  14  7 1 1 1
     1058  2  14  8 1 1 1
     1059  2  14  9 1 1 1
     1060  2  14  10 1 1 1
     1061  2  14  11 1 1 1
     1062  2  14  12 1 1 1
     1063  2  14  13 1 1 1
     1064  2  14  14 1 1 1
     1065  2  14  15 1 1 1
     1066  2  14  16 1 1 1
     1067  2  14  17 1 1 1
     1068  2  14  18 1 1 1
     1069  2  14  19 1 1 1
     1070  2  14  20 1 1 1
     1071  2  14  21 1 1 1
     1072  2  15  1 1 1 1
     1073  2  15  2 1 1 1
     1074  2  15  3 1 1 1
     1075  2  15  4 1 1 1
     1076  2  15  5 1 1 1
     1077  2  15  6 1 1 1
     1078  2  15  7 1 1 1
     1079  2  15  8 1 1 1
     1080  2  15  9 1 1 1
     1081  2  15  10 1 1 1
     1082  2  15  11 1 1 1
     1083  2  15  12 1 1 1
     1084  2  15  13 1 1 1
     1085  2  15  14 1 1 1
     1086  2  15  15 1 1 1
     1087  2  15  16 1 1 1
     1088  2  15  17 1 1 1
     1089  2  15  18 1 1 1
     1090  2  15  19 1 1 1
     1091  2  15  20 1 1 1
     1092  2  15  21 1 1 1
     1093  2  16  1 1 1 1
     1094  2  16  2 1 1 1
     1095  2  16  3 1 1 1
     1096  2  16  4 1 1 1
     1097  2  16  5 1 1 1
     1098  2  16  6 1 1 1
     1099  2  16  7 1 1 1
     1100  2  16  8 1 1 1
     1101  2  16  9 1 1 1
     1102  2  16  10 1 1 1
     1103  2  16  11 1 1 1
     1104  2  16  12 1 1 1
     1105  2  16  13 1 1 1
     1106  2  16  14 1 1 1
     1107  2  16  15 1 1 1
     1108  2  16  16 1 1 1
     1109  2  16  17 1 1 1
     1110  2  16  18 1 1 1
     1111  2  16  19 1 1 1
     1112  2  16  20 1 1 1
     1113  2  16  21 1 1 1
     1114  2  17  1 1 1 1
     1115  2  17  2 1 1 1
     1116  2  17  3 1 1 1
     1117  2  17  4 1 1 1
     1118  2  17  5 1 1 1
     1119  2  17  6 1 1 1
     1120  2  17  7 1 1 1
     1121  2  17  8 1 1 1
     1122  2  17  9 1 1 1
     1123  2  17  10 1 1 1
     1124  2  17  11 1 1 1
     1125  2  17  12 1 1 1
     1126  2  17  13 1 1 1
     1127  2  17  14 1 1 1
     1128  2  17  15 1 1 1
     1129  2  17  16 1 1 1
     1130  2  17  17 1 1 1
     1131  2  17  18 1 1 1
     1132  2  17  19 1 1 1
     1133  2  17  20 1 1 1
     1134  2  17  21 1 1 1
     1135  2  18  1 1 1 1
     1136  2  18  2 1 1 1
     1137  2  18  3 1 1 1
     1138  2  18  4 1 1 1
     1139  2  18  5 1 1 1
     1140  2  18  6 1 1 1
     1141  2  18  7 1 1 1
     1142  2  18  8 1 1 1
     1143  2  18  9 1 1 1
     1144  2  18  10 1 1 1
     1145  2  18  11 1 1 1
     1146  2  18  12 1 1 1
     1147  2  18  13 1 1 1
     1148  2  18  14 1 1 1
     1149  2  18  15 1 1 1
     1150  2  18  16 1 1 1
     1151  2  18  17 1 1 1
     1152  2  18  18 1 1 1
     1153  2  18  19 1 1 1
     1154  2  18  20 1 1 1
     1155  2  18  21 1 1 1
     1156  2  19  1 1 1 1
     1157  2  19  2 1 1 1
     1158  2  19  3 1 1 1
     1159  2  19  4 1 1 1
     1160  2  19  5 1 1 1
     1161  2  19  6 1 1 1
     1162  2  19  7 1 1 1
     1163  2  19  8 1 1 1
     1164  2  19  9 1 1 1
     1165  2  19  10 1 1 1
     1166  2  19  11 1 1 1
     1167  2  19  12 1 1 1
     1168  2  19  13 1 1 1
     1169  2  19  14 1 1 1
     1170  2  19  15 1 1 1
     1171  2  19  16 1 1 1
     1172  2  19  17 1 1 1
     1173  2  19  18 1 1 1
     1174  2  19  19 1 1 1
     1175  2  19  20 1 1 1
     1176  2  19  21 1 1 1
     1177  2  20  1 1 1 1
     1178  2  20  2 1 1 1
     1179  2  20  3 1 1 1
     1180  2  20  4 1 1 1
     1181  2  20  5 1 1 1
     1182  2  20  6 1 1 1
     1183  2  20  7 1 1 1
     1184  2  20  8 1 1 1
     1185  2  20  9 1 1 1
     1186  2  20  10 1 1 1
     1187  2  20  11 1 1 1
     1188  2  20  12 1 1 1
     1189  2  20  13 1 1 1
     1190  2  20  14 1 1 1
     1191  2  20  15 1 1 1
     1192  2  20  16 1 1 1
     1193  2  20  17 1 1 1
     1194  2  20  18 1 1 1
     1195  2  20  19 1 1 1
     1196  2  20  20 1 1 1
     1197  2  20  21 1 1 1
     1198  2  21  1 1 1 1
     1199  2  21  2 1 1 1
     1200  2  21  3 1 1 1
     1201  2  21  4 1 1 1
     1202  2  21  5 1 1 1
     1203  2  21  6 1 1 1
     1204  2  21  7 1 1 1
     1205  2  21  8 1 1 1
     1206  2  21  9 1 1 1
     1207  2  21  10 1 1 1
     1208  2  21  11 1 1 1
     1209  2  21  12 1 1 1
     1210  2  21  13 1 1 1
     1211  2  21  14 1 1 1
     1212  2  21  15 1 1 1
     1213  2  21  16 1 1 1
     1214  2  21  17 1 1 1
     1215  2  21  18 1 1 1
     1216  2  21  19 1 1 1
     1217  2  21  20 1 1 1
     1218  2  21  21 1 1 1
     1219  2  22  1 1 1 1
     1220  2  22  2 1 1 1
     1221  2  22  3 1 1 1
     1222  2  22  4 1 1 1
     1223  2  22  5 1 1 1
     1224  2  22  6 1 1 1
     1225  2  22  7 1 1 1
     1226  2  22  8 1 1 1
     1227  2  22  9 1 1 1
     1228  2  22  10 1 1 1
     1229  2  22  11 1 1 1
     1230  2  22  12 1 1 1
     1231  2  22  13 1 1 1
     1232  2  22  14 1 1 1
     1233  2  22  15 1 1 1
     1234  2  22  16 1 1 1
     1235  2  22  17 1 1 1
     1236  2  22  18 1 1 1
     1237  2  22  19 1 1 1
     1238  2  22  20 1 1 1
     1239  2  22  21 1 1 1
     1240  2  23  1 1 1 1
     1241  2  23  2 1 1 1
     1242  2  23  3 1 1 1
     1243  2  23  4 1 1 1
     1244  2  23  5 1 1 1
     1245  2  23  6 1 1 1
     1246  2  23  7 1 1 1
     1247  2  23  8 1 1 1
     1248  2  23  9 1 1 1
     1249  2  23  10 1 1 1
     1250  2  23  11 1 1 1
     1251  2  23  12 1 1 1
     1252  2  23  13 1 1 1
     1253  2  23  14 1 1 1
     1254  2  23  15 1 1 1
     1255  2  23  16 1 1 1
     1256  2  23  17 1 1 1
     1257  2  23  18 1 1 1
     1258  2  23  19 1 1 1
     1259  2  23  20 1 1 1
     1260  2  23  21 1 1 1
     1261  2  24  1 1 1 1
     1262  2  24  2 1 1 1
     1263  2  24  3 1 1 1
     1264  2  24  4 1 1 1
     1265  2  24  5 1 1 1
     1266  2  24  6 1 1 1
     1267  2  24  7 1 1 1
     1268  2  24  8 1 1 1
     1269  2  24  9 1 1 1
     1270  2  24  10 1 1 1
     1271  2  24  11 1 1 1
     1272  2  24  12 1 1 1
     1273  2  24  13 1 1 1
     1274  2  24  14 1 1 1
     1275  2  24  15 1 1 1
     1276  2  24  16 1 1 1
     1277  2  24  17 1 1 1
     1278  2  24  18 1 1 1
     1279  2  24  19 1 1 1
     1280  2  24  20 1 1 1
     1281  2  24  21 1 1 1
     1282  2  25  1 1 1 1
     1283  2  25  2 1 1 1
     1284  2  25  3 1 1 1
     1285  2  25  4 1 1 1
     1286  2  25  5 1 1 1
     1287  2  25  6 1 1 1
     1288  2  25  7 1 1 1
     1289  2  25  8 1 1 1
     1290  2  25  9 1 1 1
     1291  2  25  10 1 1 1
     1292  2  25  11 1 1 1
     1293  2  25  12 1 1 1
     1294  2  25  13 1 1 1
     1295  2  25  14 1 1 1
     1296  2  25  15 1 1 1
     1297  2  25  16 1 1 1
     1298  2  25  17 1 1 1
     1299  2  25  18 1 1 1
     1300  2  25  19 1 1 1
     1301  2  25  20 1 1 1
     1302  2  25  21 1 1 1
     1303  2  26  1 1 1 1
     1304  2  26  2 1 1 1
     1305  2  26  3 1 1 1
     1306  2  26  4 1 1 1
     1307  2  26  5 1 1 1
     1308  2  26  6 1 1 1
     1309  2  26  7 1 1 1
     1310  2  26  8 1 1 1
     1311  2  26  9 1 1 1
     1312  2  26  10 1 1 1
     1313  2  26  11 1 1 1
     1314  2  26  12 1 1 1
     1315  2  26  13 1 1 1
     1316  2  26  14 1 1 1
     1317  2  26  15 1 1 1
     1318  2  26  16 1 1 1
     1319  2  26  17 1 1 1
     1320  2  26  18 1 1 1
     1321  2  26  19 1 1 1
     1322  2  26  20 1 1 1
     1323  2  26  21 1 1 1
     1324  2  27  1 1 1 1
     1325  2  27  2 1 1 1
     1326  2  27  3 1 1 1
     1327  2  27  4 1 1 1
     1328  2  27  5 1 1 1
     1329  2  27  6 1 1 1
     1330  2  27  7 1 1 1
     1331  2  27  8 1 1 1
     1332  2  27  9 1 1 1
     1333  2  27  10 1 1 1
     1334  2  27  11 1 1 1
     1335  2  27  12 1 1 1
     1336  2  27  13 1 1 1
     1337  2  27  14 1 1 1
     1338  2  27  15 1 1 1
     1339  2  27  16 1 1 1
     1340  2  27  17 1 1 1
     1341  2  27  18 1 1 1
     1342  2  27  19 1 1 1
     1343  2  27  20 1 1 1
     1344  2  27  21 1 1 1
     1345  2  28  1 1 1 1
     1346  2  28  2 1 1 1
     1347  2  28  3 1 1 1
     1348  2  28  4 1 1 1
     1349  2  28  5 1 1 1
     1350  2  28  6 1 1 1
     1351  2  28  7 1 1 1
     1352  2  28  8 1 1 1
     1353  2  28  9 1 1 1
     1354  2  28  10 1 1 1
     1355  2  28  11 1 1 1
     1356  2  28  12 1 1 1
     1357  2  28  13 1 1 1
     1358  2  28  14 1 1 1
     1359  2  28  15 1 1 1
     1360  2  28  16 1 1 1
     1361  2  28  17 1 1 1
     1362  2  28  18 1 1 1
     1363  2  28  19 1 1 1
     1364  2  28  20 1 1 1
     1365  2  28  21 1 1 1
     1366  2  29  1 1 1 1
     1367  2  29  2 1 1 1
     1368  2  29  3 1 1 1
     1369  2  29  4 1 1 1
     1370  2  29  5 1 1 1
     1371  2  29  6 1 1 1
     1372  2  29  7 1 1 1
     1373  2  29  8 1 1 1
     1374  2  29  9 1 1 1
     1375  2  29  10 1 1 1
     1376  2  29  11 1 1 1
     1377  2  29  12 1 1 1
     1378  2  29  13 1 1 1
     1379  2  29  14 1 1 1
     1380  2  29  15 1 1 1
     1381  2  29  16 1 1 1
     1382  2  29  17 1 1 1
     1383  2  29  18 1 1 1
     1384  2  29  19 1 1 1
     1385  2  29  20 1 1 1
     1386  2  29  21 1 1 1
     1387  2  30  1 1 1 1
     1388  2  30  2 1 1 1
     1389  2  30  3 1 1 1
     1390  2  30  4 1 1 1
     1391  2  30  5 1 1 1
     1392  2  30  6 1 1 1
     1393  2  30  7 1 1 1
     1394  2  30  8 1 1 1
     1395  2  30  9 1 1 1
     1396  2  30  10 1 1 1
     1397  2  30  11 1 1 1
     1398  2  30  12 1 1 1
     1399  2  30  13 1 1 1
     1400  2  30  14 1 1 1
     1401  2  30  15 1 1 1
     1402  2  30  16 1 1 1
     1403  2  30  17 1 1 1
     1404  2  30  18 1 1 1
     1405  2  30  19 1 1 1
     1406  2  30  20 1 1 1
     1407  2  30  21 1 1 1
     1408  2  31  1 1 1 1
     1409  2  31  2 1 1 1
     1410  2  31  3 1 1 1
     1411  2  31  4 1 1 1
     1412  2  31  5 1 1 1
     1413  2  31  6 1 1 1
     1414  2  31  7 1 1 1
     1415  2  31  8 1 1 1
     1416  2  31  9 1 1 1
     1417  2  31  10 1 1 1
     1418  2  31  11 1 1 1
     1419  2  31  12 1 1 1
     1420  2  31  13 1 1 1
     1421  2  31  14 1 1 1
     1422  2  31  15 1 1 1
     1423  2  31  16 1 1 1
     1424  2  31  17 1 1 1
     1425  2  31  18 1 1 1
     1426  2  31  19 1 1 1
     1427  2  31  20 1 1 1
     1428  2  31  21 1 1 1
     1429  2  32  1 1 1 1
     1430  2  32  2 1 1 1
     1431  2  32  3 1 1 1
     1432  2  32  4 1 1 1
     1433  2  32  5 1 1 1
     1434  2  32  6 1 1 1
     1435  2  32  7 1 1 1
     1436  2  32  8 1 1 1
     1437  2  32  9 1 1 1
     1438  2  32  10 1 1 1
     1439  2  32  11 1 1 1
     1440  2  32  12 1 1 1
     1441  2  32  13 1 1 1
     1442  2  32  14 1 1 1
     1443  2  32  15 1 1 1
     1444  2  32  16 1 1 1
     1445  2  32  17 1 1 1
     1446  2  32  18 1 1 1
     1447  2  32  19 1 1 1
     1448  2  32  20 1 1 1
     1449  2  32  21 1 1 1
     1450  2  33  1 1 1 1
     1451  2  33  2 1 1 1
     1452  2  33  3 1 1 1
     1453  2  33  4 1 1 1
     1454  2  33  5 1 1 1
     1455  2  33  6 1 1 1
     1456  2  33  7 1 1 1
     1457  2  33  8 1 1 1
     1458  2  33  9 1 1 1
     1459  2  33  10 1 1 1
     1460  2  33  11 1 1 1
     1461  2  33  12 1 1 1
     1462  2  33  13 1 1 1
     1463  2  33  14 1 1 1
     1464  2  33  15 1 1 1
     1465  2  33  16 1 1 1
     1466  2  33  17 1 1 1
     1467  2  33  18 1 1 1
     1468  2  33  19 1 1 1
     1469  2  33  20 1 1 1
     1470  2  33  21 1 1 1
     1471  2  34  1 1 1 1
     1472  2  34  2 1 1 1
     1473  2  34  3 1 1 1
     1474  2  34  4 1 1 1
     1475  2  34  5 1 1 1
     1476  2  34  6 1 1 1
     1477  2  34  7 1 1 1
     1478  2  34  8 1 1 1
     1479  2  34  9 1 1 1
     1480  2  34  10 1 1 1
     1481  2  34  11 1 1 1
     1482  2  34  12 1 1 1
     1483  2  34  13 1 1 1
     1484  2  34  14 1 1 1
     1485  2  34  15 1 1 1
     1486  2  34  16 1 1 1
     1487  2  34  17 1 1 1
     1488  2  34  18 1 1 1
     1489  2  34  19 1 1 1
     1490  2  34  20 1 1 1
     1491  2  34  21 1 1 1
     1492  2  35  1 1 1 1
     1493  2  35  2 1 1 1
     1494  2  35  3 1 1 1
     1495  2  35  4 1 1 1
     1496  2  35  5 1 1 1
     1497  2  35  6 1 1 1
     1498  2  35  7 1 1 1
     1499  2  35  8 1 1 1
     1500  2  35  9 1 1 1
     1501  2  35  10 1 1 1
     1502  2  35  11 1 1 1
     1503  2  35  12 1 1 1
     1504  2  35  13 1 1 1
     1505  2  35  14 1 1 1
     1506  2  35  15 1 1 1
     1507  2  35  16 1 1 1
     1508  2  35  17 1 1 1
     1509  2  35  18 1 1 1
     1510  2  35  19 1 1 1
     1511  2  35  20 1 1 1
     1512  2  35  21 1 1 1
     1513  2  36  1 1 1 1
     1514  2  36  2 1 1 1
     1515  2  36  3 1 1 1
     1516  2  36  4 1 1 1
     1517  2  36  5 1 1 1
     1518  2  36  6 1 1 1
     1519  2  36  7 1 1 1
     1520  2  36  8 1 1 1
     1521  2  36  9 1 1 1
     1522  2  36  10 1 1 1
     1523  2  36  11 1 1 1
     1524  2  36  12 1 1 1
     1525  2  36  13 1 1 1
     1526  2  36  14 1 1 1
     1527  2  36  15 1 1 1
     1528  2  36  16 1 1 1
     1529  2  36  17 1 1 1
     1530  2  36  18 1 1 1
     1531  2  36  19 1 1 1
     1532  2  36  20 1 1 1
     1533  2  36  21 1 1 1
     1534  2  37  1 1 1 1
     1535  2  37  2 1 1 1
     1536  2  37  3 1 1 1
     1537  2  37  4 1 1 1
     1538  2  37  5 1 1 1
     1539  2  37  6 1 1 1
     1540  2  37  7 1 1 1
     1541  2  37  8 1 1 1
     1542  2  37  9 1 1 1
     1543  2  37  10 1 1 1
     1544  2  37  11 1 1 1
     1545  2  37  12 1 1 1
     1546  2  37  13 1 1 1
     1547  2  37  14 1 1 1
     1548  2  37  15 1 1 1
     1549  2  37  16 1 1 1
     1550  2  37  17 1 1 1
     1551  2  37  18 1 1 1
     1552  2  37  19 1 1 1
     1553  2  37  20 1 1 1
     1554  2  37  21 1 1 1
     1555  3  1  1 1 1 1
     1556  3  1  2 1 1 1
     1557  3  1  3 1 1 1
     1558  3  1  4 1 1 1
     1559  3  1  5 1 1 1
     1560  3  1  6 1 1 1
     1561  3  1  7 1 1 1
     1562  3  1  8 1 1 1
     1563  3  1  9 1 1 1
     1564  3  1  10 1 1 1
     1565  3  1  11 1 1 1
     1566  3  1  12 1 1 1
     1567  3  1  13 1 1 1
     1568  3  1  14 1 1 1
     1569  3  1  15 1 1 1
     1570  3  1  16 1 1 1
     1571  3  1  17 1 1 1
     1572  3  1  18 1 1 1
     1573  3  1  19 1 1 1
     1574  3  1  20 1 1 1
     1575  3  1  21 1 1 1
     1576  3  2  1 1 1 1
     1577  3  2  2 1 1 1
     1578  3  2  3 1 1 1
     1579  3  2  4 1 1 1
     1580  3  2  5 1 1 1
     1581  3  2  6 1 1 1
     1582  3  2  7 1 1 1
     1583  3  2  8 1 1 1
     1584  3  2  9 1 1 1
     1585  3  2  10 1 1 1
     1586  3  2  11 1 1 1
     1587  3  2  12 1 1 1
     1588  3  2  13 1 1 1
     1589  3  2  14 1 1 1
     1590  3  2  15 1 1 1
     1591  3  2  16 1 1 1
     1592  3  2  17 1 1 1
     1593  3  2  18 1 1 1
     1594  3  2  19 1 1 1
     1595  3  2  20 1 1 1
     1596  3  2  21 1 1 1
     1597  3  3  1 1 1 1
     1598  3  3  2 1 1 1
     1599  3  3  3 1 1 1
     1600  3  3  4 1 1 1
     1601  3  3  5 1 1 1
     1602  3  3  6 1 1 1
     1603  3  3  7 1 1 1
     1604  3  3  8 1 1 1
     1605  3  3  9 1 1 1
     1606  3  3  10 1 1 1
     1607  3  3  11 1 1 1
     1608  3  3  12 1 1 1
     1609  3  3  13 1 1 1
     1610  3  3  14 1 1 1
     1611  3  3  15 1 1 1
     1612  3  3  16 1 1 1
     1613  3  3  17 1 1 1
     1614  3  3  18 1 1 1
     1615  3  3  19 1 1 1
     1616  3  3  20 1 1 1
     1617  3  3  21 1 1 1
     1618  3  4  1 1 1 1
     1619  3  4  2 1 1 1
     1620  3  4  3 1 1 1
     1621  3  4  4 1 1 1
     1622  3  4  5 1 1 1
     1623  3  4  6 1 1 1
     1624  3  4  7 1 1 1
     1625  3  4  8 1 1 1
     1626  3  4  9 1 1 1
     1627  3  4  10 1 1 1
     1628  3  4  11 1 1 1
     1629  3  4  12 1 1 1
     1630  3  4  13 1 1 1
     1631  3  4  14 1 1 1
     1632  3  4  15 1 1 1
     1633  3  4  16 1 1 1
     1634  3  4  17 1 1 1
     1635  3  4  18 1 1 1
     1636  3  4  19 1 1 1
     1637  3  4  20 1 1 1
     1638  3  4  21 1 1 1
     1639  3  5  1 1 1 1
     1640  3  5  2 1 1 1
     1641  3  5  3 1 1 1
     1642  3  5  4 1 1 1
     1643  3  5  5 1 1 1
     1644  3  5  6 1 1 1
     1645  3  5  7 1 1 1
     1646  3  5  8 1 1 1
     1647  3  5  9 1 1 1
     1648  3  5  10 1 1 1
     1649  3  5  11 1 1 1
     1650  3  5  12 1 1 1
     1651  3  5  13 1 1 1
     1652  3  5  14 1 1 1
     1653  3  5  15 1 1 1
     1654  3  5  16 1 1 1
     1655  3  5  17 1 1 1
     1656  3  5  18 1 1 1
     1657  3  5  19 1 1 1
     1658  3  5  20 1 1 1
     1659  3  5  21 1 1 1
     1660  3  6  1 1 1 1
     1661  3  6  2 1 1 1
     1662  3  6  3 1 1 1
     1663  3  6  4 1 1 1
     1664  3  6  5 1 1 1
     1665  3  6  6 1 1 1
     1666  3  6  7 1 1 1
     1667  3  6  8 1 1 1
     1668  3  6  9 1 1 1
     1669  3  6  10 1 1 1
     1670  3  6  11 1 1 1
     1671  3  6  12 1 1 1
     1672  3  6  13 1 1 1
     1673  3  6  14 1 1 1
     1674  3  6  15 1 1 1
     1675  3  6  16 1 1 1
     1676  3  6  17 1 1 1
     1677  3  6  18 1 1 1
     1678  3  6  19 1 1 1
     1679  3  6  20 1 1 1
     1680  3  6  21 1 1 1
     1681  3  7  1 1 1 1
     1682  3  7  2 1 1 1
     1683  3  7  3 1 1 1
     1684  3  7  4 1 1 1
     1685  3  7  5 1 1 1
     1686  3  7  6 1 1 1
     1687  3  7  7 1 1 1
     1688  3  7  8 1 1 1
     1689  3  7  9 1 1 1
     1690  3  7  10 1 1 1
     1691  3  7  11 1 1 1
     1692  3  7  12 1 1 1
     1693  3  7  13 1 1 1
     1694  3  7  14 1 1 1
     1695  3  7  15 1 1 1
     1696  3  7  16 1 1 1
     1697  3  7  17 1 1 1
     1698  3  7  18 1 1 1
     1699  3  7  19 1 1 1
     1700  3  7  20 1 1 1
     1701  3  7  21 1 1 1
     1702  3  8  1 1 1 1
     1703  3  8  2 1 1 1
     1704  3  8  3 1 1 1
     1705  3  8  4 1 1 1
     1706  3  8  5 1 1 1
     1707  3  8  6 1 1 1
     1708  3  8  7 1 1 1
     1709  3  8  8 1 1 1
     1710  3  8  9 1 1 1
     1711  3  8  10 1 1 1
     1712  3  8  11 1 1 1
     1713  3  8  12 1 1 1
     1714  3  8  13 1 1 1
     1715  3  8  14 1 1 1
     1716  3  8  15 1 1 1
     1717  3  8  16 1 1 1
     1718  3  8  17 1 1 1
     1719  3  8  18 1 1 1
     1720  3  8  19 1 1 1
     1721  3  8  20 1 1 1
     1722  3  8  21 1 1 1
     1723  3  9  1 1 1 1
     1724  3  9  2 1 1 1
     1725  3  9  3 1 1 1
     1726  3  9  4 1 1 1
     1727  3  9  5 1 1 1
     1728  3  9  6 1 1 1
     1729  3  9  7 1 1 1
     1730  3  9  8 1 1 1
     1731  3  9  9 1 1 1
     1732  3  9  10 1 1 1
     1733  3  9  11 1 1 1
     1734  3  9  12 1 1 1
     1735  3  9  13 1 1 1
     1736  3  9  14 1 1 1
     1737  3  9  15 1 1 1
     1738  3  9  16 1 1 1
     1739  3  9  17 1 1 1
     1740  3  9  18 1 1 1
     1741  3  9  19 1 1 1
     1742  3  9  20 1 1 1
     1743  3  9  21 1 1 1
     1744  3  10  1 1 1 1
     1745  3  10  2 1 1 1
     1746  3  10  3 1 1 1
     1747  3  10  4 1 1 1
     1748  3  10  5 1 1 1
     1749  3  10  6 1 1 1
     1750  3  10  7 1 1 1
     1751  3  10  8 1 1 1
     1752  3  10  9 1 1 1
     1753  3  10  10 1 1 1
     1754  3  10  11 1 1 1
     1755  3  10  12 1 1 1
     1756  3  10  13 1 1 1
     1757  3  10  14 1 1 1
     1758  3  10  15 1 1 1
     1759  3  10  16 1 1 1
     1760  3  10  17 1 1 1
     1761  3  10  18 1 1 1
     1762  3  10  19 1 1 1
     1763  3  10  20 1 1 1
     1764  3  10  21 1 1 1
     1765  3  11  1 1 1 1
     1766  3  11  2 1 1 1
     1767  3  11  3 1 1 1
     1768  3  11  4 1 1 1
     1769  3  11  5 1 1 1
     1770  3  11  6 1 1 1
     1771  3  11  7 1 1 1
     1772  3  11  8 1 1 1
     1773  3  11  9 1 1 1
     1774  3  11  10 1 1 1
     1775  3  11  11 1 1 1
     1776  3  11  12 1 1 1
     1777  3  11  13 1 1 1
     1778  3  11  14 1 1 1
     1779  3  11  15 1 1 1
     1780  3  11  16 1 1 1
     1781  3  11  17 1 1 1
     1782  3  11  18 1 1 1
     1783  3  11  19 1 1 1
     1784  3  11  20 1 1 1
     1785  3  11  21 1 1 1
     1786  3  12  1 1 1 1
     1787  3  12  2 1 1 1
     1788  3  12  3 1 1 1
     1789  3  12  4 1 1 1
     1790  3  12  5 1 1 1
     1791  3  12  6 1 1 1
     1792  3  12  7 1 1 1
     1793  3  12  8 1 1 1
     1794  3  12  9 1 1 1
     1795  3  12  10 1 1 1
     1796  3  12  11 1 1 1
     1797  3  12  12 1 1 1
     1798  3  12  13 1 1 1
     1799  3  12  14 1 1 1
     1800  3  12  15 1 1 1
     1801  3  12  16 1 1 1
     1802  3  12  17 1 1 1
     1803  3  12  18 1 1 1
     1804  3  12  19 1 1 1
     1805  3  12  20 1 1 1
     1806  3  12  21 1 1 1
     1807  3  13  1 1 1 1
     1808  3  13  2 1 1 1
     1809  3  13  3 1 1 1
     1810  3  13  4 1 1 1
     1811  3  13  5 1 1 1
     1812  3  13  6 1 1 1
     1813  3  13  7 1 1 1
     1814  3  13  8 1 1 1
     1815  3  13  9 1 1 1
     1816  3  13  10 1 1 1
     1817  3  13  11 1 1 1
     1818  3  13  12 1 1 1
     1819  3  13  13 1 1 1
     1820  3  13  14 1 1 1
     1821  3  13  15 1 1 1
     1822  3  13  16 1 1 1
     1823  3  13  17 1 1 1
     1824  3  13  18 1 1 1
     1825  3  13  19 1 1 1
     1826  3  13  20 1 1 1
     1827  3  13  21 1 1 1
     1828  3  14  1 1 1 1
     1829  3  14  2 1 1 1
     1830  3  14  3 1 1 1
     1831  3  14  4 1 1 1
     1832  3  14  5 1 1 1
     1833  3  14  6 1 1 1
     1834  3  14  7 1 1 1
     1835  3  14  8 1 1 1
     1836  3  14  9 1 1 1
     1837  3  14  10 1 1 1
     1838  3  14  11 1 1 1
     1839  3  14  12 1 1 1
     1840  3  14  13 1 1 1
     1841  3  14  14 1 1 1
     1842  3  14  15 1 1 1
     1843  3  14  16 1 1 1
     1844  3  14  17 1 1 1
     1845  3  14  18 1 1 1
     1846  3  14  19 1 1 1
     1847  3  14  20 1 1 1
     1848  3  14  21 1 1 1
     1849  3  15  1 1 1 1
     1850  3  15  2 1 1 1
     1851  3  15  3 1 1 1
     1852  3  15  4 1 1 1
     1853  3  15  5 1 1 1
     1854  3  15  6 1 1 1
     1855  3  15  7 1 1 1
     1856  3  15  8 1 1 1
     1857  3  15  9 1 1 1
     1858  3  15  10 1 1 1
     1859  3  15  11 1 1 1
     1860  3  15  12 1 1 1
     1861  3  15  13 1 1 1
     1862  3  15  14 1 1 1
     1863  3  15  15 1 1 1
     1864  3  15  16 1 1 1
     1865  3  15  17 1 1 1
     1866  3  15  18 1 1 1
     1867  3  15  19 1 1 1
     1868  3  15  20 1 1 1
     1869  3  15  21 1 1 1
     1870  3  16  1 1 1 1
     1871  3  16  2 1 1 1
     1872  3  16  3 1 1 1
     1873  3  16  4 1 1 1
     1874  3  16  5 1 1 1
     1875  3  16  6 1 1 1
     1876  3  16  7 1 1 1
     1877  3  16  8 1 1 1
     1878  3  16  9 1 1 1
     1879  3  16  10 1 1 1
     1880  3  16  11 1 1 1
     1881  3  16  12 1 1 1
     1882  3  16  13 1 1 1
     1883  3  16  14 1 1 1
     1884  3  16  15 1 1 1
     1885  3  16  16 1 1 1
     1886  3  16  17 1 1 1
     1887  3  16  18 1 1 1
     1888  3  16  19 1 1 1
     1889  3  16  20 1 1 1
     1890  3  16  21 1 1 1
     1891  3  17  1 1 1 1
     1892  3  17  2 1 1 1
     1893  3  17  3 1 1 1
     1894  3  17  4 1 1 1
     1895  3  17  5 1 1 1
     1896  3  17  6 1 1 1
     1897  3  17  7 1 1 1
     1898  3  17  8 1 1 1
     1899  3  17  9 1 1 1
     1900  3  17  10 1 1 1
     1901  3  17  11 1 1 1
     1902  3  17  12 1 1 1
     1903  3  17  13 1 1 1
     1904  3  17  14 1 1 1
     1905  3  17  15 1 1 1
     1906  3  17  16 1 1 1
     1907  3  17  17 1 1 1
     1908  3  17  18 1 1 1
     1909  3  17  19 1 1 1
     1910  3  17  20 1 1 1
     1911  3  17  21 1 1 1
     1912  3  18  1 1 1 1
     1913  3  18  2 1 1 1
     1914  3  18  3 1 1 1
     1915  3  18  4 1 1 1
     1916  3  18  5 1 1 1
     1917  3  18  6 1 1 1
     1918  3  18  7 1 1 1
     1919  3  18  8 1 1 1
     1920  3  18  9 1 1 1
     1921  3  18  10 1 1 1
     1922  3  18  11 1 1 1
     1923  3  18  12 1 1 1
     1924  3  18  13 1 1 1
     1925  3  18  14 1 1 1
     1926  3  18  15 1 1 1
     1927  3  18  16 1 1 1
     1928  3  18  17 1 1 1
     1929  3  18  18 1 1 1
     1930  3  18  19 1 1 1
     1931  3  18  20 1 1 1
     1932  3  18  21 1 1 1
     1933  3  19  1 1 1 1
     1934  3  19  2 1 1 1
     1935  3  19  3 1 1 1
     1936  3  19  4 1 1 1
     1937  3  19  5 1 1 1
     1938  3  19  6 1 1 1
     1939  3  19  7 1 1 1
     1940  3  19  8 1 1 1
     1941  3  19  9 1 1 1
     1942  3  19  10 1 1 1
     1943  3  19  11 1 1 1
     1944  3  19  12 1 1 1
     1945  3  19  13 1 1 1
     1946  3  19  14 1 1 1
     1947  3  19  15 1 1 1
     1948  3  19  16 1 1 1
     1949  3  19  17 1 1 1
     1950  3  19  18 1 1 1
     1951  3  19  19 1 1 1
     1952  3  19  20 1 1 1
     1953  3  19  21 1 1 1
     1954  3  20  1 1 1 1
     1955  3  20  2 1 1 1
     1956  3  20  3 1 1 1
     1957  3  20  4 1 1 1
     1958  3  20  5 1 1 1
     1959  3  20  6 1 1 1
     1960  3  20  7 1 1 1
     1961  3  20  8 1 1 1
     1962  3  20  9 1 1 1
     1963  3  20  10 1 1 1
     1964  3  20  11 1 1 1
     1965  3  20  12 1 1 1
     1966  3  20  13 1 1 1
     1967  3  20  14 1 1 1
     1968  3  20  15 1 1 1
     1969  3  20  16 1 1 1
     1970  3  20  17 1 1 1
     1971  3  20  18 1 1 1
     1972  3  20  19 1 1 1
     1973  3  20  20 1 1 1
     1974  3  20  21 1 1 1
     1975  3  21  1 1 1 1
     1976  3  21  2 1 1 1
     1977  3  21  3 1 1 1
     1978  3  21  4 1 1 1
     1979  3  21  5 1 1 1
     1980  3  21  6 1 1 1
     1981  3  21  7 1 1 1
     1982  3  21  8 1 1 1
     1983  3  21  9 1 1 1
     1984  3  21  10 1 1 1
     1985  3  21  11 1 1 1
     1986  3  21  12 1 1 1
     1987  3  21  13 1 1 1
     1988  3  21  14 1 1 1
     1989  3  21  15 1 1 1
     1990  3  21  16 1 1 1
     1991  3  21  17 1 1 1
     1992  3  21  18 1 1 1
     1993  3  21  19 1 1 1
     1994  3  21  20 1 1 1
     1995  3  21  21 1 1 1
     1996  3  22  1 1 1 1
     1997  3  22  2 1 1 1
     1998  3  22  3 1 1 1
     1999  3  22  4 1 1 1
     2000  3  22  5 1 1 1
     2001  3  22  6 1 1 1
     2002  3  22  7 1 1 1
     2003  3  22  8 1 1 1
     2004  3  22  9 1 1 1
     2005  3  22  10 1 1 1
     2006  3  22  11 1 1 1
     2007  3  22  12 1 1 1
     2008  3  22  13 1 1 1
     2009  3  22  14 1 1 1
     2010  3  22  15 1 1 1
     2011  3  22  16 1 1 1
     2012  3  22  17 1 1 1
     2013  3  22  18 1 1 1
     2014  3  22  19 1 1 1
     2015  3  22  20 1 1 1
     2016  3  22  21 1 1 1
     2017  3  23  1 1 1 1
     2018  3  23  2 1 1 1
     2019  3  23  3 1 1 1
     2020  3  23  4 1 1 1
     2021  3  23  5 1 1 1
     2022  3  23  6 1 1 1
     2023  3  23  7 1 1 1
     2024  3  23  8 1 1 1
     2025  3  23  9 1 1 1
     2026  3  23  10 1 1 1
     2027  3  23  11 1 1 1
     2028  3  23  12 1 1 1
     2029  3  23  13 1 1 1
     2030  3  23  14 1 1 1
     2031  3  23  15 1 1 1
     2032  3  23  16 1 1 1
     2033  3  23  17 1 1 1
     2034  3  23  18 1 1 1
     2035  3  23  19 1 1 1
     2036  3  23  20 1 1 1
     2037  3  23  21 1 1 1
     2038  3  24  1 1 1 1
     2039  3  24  2 1 1 1
     2040  3  24  3 1 1 1
     2041  3  24  4 1 1 1
     2042  3  24  5 1 1 1
     2043  3  24  6 1 1 1
     2044  3  24  7 1 1 1
     2045  3  24  8 1 1 1
     2046  3  24  9 1 1 1
     2047  3  24  10 1 1 1
     2048  3  24  11 1 1 1
     2049  3  24  12 1 1 1
     2050  3  24  13 1 1 1
     2051  3  24  14 1 1 1
     2052  3  24  15 1 1 1
     2053  3  24  16 1 1 1
     2054  3  24  17 1 1 1
     2055  3  24  18 1 1 1
     2056  3  24  19 1 1 1
     2057  3  24  20 1 1 1
     2058  3  24  21 1 1 1
     2059  3  25  1 1 1 1
     2060  3  25  2 1 1 1
     2061  3  25  3 1 1 1
     2062  3  25  4 1 1 1
     2063  3  25  5 1 1 1
     2064  3  25  6 1 1 1
     2065  3  25  7 1 1 1
     2066  3  25  8 1 1 1
     2067  3  25  9 1 1 1
     2068  3  25  10 1 1 1
     2069  3  25  11 1 1 1
     2070  3  25  12 1 1 1
     2071  3  25  13 1 1 1
     2072  3  25  14 1 1 1
     2073  3  25  15 1 1 1
     2074  3  25  16 1 1 1
     2075  3  25  17 1 1 1
     2076  3  25  18 1 1 1
     2077  3  25  19 1 1 1
     2078  3  25  20 1 1 1
     2079  3  25  21 1 1 1
     2080  3  26  1 1 1 1
     2081  3  26  2 1 1 1
     2082  3  26  3 1 1 1
     2083  3  26  4 1 1 1
     2084  3  26  5 1 1 1
     2085  3  26  6 1 1 1
     2086  3  26  7 1 1 1
     2087  3  26  8 1 1 1
     2088  3  26  9 1 1 1
     2089  3  26  10 1 1 1
     2090  3  26  11 1 1 1
     2091  3  26  12 1 1 1
     2092  3  26  13 1 1 1
     2093  3  26  14 1 1 1
     2094  3  26  15 1 1 1
     2095  3  26  16 1 1 1
     2096  3  26  17 1 1 1
     2097  3  26  18 1 1 1
     2098  3  26  19 1 1 1
     2099  3  26  20 1 1 1
     2100  3  26  21 1 1 1
     2101  3  27  1 1 1 1
     2102  3  27  2 1 1 1
     2103  3  27  3 1 1 1
     2104  3  27  4 1 1 1
     2105  3  27  5 1 1 1
     2106  3  27  6 1 1 1
     2107  3  27  7 1 1 1
     2108  3  27  8 1 1 1
     2109  3  27  9 1 1 1
     2110  3  27  10 1 1 1
     2111  3  27  11 1 1 1
     2112  3  27  12 1 1 1
     2113  3  27  13 1 1 1
     2114  3  27  14 1 1 1
     2115  3  27  15 1 1 1
     2116  3  27  16 1 1 1
     2117  3  27  17 1 1 1
     2118  3  27  18 1 1 1
     2119  3  27  19 1 1 1
     2120  3  27  20 1 1 1
     2121  3  27  21 1 1 1
     2122  3  28  1 1 1 1
     2123  3  28  2 1 1 1
     2124  3  28  3 1 1 1
     2125  3  28  4 1 1 1
     2126  3  28  5 1 1 1
     2127  3  28  6 1 1 1
     2128  3  28  7 1 1 1
     2129  3  28  8 1 1 1
     2130  3  28  9 1 1 1
     2131  3  28  10 1 1 1
     2132  3  28  11 1 1 1
     2133  3  28  12 1 1 1
     2134  3  28  13 1 1 1
     2135  3  28  14 1 1 1
     2136  3  28  15 1 1 1
     2137  3  28  16 1 1 1
     2138  3  28  17 1 1 1
     2139  3  28  18 1 1 1
     2140  3  28  19 1 1 1
     2141  3  28  20 1 1 1
     2142  3  28  21 1 1 1
     2143  3  29  1 1 1 1
     2144  3  29  2 1 1 1
     2145  3  29  3 1 1 1
     2146  3  29  4 1 1 1
     2147  3  29  5 1 1 1
     2148  3  29  6 1 1 1
     2149  3  29  7 1 1 1
     2150  3  29  8 1 1 1
     2151  3  29  9 1 1 1
     2152  3  29  10 1 1 1
     2153  3  29  11 1 1 1
     2154  3  29  12 1 1 1
     2155  3  29  13 1 1 1
     2156  3  29  14 1 1 1
     2157  3  29  15 1 1 1
     2158  3  29  16 1 1 1
     2159  3  29  17 1 1 1
     2160  3  29  18 1 1 1
     2161  3  29  19 1 1 1
     2162  3  29  20 1 1 1
     2163  3  29  21 1 1 1
     2164  3  30  1 1 1 1
     2165  3  30  2 1 1 1
     2166  3  30  3 1 1 1
     2167  3  30  4 1 1 1
     2168  3  30  5 1 1 1
     2169  3  30  6 1 1 1
     2170  3  30  7 1 1 1
     2171  3  30  8 1 1 1
     2172  3  30  9 1 1 1
     2173  3  30  10 1 1 1
     2174  3  30  11 1 1 1
     2175  3  30  12 1 1 1
     2176  3  30  13 1 1 1
     2177  3  30  14 1 1 1
     2178  3  30  15 1 1 1
     2179  3  30  16 1 1 1
     2180  3  30  17 1 1 1
     2181  3  30  18 1 1 1
     2182  3  30  19 1 1 1
     2183  3  30  20 1 1 1
     2184  3  30  21 1 1 1
     2185  3  31  1 1 1 1
     2186  3  31  2 1 1 1
     2187  3  31  3 1 1 1
     2188  3  31  4 1 1 1
     2189  3  31  5 1 1 1
     2190  3  31  6 1 1 1
     2191  3  31  7 1 1 1
     2192  3  31  8 1 1 1
     2193  3  31  9 1 1 1
     2194  3  31  10 1 1 1
     2195  3  31  11 1 1 1
     2196  3  31  12 1 1 1
     2197  3  31  13 1 1 1
     2198  3  31  14 1 1 1
     2199  3  31  15 1 1 1
     2200  3  31  16 1 1 1
     2201  3  31  17 1 1 1
     2202  3  31  18 1 1 1
     2203  3  31  19 1 1 1
     2204  3  31  20 1 1 1
     2205  3  31  21 1 1 1
     2206  3  32  1 1 1 1
     2207  3  32  2 1 1 1
     2208  3  32  3 1 1 1
     2209  3  32  4 1 1 1
     2210  3  32  5 1 1 1
     2211  3  32  6 1 1 1
     2212  3  32  7 1 1 1
     2213  3  32  8 1 1 1
     2214  3  32  9 1 1 1
     2215  3  32  10 1 1 1
     2216  3  32  11 1 1 1
     2217  3  32  12 1 1 1
     2218  3  32  13 1 1 1
     2219  3  32  14 1 1 1
     2220  3  32  15 1 1 1
     2221  3  32  16 1 1 1
     2222  3  32  17 1 1 1
     2223  3  32  18 1 1 1
     2224  3  32  19 1 1 1
     2225  3  32  20 1 1 1
     2226  3  32  21 1 1 1
     2227  3  33  1 1 1 1
     2228  3  33  2 1 1 1
     2229  3  33  3 1 1 1
     2230  3  33  4 1 1 1
     2231  3  33  5 1 1 1
     2232  3  33  6 1 1 1
     2233  3  33  7 1 1 1
     2234  3  33  8 1 1 1
     2235  3  33  9 1 1 1
     2236  3  33  10 1 1 1
     2237  3  33  11 1 1 1
     2238  3  33  12 1 1 1
     2239  3  33  13 1 1 1
     2240  3  33  14 1 1 1
     2241  3  33  15 1 1 1
     2242  3  33  16 1 1 1
     2243  3  33  17 1 1 1
     2244  3  33  18 1 1 1
     2245  3  33  19 1 1 1
     2246  3  33  20 1 1 1
     2247  3  33  21 1 1 1
     2248  3  34  1 1 1 1
     2249  3  34  2 1 1 1
     2250  3  34  3 1 1 1
     2251  3  34  4 1 1 1
     2252  3  34  5 1 1 1
     2253  3  34  6 1 1 1
     2254  3  34  7 1 1 1
     2255  3  34  8 1 1 1
     2256  3  34  9 1 1 1
     2257  3  34  10 1 1 1
     2258  3  34  11 1 1 1
     2259  3  34  12 1 1 1
     2260  3  34  13 1 1 1
     2261  3  34  14 1 1 1
     2262  3  34  15 1 1 1
     2263  3  34  16 1 1 1
     2264  3  34  17 1 1 1
     2265  3  34  18 1 1 1
     2266  3  34  19 1 1 1
     2267  3  34  20 1 1 1
     2268  3  34  21 1 1 1
     2269  3  35  1 1 1 1
     2270  3  35  2 1 1 1
     2271  3  35  3 1 1 1
     2272  3  35  4 1 1 1
     2273  3  35  5 1 1 1
     2274  3  35  6 1 1 1
     2275  3  35  7 1 1 1
     2276  3  35  8 1 1 1
     2277  3  35  9 1 1 1
     2278  3  35  10 1 1 1
     2279  3  35  11 1 1 1
     2280  3  35  12 1 1 1
     2281  3  35  13 1 1 1
     2282  3  35  14 1 1 1
     2283  3  35  15 1 1 1
     2284  3  35  16 1 1 1
     2285  3  35  17 1 1 1
     2286  3  35  18 1 1 1
     2287  3  35  19 1 1 1
     2288  3  35  20 1 1 1
     2289  3  35  21 1 1 1
     2290  3  36  1 1 1 1
     2291  3  36  2 1 1 1
     2292  3  36  3 1 1 1
     2293  3  36  4 1 1 1
     2294  3  36  5 1 1 1
     2295  3  36  6 1 1 1
     2296  3  36  7 1 1 1
     2297  3  36  8 1 1 1
     2298  3  36  9 1 1 1
     2299  3  36  10 1 1 1
     2300  3  36  11 1 1 1
     2301  3  36  12 1 1 1
     2302  3  36  13 1 1 1
     2303  3  36  14 1 1 1
     2304  3  36  15 1 1 1
     2305  3  36  16 1 1 1
     2306  3  36  17 1 1 1
     2307  3  36  18 1 1 1
     2308  3  36  19 1 1 1
     2309  3  36  20 1 1 1
     2310  3  36  21 1 1 1
     2311  3  37  1 1 1 1
     2312  3  37  2 1 1 1
     2313  3  37  3 1 1 1
     2314  3  37  4 1 1 1
     2315  3  37  5 1 1 1
     2316  3  37  6 1 1 1
     2317  3  37  7 1 1 1
     2318  3  37  8 1 1 1
     2319  3  37  9 1 1 1
     2320  3  37  10 1 1 1
     2321  3  37  11 1 1 1
     2322  3  37  12 1 1 1
     2323  3  37  13 1 1 1
     2324  3  37  14 1 1 1
     2325  3  37  15 1 1 1
     2326  3  37  16 1 1 1
     2327  3  37  17 1 1 1
     2328  3  37  18 1 1 1
     2329  3  37  19 1 1 1
     2330  3  37  20 1 1 1
     2331  3  37  21 1 1 1
     2332  4  1  1 1 1 1
     2333  4  1  2 1 1 1
     2334  4  1  3 1 1 1
     2335  4  1  4 1 1 1
     2336  4  1  5 1 1 1
     2337  4  1  6 1 1 1
     2338  4  1  7 1 1 1
     2339  4  1  8 1 1 1
     2340  4  1  9 1 1 1
     2341  4  1  10 1 1 1
     2342  4  1  11 1 1 1
     2343  4  1  12 1 1 1
     2344  4  1  13 1 1 1
     2345  4  1  14 1 1 1
     2346  4  1  15 1 1 1
     2347  4  1  16 1 1 1
     2348  4  1  17 1 1 1
     2349  4  1  18 1 1 1
     2350  4  1  19 1 1 1
     2351  4  1  20 1 1 1
     2352  4  1  21 1 1 1
     2353  4  2  1 1 1 1
     2354  4  2  2 1 1 1
     2355  4  2  3 1 1 1
     2356  4  2  4 1 1 1
     2357  4  2  5 1 1 1
     2358  4  2  6 1 1 1
     2359  4  2  7 1 1 1
     2360  4  2  8 1 1 1
     2361  4  2  9 1 1 1
     2362  4  2  10 1 1 1
     2363  4  2  11 1 1 1
     2364  4  2  12 1 1 1
     2365  4  2  13 1 1 1
     2366  4  2  14 1 1 1
     2367  4  2  15 1 1 1
     2368  4  2  16 1 1 1
     2369  4  2  17 1 1 1
     2370  4  2  18 1 1 1
     2371  4  2  19 1 1 1
     2372  4  2  20 1 1 1
     2373  4  2  21 1 1 1
     2374  4  3  1 1 1 1
     2375  4  3  2 1 1 1
     2376  4  3  3 1 1 1
     2377  4  3  4 1 1 1
     2378  4  3  5 1 1 1
     2379  4  3  6 1 1 1
     2380  4  3  7 1 1 1
     2381  4  3  8 1 1 1
     2382  4  3  9 1 1 1
     2383  4  3  10 1 1 1
     2384  4  3  11 1 1 1
     2385  4  3  12 1 1 1
     2386  4  3  13 1 1 1
     2387  4  3  14 1 1 1
     2388  4  3  15 1 1 1
     2389  4  3  16 1 1 1
     2390  4  3  17 1 1 1
     2391  4  3  18 1 1 1
     2392  4  3  19 1 1 1
     2393  4  3  20 1 1 1
     2394  4  3  21 1 1 1
     2395  4  4  1 1 1 1
     2396  4  4  2 1 1 1
     2397  4  4  3 1 1 1
     2398  4  4  4 1 1 1
     2399  4  4  5 1 1 1
     2400  4  4  6 1 1 1
     2401  4  4  7 1 1 1
     2402  4  4  8 1 1 1
     2403  4  4  9 1 1 1
     2404  4  4  10 1 1 1
     2405  4  4  11 1 1 1
     2406  4  4  12 1 1 1
     2407  4  4  13 1 1 1
     2408  4  4  14 1 1 1
     2409  4  4  15 1 1 1
     2410  4  4  16 1 1 1
     2411  4  4  17 1 1 1
     2412  4  4  18 1 1 1
     2413  4  4  19 1 1 1
     2414  4  4  20 1 1 1
     2415  4  4  21 1 1 1
     2416  4  5  1 1 1 1
     2417  4  5  2 1 1 1
     2418  4  5  3 1 1 1
     2419  4  5  4 1 1 1
     2420  4  5  5 1 1 1
     2421  4  5  6 1 1 1
     2422  4  5  7 1 1 1
     2423  4  5  8 1 1 1
     2424  4  5  9 1 1 1
     2425  4  5  10 1 1 1
     2426  4  5  11 1 1 1
     2427  4  5  12 1 1 1
     2428  4  5  13 1 1 1
     2429  4  5  14 1 1 1
     2430  4  5  15 1 1 1
     2431  4  5  16 1 1 1
     2432  4  5  17 1 1 1
     2433  4  5  18 1 1 1
     2434  4  5  19 1 1 1
     2435  4  5  20 1 1 1
     2436  4  5  21 1 1 1
     2437  4  6  1 1 1 1
     2438  4  6  2 1 1 1
     2439  4  6  3 1 1 1
     2440  4  6  4 1 1 1
     2441  4  6  5 1 1 1
     2442  4  6  6 1 1 1
     2443  4  6  7 1 1 1
     2444  4  6  8 1 1 1
     2445  4  6  9 1 1 1
     2446  4  6  10 1 1 1
     2447  4  6  11 1 1 1
     2448  4  6  12 1 1 1
     2449  4  6  13 1 1 1
     2450  4  6  14 1 1 1
     2451  4  6  15 1 1 1
     2452  4  6  16 1 1 1
     2453  4  6  17 1 1 1
     2454  4  6  18 1 1 1
     2455  4  6  19 1 1 1
     2456  4  6  20 1 1 1
     2457  4  6  21 1 1 1
     2458  4  7  1 1 1 1
     2459  4  7  2 1 1 1
     2460  4  7  3 1 1 1
     2461  4  7  4 1 1 1
     2462  4  7  5 1 1 1
     2463  4  7  6 1 1 1
     2464  4  7  7 1 1 1
     2465  4  7  8 1 1 1
     2466  4  7  9 1 1 1
     2467  4  7  10 1 1 1
     2468  4  7  11 1 1 1
     2469  4  7  12 1 1 1
     2470  4  7  13 1 1 1
     2471  4  7  14 1 1 1
     2472  4  7  15 1 1 1
     2473  4  7  16 1 1 1
     2474  4  7  17 1 1 1
     2475  4  7  18 1 1 1
     2476  4  7  19 1 1 1
     2477  4  7  20 1 1 1
     2478  4  7  21 1 1 1
     2479  4  8  1 1 1 1
     2480  4  8  2 1 1 1
     2481  4  8  3 1 1 1
     2482  4  8  4 1 1 1
     2483  4  8  5 1 1 1
     2484  4  8  6 1 1 1
     2485  4  8  7 1 1 1
     2486  4  8  8 1 1 1
     2487  4  8  9 1 1 1
     2488  4  8  10 1 1 1
     2489  4  8  11 1 1 1
     2490  4  8  12 1 1 1
     2491  4  8  13 1 1 1
     2492  4  8  14 1 1 1
     2493  4  8  15 1 1 1
     2494  4  8  16 1 1 1
     2495  4  8  17 1 1 1
     2496  4  8  18 1 1 1
     2497  4  8  19 1 1 1
     2498  4  8  20 1 1 1
     2499  4  8  21 1 1 1
     2500  4  9  1 1 1 1
     2501  4  9  2 1 1 1
     2502  4  9  3 1 1 1
     2503  4  9  4 1 1 1
     2504  4  9  5 1 1 1
     2505  4  9  6 1 1 1
     2506  4  9  7 1 1 1
     2507  4  9  8 1 1 1
     2508  4  9  9 1 1 1
     2509  4  9  10 1 1 1
     2510  4  9  11 1 1 1
     2511  4  9  12 1 1 1
     2512  4  9  13 1 1 1
     2513  4  9  14 1 1 1
     2514  4  9  15 1 1 1
     2515  4  9  16 1 1 1
     2516  4  9  17 1 1 1
     2517  4  9  18 1 1 1
     2518  4  9  19 1 1 1
     2519  4  9  20 1 1 1
     2520  4  9  21 1 1 1
     2521  4  10  1 1 1 1
     2522  4  10  2 1 1 1
     2523  4  10  3 1 1 1
     2524  4  10  4 1 1 1
     2525  4  10  5 1 1 1
     2526  4  10  6 1 1 1
     2527  4  10  7 1 1 1
     2528  4  10  8 1 1 1
     2529  4  10  9 1 1 1
     2530  4  10  10 1 1 1
     2531  4  10  11 1 1 1
     2532  4  10  12 1 1 1
     2533  4  10  13 1 1 1
     2534  4  10  14 1 1 1
     2535  4  10  15 1 1 1
     2536  4  10  16 1 1 1
     2537  4  10  17 1 1 1
     2538  4  10  18 1 1 1
     2539  4  10  19 1 1 1
     2540  4  10  20 1 1 1
     2541  4  10  21 1 1 1
     2542  4  11  1 1 1 1
     2543  4  11  2 1 1 1
     2544  4  11  3 1 1 1
     2545  4  11  4 1 1 1
     2546  4  11  5 1 1 1
     2547  4  11  6 1 1 1
     2548  4  11  7 1 1 1
     2549  4  11  8 1 1 1
     2550  4  11  9 1 1 1
     2551  4  11  10 1 1 1
     2552  4  11  11 1 1 1
     2553  4  11  12 1 1 1
     2554  4  11  13 1 1 1
     2555  4  11  14 1 1 1
     2556  4  11  15 1 1 1
     2557  4  11  16 1 1 1
     2558  4  11  17 1 1 1
     2559  4  11  18 1 1 1
     2560  4  11  19 1 1 1
     2561  4  11  20 1 1 1
     2562  4  11  21 1 1 1
     2563  4  12  1 1 1 1
     2564  4  12  2 1 1 1
     2565  4  12  3 1 1 1
     2566  4  12  4 1 1 1
     2567  4  12  5 1 1 1
     2568  4  12  6 1 1 1
     2569  4  12  7 1 1 1
     2570  4  12  8 1 1 1
     2571  4  12  9 1 1 1
     2572  4  12  10 1 1 1
     2573  4  12  11 1 1 1
     2574  4  12  12 1 1 1
     2575  4  12  13 1 1 1
     2576  4  12  14 1 1 1
     2577  4  12  15 1 1 1
     2578  4  12  16 1 1 1
     2579  4  12  17 1 1 1
     2580  4  12  18 1 1 1
     2581  4  12  19 1 1 1
     2582  4  12  20 1 1 1
     2583  4  12  21 1 1 1
     2584  4  13  1 1 1 1
     2585  4  13  2 1 1 1
     2586  4  13  3 1 1 1
     2587  4  13  4 1 1 1
     2588  4  13  5 1 1 1
     2589  4  13  6 1 1 1
     2590  4  13  7 1 1 1
     2591  4  13  8 1 1 1
     2592  4  13  9 1 1 1
     2593  4  13  10 1 1 1
     2594  4  13  11 1 1 1
     2595  4  13  12 1 1 1
     2596  4  13  13 1 1 1
     2597  4  13  14 1 1 1
     2598  4  13  15 1 1 1
     2599  4  13  16 1 1 1
     2600  4  13  17 1 1 1
     2601  4  13  18 1 1 1
     2602  4  13  19 1 1 1
     2603  4  13  20 1 1 1
     2604  4  13  21 1 1 1
     2605  4  14  1 1 1 1
     2606  4  14  2 1 1 1
     2607  4  14  3 1 1 1
     2608  4  14  4 1 1 1
     2609  4  14  5 1 1 1
     2610  4  14  6 1 1 1
     2611  4  14  7 1 1 1
     2612  4  14  8 1 1 1
     2613  4  14  9 1 1 1
     2614  4  14  10 1 1 1
     2615  4  14  11 1 1 1
     2616  4  14  12 1 1 1
     2617  4  14  13 1 1 1
     2618  4  14  14 1 1 1
     2619  4  14  15 1 1 1
     2620  4  14  16 1 1 1
     2621  4  14  17 1 1 1
     2622  4  14  18 1 1 1
     2623  4  14  19 1 1 1
     2624  4  14  20 1 1 1
     2625  4  14  21 1 1 1
     2626  4  15  1 1 1 1
     2627  4  15  2 1 1 1
     2628  4  15  3 1 1 1
     2629  4  15  4 1 1 1
     2630  4  15  5 1 1 1
     2631  4  15  6 1 1 1
     2632  4  15  7 1 1 1
     2633  4  15  8 1 1 1
     2634  4  15  9 1 1 1
     2635  4  15  10 1 1 1
     2636  4  15  11 1 1 1
     2637  4  15  12 1 1 1
     2638  4  15  13 1 1 1
     2639  4  15  14 1 1 1
     2640  4  15  15 1 1 1
     2641  4  15  16 1 1 1
     2642  4  15  17 1 1 1
     2643  4  15  18 1 1 1
     2644  4  15  19 1 1 1
     2645  4  15  20 1 1 1
     2646  4  15  21 1 1 1
     2647  4  16  1 1 1 1
     2648  4  16  2 1 1 1
     2649  4  16  3 1 1 1
     2650  4  16  4 1 1 1
     2651  4  16  5 1 1 1
     2652  4  16  6 1 1 1
     2653  4  16  7 1 1 1
     2654  4  16  8 1 1 1
     2655  4  16  9 1 1 1
     2656  4  16  10 1 1 1
     2657  4  16  11 1 1 1
     2658  4  16  12 1 1 1
     2659  4  16  13 1 1 1
     2660  4  16  14 1 1 1
     2661  4  16  15 1 1 1
     2662  4  16  16 1 1 1
     2663  4  16  17 1 1 1
     2664  4  16  18 1 1 1
     2665  4  16  19 1 1 1
     2666  4  16  20 1 1 1
     2667  4  16  21 1 1 1
     2668  4  17  1 1 1 1
     2669  4  17  2 1 1 1
     2670  4  17  3 1 1 1
     2671  4  17  4 1 1 1
     2672  4  17  5 1 1 1
     2673  4  17  6 1 1 1
     2674  4  17  7 1 1 1
     2675  4  17  8 1 1 1
     2676  4  17  9 1 1 1
     2677  4  17  10 1 1 1
     2678  4  17  11 1 1 1
     2679  4  17  12 1 1 1
     2680  4  17  13 1 1 1
     2681  4  17  14 1 1 1
     2682  4  17  15 1 1 1
     2683  4  17  16 1 1 1
     2684  4  17  17 1 1 1
     2685  4  17  18 1 1 1
     2686  4  17  19 1 1 1
     2687  4  17  20 1 1 1
     2688  4  17  21 1 1 1
     2689  4  18  1 1 1 1
     2690  4  18  2 1 1 1
     2691  4  18  3 1 1 1
     2692  4  18  4 1 1 1
     2693  4  18  5 1 1 1
     2694  4  18  6 1 1 1
     2695  4  18  7 1 1 1
     2696  4  18  8 1 1 1
     2697  4  18  9 1 1 1
     2698  4  18  10 1 1 1
     2699  4  18  11 1 1 1
     2700  4  18  12 1 1 1
     2701  4  18  13 1 1 1
     2702  4  18  14 1 1 1
     2703  4  18  15 1 1 1
     2704  4  18  16 1 1 1
     2705  4  18  17 1 1 1
     2706  4  18  18 1 1 1
     2707  4  18  19 1 1 1
     2708  4  18  20 1 1 1
     2709  4  18  21 1 1 1
     2710  4  19  1 1 1 1
     2711  4  19  2 1 1 1
     2712  4  19  3 1 1 1
     2713  4  19  4 1 1 1
     2714  4  19  5 1 1 1
     2715  4  19  6 1 1 1
     2716  4  19  7 1 1 1
     2717  4  19  8 1 1 1
     2718  4  19  9 1 1 1
     2719  4  19  10 1 1 1
     2720  4  19  11 1 1 1
     2721  4  19  12 1 1 1
     2722  4  19  13 1 1 1
     2723  4  19  14 1 1 1
     2724  4  19  15 1 1 1
     2725  4  19  16 1 1 1
     2726  4  19  17 1 1 1
     2727  4  19  18 1 1 1
     2728  4  19  19 1 1 1
     2729  4  19  20 1 1 1
     2730  4  19  21 1 1 1
     2731  4  20  1 1 1 1
     2732  4  20  2 1 1 1
     2733  4  20  3 1 1 1
     2734  4  20  4 1 1 1
     2735  4  20  5 1 1 1
     2736  4  20  6 1 1 1
     2737  4  20  7 1 1 1
     2738  4  20  8 1 1 1
     2739  4  20  9 1 1 1
     2740  4  20  10 1 1 1
     2741  4  20  11 1 1 1
     2742  4  20  12 1 1 1
     2743  4  20  13 1 1 1
     2744  4  20  14 1 1 1
     2745  4  20  15 1 1 1
     2746  4  20  16 1 1 1
     2747  4  20  17 1 1 1
     2748  4  20  18 1 1 1
     2749  4  20  19 1 1 1
     2750  4  20  20 1 1 1
     2751  4  20  21 1 1 1
     2752  4  21  1 1 1 1
     2753  4  21  2 1 1 1
     2754  4  21  3 1 1 1
     2755  4  21  4 1 1 1
     2756  4  21  5 1 1 1
     2757  4  21  6 1 1 1
     2758  4  21  7 1 1 1
     2759  4  21  8 1 1 1
     2760  4  21  9 1 1 1
     2761  4  21  10 1 1 1
     2762  4  21  11 1 1 1
     2763  4  21  12 1 1 1
     2764  4  21  13 1 1 1
     2765  4  21  14 1 1 1
     2766  4  21  15 1 1 1
     2767  4  21  16 1 1 1
     2768  4  21  17 1 1 1
     2769  4  21  18 1 1 1
     2770  4  21  19 1 1 1
     2771  4  21  20 1 1 1
     2772  4  21  21 1 1 1
     2773  4  22  1 1 1 1
     2774  4  22  2 1 1 1
     2775  4  22  3 1 1 1
     2776  4  22  4 1 1 1
     2777  4  22  5 1 1 1
     2778  4  22  6 1 1 1
     2779  4  22  7 1 1 1
     2780  4  22  8 1 1 1
     2781  4  22  9 1 1 1
     2782  4  22  10 1 1 1
     2783  4  22  11 1 1 1
     2784  4  22  12 1 1 1
     2785  4  22  13 1 1 1
     2786  4  22  14 1 1 1
     2787  4  22  15 1 1 1
     2788  4  22  16 1 1 1
     2789  4  22  17 1 1 1
     2790  4  22  18 1 1 1
     2791  4  22  19 1 1 1
     2792  4  22  20 1 1 1
     2793  4  22  21 1 1 1
     2794  4  23  1 1 1 1
     2795  4  23  2 1 1 1
     2796  4  23  3 1 1 1
     2797  4  23  4 1 1 1
     2798  4  23  5 1 1 1
     2799  4  23  6 1 1 1
     2800  4  23  7 1 1 1
     2801  4  23  8 1 1 1
     2802  4  23  9 1 1 1
     2803  4  23  10 1 1 1
     2804  4  23  11 1 1 1
     2805  4  23  12 1 1 1
     2806  4  23  13 1 1 1
     2807  4  23  14 1 1 1
     2808  4  23  15 1 1 1
     2809  4  23  16 1 1 1
     2810  4  23  17 1 1 1
     2811  4  23  18 1 1 1
     2812  4  23  19 1 1 1
     2813  4  23  20 1 1 1
     2814  4  23  21 1 1 1
     2815  4  24  1 1 1 1
     2816  4  24  2 1 1 1
     2817  4  24  3 1 1 1
     2818  4  24  4 1 1 1
     2819  4  24  5 1 1 1
     2820  4  24  6 1 1 1
     2821  4  24  7 1 1 1
     2822  4  24  8 1 1 1
     2823  4  24  9 1 1 1
     2824  4  24  10 1 1 1
     2825  4  24  11 1 1 1
     2826  4  24  12 1 1 1
     2827  4  24  13 1 1 1
     2828  4  24  14 1 1 1
     2829  4  24  15 1 1 1
     2830  4  24  16 1 1 1
     2831  4  24  17 1 1 1
     2832  4  24  18 1 1 1
     2833  4  24  19 1 1 1
     2834  4  24  20 1 1 1
     2835  4  24  21 1 1 1
     2836  4  25  1 1 1 1
     2837  4  25  2 1 1 1
     2838  4  25  3 1 1 1
     2839  4  25  4 1 1 1
     2840  4  25  5 1 1 1
     2841  4  25  6 1 1 1
     2842  4  25  7 1 1 1
     2843  4  25  8 1 1 1
     2844  4  25  9 1 1 1
     2845  4  25  10 1 1 1
     2846  4  25  11 1 1 1
     2847  4  25  12 1 1 1
     2848  4  25  13 1 1 1
     2849  4  25  14 1 1 1
     2850  4  25  15 1 1 1
     2851  4  25  16 1 1 1
     2852  4  25  17 1 1 1
     2853  4  25  18 1 1 1
     2854  4  25  19 1 1 1
     2855  4  25  20 1 1 1
     2856  4  25  21 1 1 1
     2857  4  26  1 1 1 1
     2858  4  26  2 1 1 1
     2859  4  26  3 1 1 1
     2860  4  26  4 1 1 1
     2861  4  26  5 1 1 1
     2862  4  26  6 1 1 1
     2863  4  26  7 1 1 1
     2864  4  26  8 1 1 1
     2865  4  26  9 1 1 1
     2866  4  26  10 1 1 1
     2867  4  26  11 1 1 1
     2868  4  26  12 1 1 1
     2869  4  26  13 1 1 1
     2870  4  26  14 1 1 1
     2871  4  26  15 1 1 1
     2872  4  26  16 1 1 1
     2873  4  26  17 1 1 1
     2874  4  26  18 1 1 1
     2875  4  26  19 1 1 1
     2876  4  26  20 1 1 1
     2877  4  26  21 1 1 1
     2878  4  27  1 1 1 1
     2879  4  27  2 1 1 1
     2880  4  27  3 1 1 1
     2881  4  27  4 1 1 1
     2882  4  27  5 1 1 1
     2883  4  27  6 1 1 1
     2884  4  27  7 1 1 1
     2885  4  27  8 1 1 1
     2886  4  27  9 1 1 1
     2887  4  27  10 1 1 1
     2888  4  27  11 1 1 1
     2889  4  27  12 1 1 1
     2890  4  27  13 1 1 1
     2891  4  27  14 1 1 1
     2892  4  27  15 1 1 1
     2893  4  27  16 1 1 1
     2894  4  27  17 1 1 1
     2895  4  27  18 1 1 1
     2896  4  27  19 1 1 1
     2897  4  27  20 1 1 1
     2898  4  27  21 1 1 1
     2899  4  28  1 1 1 1
     2900  4  28  2 1 1 1
     2901  4  28  3 1 1 1
     2902  4  28  4 1 1 1
     2903  4  28  5 1 1 1
     2904  4  28  6 1 1 1
     2905  4  28  7 1 1 1
     2906  4  28  8 1 1 1
     2907  4  28  9 1 1 1
     2908  4  28  10 1 1 1
     2909  4  28  11 1 1 1
     2910  4  28  12 1 1 1
     2911  4  28  13 1 1 1
     2912  4  28  14 1 1 1
     2913  4  28  15 1 1 1
     2914  4  28  16 1 1 1
     2915  4  28  17 1 1 1
     2916  4  28  18 1 1 1
     2917  4  28  19 1 1 1
     2918  4  28  20 1 1 1
     2919  4  28  21 1 1 1
     2920  4  29  1 1 1 1
     2921  4  29  2 1 1 1
     2922  4  29  3 1 1 1
     2923  4  29  4 1 1 1
     2924  4  29  5 1 1 1
     2925  4  29  6 1 1 1
     2926  4  29  7 1 1 1
     2927  4  29  8 1 1 1
     2928  4  29  9 1 1 1
     2929  4  29  10 1 1 1
     2930  4  29  11 1 1 1
     2931  4  29  12 1 1 1
     2932  4  29  13 1 1 1
     2933  4  29  14 1 1 1
     2934  4  29  15 1 1 1
     2935  4  29  16 1 1 1
     2936  4  29  17 1 1 1
     2937  4  29  18 1 1 1
     2938  4  29  19 1 1 1
     2939  4  29  20 1 1 1
     2940  4  29  21 1 1 1
     2941  4  30  1 1 1 1
     2942  4  30  2 1 1 1
     2943  4  30  3 1 1 1
     2944  4  30  4 1 1 1
     2945  4  30  5 1 1 1
     2946  4  30  6 1 1 1
     2947  4  30  7 1 1 1
     2948  4  30  8 1 1 1
     2949  4  30  9 1 1 1
     2950  4  30  10 1 1 1
     2951  4  30  11 1 1 1
     2952  4  30  12 1 1 1
     2953  4  30  13 1 1 1
     2954  4  30  14 1 1 1
     2955  4  30  15 1 1 1
     2956  4  30  16 1 1 1
     2957  4  30  17 1 1 1
     2958  4  30  18 1 1 1
     2959  4  30  19 1 1 1
     2960  4  30  20 1 1 1
     2961  4  30  21 1 1 1
     2962  4  31  1 1 1 1
     2963  4  31  2 1 1 1
     2964  4  31  3 1 1 1
     2965  4  31  4 1 1 1
     2966  4  31  5 1 1 1
     2967  4  31  6 1 1 1
     2968  4  31  7 1 1 1
     2969  4  31  8 1 1 1
     2970  4  31  9 1 1 1
     2971  4  31  10 1 1 1
     2972  4  31  11 1 1 1
     2973  4  31  12 1 1 1
     2974  4  31  13 1 1 1
     2975  4  31  14 1 1 1
     2976  4  31  15 1 1 1
     2977  4  31  16 1 1 1
     2978  4  31  17 1 1 1
     2979  4  31  18 1 1 1
     2980  4  31  19 1 1 1
     2981  4  31  20 1 1 1
     2982  4  31  21 1 1 1
     2983  4  32  1 1 1 1
     2984  4  32  2 1 1 1
     2985  4  32  3 1 1 1
     2986  4  32  4 1 1 1
     2987  4  32  5 1 1 1
     2988  4  32  6 1 1 1
     2989  4  32  7 1 1 1
     2990  4  32  8 1 1 1
     2991  4  32  9 1 1 1
     2992  4  32  10 1 1 1
     2993  4  32  11 1 1 1
     2994  4  32  12 1 1 1
     2995  4  32  13 1 1 1
     2996  4  32  14 1 1 1
     2997  4  32  15 1 1 1
     2998  4  32  16 1 1 1
     2999  4  32  17 1 1 1
     3000  4  32  18 1 1 1
     3001  4  32  19 1 1 1
     3002  4  32  20 1 1 1
     3003  4  32  21 1 1 1
     3004  4  33  1 1 1 1
     3005  4  33  2 1 1 1
     3006  4  33  3 1 1 1
     3007  4  33  4 1 1 1
     3008  4  33  5 1 1 1
     3009  4  33  6 1 1 1
     3010  4  33  7 1 1 1
     3011  4  33  8 1 1 1
     3012  4  33  9 1 1 1
     3013  4  33  10 1 1 1
     3014  4  33  11 1 1 1
     3015  4  33  12 1 1 1
     3016  4  33  13 1 1 1
     3017  4  33  14 1 1 1
     3018  4  33  15 1 1 1
     3019  4  33  16 1 1 1
     3020  4  33  17 1 1 1
     3021  4  33  18 1 1 1
     3022  4  33  19 1 1 1
     3023  4  33  20 1 1 1
     3024  4  33  21 1 1 1
     3025  4  34  1 1 1 1
     3026  4  34  2 1 1 1
     3027  4  34  3 1 1 1
     3028  4  34  4 1 1 1
     3029  4  34  5 1 1 1
     3030  4  34  6 1 1 1
     3031  4  34  7 1 1 1
     3032  4  34  8 1 1 1
     3033  4  34  9 1 1 1
     3034  4  34  10 1 1 1
     3035  4  34  11 1 1 1
     3036  4  34  12 1 1 1
     3037  4  34  13 1 1 1
     3038  4  34  14 1 1 1
     3039  4  34  15 1 1 1
     3040  4  34  16 1 1 1
     3041  4  34  17 1 1 1
     3042  4  34  18 1 1 1
     3043  4  34  19 1 1 1
     3044  4  34  20 1 1 1
     3045  4  34  21 1 1 1
     3046  4  35  1 1 1 1
     3047  4  35  2 1 1 1
     3048  4  35  3 1 1 1
     3049  4  35  4 1 1 1
     3050  4  35  5 1 1 1
     3051  4  35  6 1 1 1
     3052  4  35  7 1 1 1
     3053  4  35  8 1 1 1
     3054  4  35  9 1 1 1
     3055  4  35  10 1 1 1
     3056  4  35  11 1 1 1
     3057  4  35  12 1 1 1
     3058  4  35  13 1 1 1
     3059  4  35  14 1 1 1
     3060  4  35  15 1 1 1
     3061  4  35  16 1 1 1
     3062  4  35  17 1 1 1
     3063  4  35  18 1 1 1
     3064  4  35  19 1 1 1
     3065  4  35  20 1 1 1
     3066  4  35  21 1 1 1
     3067  4  36  1 1 1 1
     3068  4  36  2 1 1 1
     3069  4  36  3 1 1 1
     3070  4  36  4 1 1 1
     3071  4  36  5 1 1 1
     3072  4  36  6 1 1 1
     3073  4  36  7 1 1 1
     3074  4  36  8 1 1 1
     3075  4  36  9 1 1 1
     3076  4  36  10 1 1 1
     3077  4  36  11 1 1 1
     3078  4  36  12 1 1 1
     3079  4  36  13 1 1 1
     3080  4  36  14 1 1 1
     3081  4  36  15 1 1 1
     3082  4  36  16 1 1 1
     3083  4  36  17 1 1 1
     3084  4  36  18 1 1 1
     3085  4  36  19 1 1 1
     3086  4  36  20 1 1 1
     3087  4  36  21 1 1 1
     3088  4  37  1 1 1 1
     3089  4  37  2 1 1 1
     3090  4  37  3 1 1 1
     3091  4  37  4 1 1 1
     3092  4  37  5 1 1 1
     3093  4  37  6 1 1 1
     3094  4  37  7 1 1 1
     3095  4  37  8 1 1 1
     3096  4  37  9 1 1 1
     3097  4  37  10 1 1 1
     3098  4  37  11 1 1 1
     3099  4  37  12 1 1 1
     3100  4  37  13 1 1 1
     3101  4  37  14 1 1 1
     3102  4  37  15 1 1 1
     3103  4  37  16 1 1 1
     3104  4  37  17 1 1 1
     3105  4  37  18 1 1 1
     3106  4  37  19 1 1 1
     3107  4  37  20 1 1 1
     3108  4  37  21 1 1 1