>GEOMETRY   rect_prism; AX,AY,AZ= 0.7780 0.7780 0.7780
     1444 = NAT 
  1.000000  0.000000  0.000000 = A_1 vector
  0.000000  1.000000  0.000000 = A_2 vector
  1.000000  1.000000  1.000000 = lattice spacings (d_x,d_y,d_z)/d
 -0.00000 -0.18950 -0.18540 = lattice offset x0(1-3) = (x_TF, y_TF, z_TF)/d for dipole 0 0 0
     JA  IX  IY  IZ ICOMP(x,y,z)
     1  1  1  1 1 1 1
     2  1  1  2 1 1 1
     3  1  1  3 1 1 1
     4  1  1  4 1 1 1
     5  1  1  5 1 1 1
     6  1  1  6 1 1 1
     7  1  1  7 1 1 1
     8  1  1  8 1 1 1
     9  1  1  9 1 1 1
     10  1  1  10 1 1 1
     11  1  1  11 1 1 1
     12  1  1  12 1 1 1
     13  1  1  13 1 1 1
     14  1  1  14 1 1 1
     15  1  1  15 1 1 1
     16  1  1  16 1 1 1
     17  1  1  17 1 1 1
     18  1  1  18 1 1 1
     19  1  1  19 1 1 1
     20  1  1  20 1 1 1
     21  1  1  21 1 1 1
     22  1  1  22 1 1 1
     23  1  1  23 1 1 1
     24  1  1  24 1 1 1
     25  1  1  25 1 1 1
     26  1  1  26 1 1 1
     27  1  1  27 1 1 1
     28  1  1  28 1 1 1
     29  1  1  29 1 1 1
     30  1  1  30 1 1 1
     31  1  1  31 1 1 1
     32  1  1  32 1 1 1
     33  1  1  33 1 1 1
     34  1  1  34 1 1 1
     35  1  1  35 1 1 1
     36  1  1  36 1 1 1
     37  1  1  37 1 1 1
     38  1  1  38 1 1 1
     39  1  2  1 1 1 1
     40  1  2  2 1 1 1
     41  1  2  3 1 1 1
     42  1  2  4 1 1 1
     43  1  2  5 1 1 1
     44  1  2  6 1 1 1
     45  1  2  7 1 1 1
     46  1  2  8 1 1 1
     47  1  2  9 1 1 1
     48  1  2  10 1 1 1
     49  1  2  11 1 1 1
     50  1  2  12 1 1 1
     51  1  2  13 1 1 1
     52  1  2  14 1 1 1
     53  1  2  15 1 1 1
     54  1  2  16 1 1 1
     55  1  2  17 1 1 1
     56  1  2  18 1 1 1
     57  1  2  19 1 1 1
     58  1  2  20 1 1 1
     59  1  2  21 1 1 1
     60  1  2  22 1 1 1
     61  1  2  23 1 1 1
     62  1  2  24 1 1 1
     63  1  2  25 1 1 1
     64  1  2  26 1 1 1
     65  1  2  27 1 1 1
     66  1  2  28 1 1 1
     67  1  2  29 1 1 1
     68  1  2  30 1 1 1
     69  1  2  31 1 1 1
     70  1  2  32 1 1 1
     71  1  2  33 1 1 1
     72  1  2  34 1 1 1
     73  1  2  35 1 1 1
     74  1  2  36 1 1 1
     75  1  2  37 1 1 1
     76  1  2  38 1 1 1
     77  1  3  1 1 1 1
     78  1  3  2 1 1 1
     79  1  3  3 1 1 1
     80  1  3  4 1 1 1
     81  1  3  5 1 1 1
     82  1  3  6 1 1 1
     83  1  3  7 1 1 1
     84  1  3  8 1 1 1
     85  1  3  9 1 1 1
     86  1  3  10 1 1 1
     87  1  3  11 1 1 1
     88  1  3  12 1 1 1
     89  1  3  13 1 1 1
     90  1  3  14 1 1 1
     91  1  3  15 1 1 1
     92  1  3  16 1 1 1
     93  1  3  17 1 1 1
     94  1  3  18 1 1 1
     95  1  3  19 1 1 1
     96  1  3  20 1 1 1
     97  1  3  21 1 1 1
     98  1  3  22 1 1 1
     99  1  3  23 1 1 1
     100  1  3  24 1 1 1
     101  1  3  25 1 1 1
     102  1  3  26 1 1 1
     103  1  3  27 1 1 1
     104  1  3  28 1 1 1
     105  1  3  29 1 1 1
     106  1  3  30 1 1 1
     107  1  3  31 1 1 1
     108  1  3  32 1 1 1
     109  1  3  33 1 1 1
     110  1  3  34 1 1 1
     111  1  3  35 1 1 1
     112  1  3  36 1 1 1
     113  1  3  37 1 1 1
     114  1  3  38 1 1 1
     115  1  4  1 1 1 1
     116  1  4  2 1 1 1
     117  1  4  3 1 1 1
     118  1  4  4 1 1 1
     119  1  4  5 1 1 1
     120  1  4  6 1 1 1
     121  1  4  7 1 1 1
     122  1  4  8 1 1 1
     123  1  4  9 1 1 1
     124  1  4  10 1 1 1
     125  1  4  11 1 1 1
     126  1  4  12 1 1 1
     127  1  4  13 1 1 1
     128  1  4  14 1 1 1
     129  1  4  15 1 1 1
     130  1  4  16 1 1 1
     131  1  4  17 1 1 1
     132  1  4  18 1 1 1
     133  1  4  19 1 1 1
     134  1  4  20 1 1 1
     135  1  4  21 1 1 1
     136  1  4  22 1 1 1
     137  1  4  23 1 1 1
     138  1  4  24 1 1 1
     139  1  4  25 1 1 1
     140  1  4  26 1 1 1
     141  1  4  27 1 1 1
     142  1  4  28 1 1 1
     143  1  4  29 1 1 1
     144  1  4  30 1 1 1
     145  1  4  31 1 1 1
     146  1  4  32 1 1 1
     147  1  4  33 1 1 1
     148  1  4  34 1 1 1
     149  1  4  35 1 1 1
     150  1  4  36 1 1 1
     151  1  4  37 1 1 1
     152  1  4  38 1 1 1
     153  1  5  1 1 1 1
     154  1  5  2 1 1 1
     155  1  5  3 1 1 1
     156  1  5  4 1 1 1
     157  1  5  5 1 1 1
     158  1  5  6 1 1 1
     159  1  5  7 1 1 1
     160  1  5  8 1 1 1
     161  1  5  9 1 1 1
     162  1  5  10 1 1 1
     163  1  5  11 1 1 1
     164  1  5  12 1 1 1
     165  1  5  13 1 1 1
     166  1  5  14 1 1 1
     167  1  5  15 1 1 1
     168  1  5  16 1 1 1
     169  1  5  17 1 1 1
     170  1  5  18 1 1 1
     171  1  5  19 1 1 1
     172  1  5  20 1 1 1
     173  1  5  21 1 1 1
     174  1  5  22 1 1 1
     175  1  5  23 1 1 1
     176  1  5  24 1 1 1
     177  1  5  25 1 1 1
     178  1  5  26 1 1 1
     179  1  5  27 1 1 1
     180  1  5  28 1 1 1
     181  1  5  29 1 1 1
     182  1  5  30 1 1 1
     183  1  5  31 1 1 1
     184  1  5  32 1 1 1
     185  1  5  33 1 1 1
     186  1  5  34 1 1 1
     187  1  5  35 1 1 1
     188  1  5  36 1 1 1
     189  1  5  37 1 1 1
     190  1  5  38 1 1 1
     191  1  6  1 1 1 1
     192  1  6  2 1 1 1
     193  1  6  3 1 1 1
     194  1  6  4 1 1 1
     195  1  6  5 1 1 1
     196  1  6  6 1 1 1
     197  1  6  7 1 1 1
     198  1  6  8 1 1 1
     199  1  6  9 1 1 1
     200  1  6  10 1 1 1
     201  1  6  11 1 1 1
     202  1  6  12 1 1 1
     203  1  6  13 1 1 1
     204  1  6  14 1 1 1
     205  1  6  15 1 1 1
     206  1  6  16 1 1 1
     207  1  6  17 1 1 1
     208  1  6  18 1 1 1
     209  1  6  19 1 1 1
     210  1  6  20 1 1 1
     211  1  6  21 1 1 1
     212  1  6  22 1 1 1
     213  1  6  23 1 1 1
     214  1  6  24 1 1 1
     215  1  6  25 1 1 1
     216  1  6  26 1 1 1
     217  1  6  27 1 1 1
     218  1  6  28 1 1 1
     219  1  6  29 1 1 1
     220  1  6  30 1 1 1
     221  1  6  31 1 1 1
     222  1  6  32 1 1 1
     223  1  6  33 1 1 1
     224  1  6  34 1 1 1
     225  1  6  35 1 1 1
     226  1  6  36 1 1 1
     227  1  6  37 1 1 1
     228  1  6  38 1 1 1
     229  1  7  1 1 1 1
     230  1  7  2 1 1 1
     231  1  7  3 1 1 1
     232  1  7  4 1 1 1
     233  1  7  5 1 1 1
     234  1  7  6 1 1 1
     235  1  7  7 1 1 1
     236  1  7  8 1 1 1
     237  1  7  9 1 1 1
     238  1  7  10 1 1 1
     239  1  7  11 1 1 1
     240  1  7  12 1 1 1
     241  1  7  13 1 1 1
     242  1  7  14 1 1 1
     243  1  7  15 1 1 1
     244  1  7  16 1 1 1
     245  1  7  17 1 1 1
     246  1  7  18 1 1 1
     247  1  7  19 1 1 1
     248  1  7  20 1 1 1
     249  1  7  21 1 1 1
     250  1  7  22 1 1 1
     251  1  7  23 1 1 1
     252  1  7  24 1 1 1
     253  1  7  25 1 1 1
     254  1  7  26 1 1 1
     255  1  7  27 1 1 1
     256  1  7  28 1 1 1
     257  1  7  29 1 1 1
     258  1  7  30 1 1 1
     259  1  7  31 1 1 1
     260  1  7  32 1 1 1
     261  1  7  33 1 1 1
     262  1  7  34 1 1 1
     263  1  7  35 1 1 1
     264  1  7  36 1 1 1
     265  1  7  37 1 1 1
     266  1  7  38 1 1 1
     267  1  8  1 1 1 1
     268  1  8  2 1 1 1
     269  1  8  3 1 1 1
     270  1  8  4 1 1 1
     271  1  8  5 1 1 1
     272  1  8  6 1 1 1
     273  1  8  7 1 1 1
     274  1  8  8 1 1 1
     275  1  8  9 1 1 1
     276  1  8  10 1 1 1
     277  1  8  11 1 1 1
     278  1  8  12 1 1 1
     279  1  8  13 1 1 1
     280  1  8  14 1 1 1
     281  1  8  15 1 1 1
     282  1  8  16 1 1 1
     283  1  8  17 1 1 1
     284  1  8  18 1 1 1
     285  1  8  19 1 1 1
     286  1  8  20 1 1 1
     287  1  8  21 1 1 1
     288  1  8  22 1 1 1
     289  1  8  23 1 1 1
     290  1  8  24 1 1 1
     291  1  8  25 1 1 1
     292  1  8  26 1 1 1
     293  1  8  27 1 1 1
     294  1  8  28 1 1 1
     295  1  8  29 1 1 1
     296  1  8  30 1 1 1
     297  1  8  31 1 1 1
     298  1  8  32 1 1 1
     299  1  8  33 1 1 1
     300  1  8  34 1 1 1
     301  1  8  35 1 1 1
     302  1  8  36 1 1 1
     303  1  8  37 1 1 1
     304  1  8  38 1 1 1
     305  1  9  1 1 1 1
     306  1  9  2 1 1 1
     307  1  9  3 1 1 1
     308  1  9  4 1 1 1
     309  1  9  5 1 1 1
     310  1  9  6 1 1 1
     311  1  9  7 1 1 1
     312  1  9  8 1 1 1
     313  1  9  9 1 1 1
     314  1  9  10 1 1 1
     315  1  9  11 1 1 1
     316  1  9  12 1 1 1
     317  1  9  13 1 1 1
     318  1  9  14 1 1 1
     319  1  9  15 1 1 1
     320  1  9  16 1 1 1
     321  1  9  17 1 1 1
     322  1  9  18 1 1 1
     323  1  9  19 1 1 1
     324  1  9  20 1 1 1
     325  1  9  21 1 1 1
     326  1  9  22 1 1 1
     327  1  9  23 1 1 1
     328  1  9  24 1 1 1
     329  1  9  25 1 1 1
     330  1  9  26 1 1 1
     331  1  9  27 1 1 1
     332  1  9  28 1 1 1
     333  1  9  29 1 1 1
     334  1  9  30 1 1 1
     335  1  9  31 1 1 1
     336  1  9  32 1 1 1
     337  1  9  33 1 1 1
     338  1  9  34 1 1 1
     339  1  9  35 1 1 1
     340  1  9  36 1 1 1
     341  1  9  37 1 1 1
     342  1  9  38 1 1 1
     343  1  10  1 1 1 1
     344  1  10  2 1 1 1
     345  1  10  3 1 1 1
     346  1  10  4 1 1 1
     347  1  10  5 1 1 1
     348  1  10  6 1 1 1
     349  1  10  7 1 1 1
     350  1  10  8 1 1 1
     351  1  10  9 1 1 1
     352  1  10  10 1 1 1
     353  1  10  11 1 1 1
     354  1  10  12 1 1 1
     355  1  10  13 1 1 1
     356  1  10  14 1 1 1
     357  1  10  15 1 1 1
     358  1  10  16 1 1 1
     359  1  10  17 1 1 1
     360  1  10  18 1 1 1
     361  1  10  19 1 1 1
     362  1  10  20 1 1 1
     363  1  10  21 1 1 1
     364  1  10  22 1 1 1
     365  1  10  23 1 1 1
     366  1  10  24 1 1 1
     367  1  10  25 1 1 1
     368  1  10  26 1 1 1
     369  1  10  27 1 1 1
     370  1  10  28 1 1 1
     371  1  10  29 1 1 1
     372  1  10  30 1 1 1
     373  1  10  31 1 1 1
     374  1  10  32 1 1 1
     375  1  10  33 1 1 1
     376  1  10  34 1 1 1
     377  1  10  35 1 1 1
     378  1  10  36 1 1 1
     379  1  10  37 1 1 1
     380  1  10  38 1 1 1
     381  1  11  1 1 1 1
     382  1  11  2 1 1 1
     383  1  11  3 1 1 1
     384  1  11  4 1 1 1
     385  1  11  5 1 1 1
     386  1  11  6 1 1 1
     387  1  11  7 1 1 1
     388  1  11  8 1 1 1
     389  1  11  9 1 1 1
     390  1  11  10 1 1 1
     391  1  11  11 1 1 1
     392  1  11  12 1 1 1
     393  1  11  13 1 1 1
     394  1  11  14 1 1 1
     395  1  11  15 1 1 1
     396  1  11  16 1 1 1
     397  1  11  17 1 1 1
     398  1  11  18 1 1 1
     399  1  11  19 1 1 1
     400  1  11  20 1 1 1
     401  1  11  21 1 1 1
     402  1  11  22 1 1 1
     403  1  11  23 1 1 1
     404  1  11  24 1 1 1
     405  1  11  25 1 1 1
     406  1  11  26 1 1 1
     407  1  11  27 1 1 1
     408  1  11  28 1 1 1
     409  1  11  29 1 1 1
     410  1  11  30 1 1 1
     411  1  11  31 1 1 1
     412  1  11  32 1 1 1
     413  1  11  33 1 1 1
     414  1  11  34 1 1 1
     415  1  11  35 1 1 1
     416  1  11  36 1 1 1
     417  1  11  37 1 1 1
     418  1  11  38 1 1 1
     419  1  12  1 1 1 1
     420  1  12  2 1 1 1
     421  1  12  3 1 1 1
     422  1  12  4 1 1 1
     423  1  12  5 1 1 1
     424  1  12  6 1 1 1
     425  1  12  7 1 1 1
     426  1  12  8 1 1 1
     427  1  12  9 1 1 1
     428  1  12  10 1 1 1
     429  1  12  11 1 1 1
     430  1  12  12 1 1 1
     431  1  12  13 1 1 1
     432  1  12  14 1 1 1
     433  1  12  15 1 1 1
     434  1  12  16 1 1 1
     435  1  12  17 1 1 1
     436  1  12  18 1 1 1
     437  1  12  19 1 1 1
     438  1  12  20 1 1 1
     439  1  12  21 1 1 1
     440  1  12  22 1 1 1
     441  1  12  23 1 1 1
     442  1  12  24 1 1 1
     443  1  12  25 1 1 1
     444  1  12  26 1 1 1
     445  1  12  27 1 1 1
     446  1  12  28 1 1 1
     447  1  12  29 1 1 1
     448  1  12  30 1 1 1
     449  1  12  31 1 1 1
     450  1  12  32 1 1 1
     451  1  12  33 1 1 1
     452  1  12  34 1 1 1
     453  1  12  35 1 1 1
     454  1  12  36 1 1 1
     455  1  12  37 1 1 1
     456  1  12  38 1 1 1
     457  1  13  1 1 1 1
     458  1  13  2 1 1 1
     459  1  13  3 1 1 1
     460  1  13  4 1 1 1
     461  1  13  5 1 1 1
     462  1  13  6 1 1 1
     463  1  13  7 1 1 1
     464  1  13  8 1 1 1
     465  1  13  9 1 1 1
     466  1  13  10 1 1 1
     467  1  13  11 1 1 1
     468  1  13  12 1 1 1
     469  1  13  13 1 1 1
     470  1  13  14 1 1 1
     471  1  13  15 1 1 1
     472  1  13  16 1 1 1
     473  1  13  17 1 1 1
     474  1  13  18 1 1 1
     475  1  13  19 1 1 1
     476  1  13  20 1 1 1
     477  1  13  21 1 1 1
     478  1  13  22 1 1 1
     479  1  13  23 1 1 1
     480  1  13  24 1 1 1
     481  1  13  25 1 1 1
     482  1  13  26 1 1 1
     483  1  13  27 1 1 1
     484  1  13  28 1 1 1
     485  1  13  29 1 1 1
     486  1  13  30 1 1 1
     487  1  13  31 1 1 1
     488  1  13  32 1 1 1
     489  1  13  33 1 1 1
     490  1  13  34 1 1 1
     491  1  13  35 1 1 1
     492  1  13  36 1 1 1
     493  1  13  37 1 1 1
     494  1  13  38 1 1 1
     495  1  14  1 1 1 1
     496  1  14  2 1 1 1
     497  1  14  3 1 1 1
     498  1  14  4 1 1 1
     499  1  14  5 1 1 1
     500  1  14  6 1 1 1
     501  1  14  7 1 1 1
     502  1  14  8 1 1 1
     503  1  14  9 1 1 1
     504  1  14  10 1 1 1
     505  1  14  11 1 1 1
     506  1  14  12 1 1 1
     507  1  14  13 1 1 1
     508  1  14  14 1 1 1
     509  1  14  15 1 1 1
     510  1  14  16 1 1 1
     511  1  14  17 1 1 1
     512  1  14  18 1 1 1
     513  1  14  19 1 1 1
     514  1  14  20 1 1 1
     515  1  14  21 1 1 1
     516  1  14  22 1 1 1
     517  1  14  23 1 1 1
     518  1  14  24 1 1 1
     519  1  14  25 1 1 1
     520  1  14  26 1 1 1
     521  1  14  27 1 1 1
     522  1  14  28 1 1 1
     523  1  14  29 1 1 1
     524  1  14  30 1 1 1
     525  1  14  31 1 1 1
     526  1  14  32 1 1 1
     527  1  14  33 1 1 1
     528  1  14  34 1 1 1
     529  1  14  35 1 1 1
     530  1  14  36 1 1 1
     531  1  14  37 1 1 1
     532  1  14  38 1 1 1
     533  1  15  1 1 1 1
     534  1  15  2 1 1 1
     535  1  15  3 1 1 1
     536  1  15  4 1 1 1
     537  1  15  5 1 1 1
     538  1  15  6 1 1 1
     539  1  15  7 1 1 1
     540  1  15  8 1 1 1
     541  1  15  9 1 1 1
     542  1  15  10 1 1 1
     543  1  15  11 1 1 1
     544  1  15  12 1 1 1
     545  1  15  13 1 1 1
     546  1  15  14 1 1 1
     547  1  15  15 1 1 1
     548  1  15  16 1 1 1
     549  1  15  17 1 1 1
     550  1  15  18 1 1 1
     551  1  15  19 1 1 1
     552  1  15  20 1 1 1
     553  1  15  21 1 1 1
     554  1  15  22 1 1 1
     555  1  15  23 1 1 1
     556  1  15  24 1 1 1
     557  1  15  25 1 1 1
     558  1  15  26 1 1 1
     559  1  15  27 1 1 1
     560  1  15  28 1 1 1
     561  1  15  29 1 1 1
     562  1  15  30 1 1 1
     563  1  15  31 1 1 1
     564  1  15  32 1 1 1
     565  1  15  33 1 1 1
     566  1  15  34 1 1 1
     567  1  15  35 1 1 1
     568  1  15  36 1 1 1
     569  1  15  37 1 1 1
     570  1  15  38 1 1 1
     571  1  16  1 1 1 1
     572  1  16  2 1 1 1
     573  1  16  3 1 1 1
     574  1  16  4 1 1 1
     575  1  16  5 1 1 1
     576  1  16  6 1 1 1
     577  1  16  7 1 1 1
     578  1  16  8 1 1 1
     579  1  16  9 1 1 1
     580  1  16  10 1 1 1
     581  1  16  11 1 1 1
     582  1  16  12 1 1 1
     583  1  16  13 1 1 1
     584  1  16  14 1 1 1
     585  1  16  15 1 1 1
     586  1  16  16 1 1 1
     587  1  16  17 1 1 1
     588  1  16  18 1 1 1
     589  1  16  19 1 1 1
     590  1  16  20 1 1 1
     591  1  16  21 1 1 1
     592  1  16  22 1 1 1
     593  1  16  23 1 1 1
     594  1  16  24 1 1 1
     595  1  16  25 1 1 1
     596  1  16  26 1 1 1
     597  1  16  27 1 1 1
     598  1  16  28 1 1 1
     599  1  16  29 1 1 1
     600  1  16  30 1 1 1
     601  1  16  31 1 1 1
     602  1  16  32 1 1 1
     603  1  16  33 1 1 1
     604  1  16  34 1 1 1
     605  1  16  35 1 1 1
     606  1  16  36 1 1 1
     607  1  16  37 1 1 1
     608  1  16  38 1 1 1
     609  1  17  1 1 1 1
     610  1  17  2 1 1 1
     611  1  17  3 1 1 1
     612  1  17  4 1 1 1
     613  1  17  5 1 1 1
     614  1  17  6 1 1 1
     615  1  17  7 1 1 1
     616  1  17  8 1 1 1
     617  1  17  9 1 1 1
     618  1  17  10 1 1 1
     619  1  17  11 1 1 1
     620  1  17  12 1 1 1
     621  1  17  13 1 1 1
     622  1  17  14 1 1 1
     623  1  17  15 1 1 1
     624  1  17  16 1 1 1
     625  1  17  17 1 1 1
     626  1  17  18 1 1 1
     627  1  17  19 1 1 1
     628  1  17  20 1 1 1
     629  1  17  21 1 1 1
     630  1  17  22 1 1 1
     631  1  17  23 1 1 1
     632  1  17  24 1 1 1
     633  1  17  25 1 1 1
     634  1  17  26 1 1 1
     635  1  17  27 1 1 1
     636  1  17  28 1 1 1
     637  1  17  29 1 1 1
     638  1  17  30 1 1 1
     639  1  17  31 1 1 1
     640  1  17  32 1 1 1
     641  1  17  33 1 1 1
     642  1  17  34 1 1 1
     643  1  17  35 1 1 1
     644  1  17  36 1 1 1
     645  1  17  37 1 1 1
     646  1  17  38 1 1 1
     647  1  18  1 1 1 1
     648  1  18  2 1 1 1
     649  1  18  3 1 1 1
     650  1  18  4 1 1 1
     651  1  18  5 1 1 1
     652  1  18  6 1 1 1
     653  1  18  7 1 1 1
     654  1  18  8 1 1 1
     655  1  18  9 1 1 1
     656  1  18  10 1 1 1
     657  1  18  11 1 1 1
     658  1  18  12 1 1 1
     659  1  18  13 1 1 1
     660  1  18  14 1 1 1
     661  1  18  15 1 1 1
     662  1  18  16 1 1 1
     663  1  18  17 1 1 1
     664  1  18  18 1 1 1
     665  1  18  19 1 1 1
     666  1  18  20 1 1 1
     667  1  18  21 1 1 1
     668  1  18  22 1 1 1
     669  1  18  23 1 1 1
     670  1  18  24 1 1 1
     671  1  18  25 1 1 1
     672  1  18  26 1 1 1
     673  1  18  27 1 1 1
     674  1  18  28 1 1 1
     675  1  18  29 1 1 1
     676  1  18  30 1 1 1
     677  1  18  31 1 1 1
     678  1  18  32 1 1 1
     679  1  18  33 1 1 1
     680  1  18  34 1 1 1
     681  1  18  35 1 1 1
     682  1  18  36 1 1 1
     683  1  18  37 1 1 1
     684  1  18  38 1 1 1
     685  1  19  1 1 1 1
     686  1  19  2 1 1 1
     687  1  19  3 1 1 1
     688  1  19  4 1 1 1
     689  1  19  5 1 1 1
     690  1  19  6 1 1 1
     691  1  19  7 1 1 1
     692  1  19  8 1 1 1
     693  1  19  9 1 1 1
     694  1  19  10 1 1 1
     695  1  19  11 1 1 1
     696  1  19  12 1 1 1
     697  1  19  13 1 1 1
     698  1  19  14 1 1 1
     699  1  19  15 1 1 1
     700  1  19  16 1 1 1
     701  1  19  17 1 1 1
     702  1  19  18 1 1 1
     703  1  19  19 1 1 1
     704  1  19  20 1 1 1
     705  1  19  21 1 1 1
     706  1  19  22 1 1 1
     707  1  19  23 1 1 1
     708  1  19  24 1 1 1
     709  1  19  25 1 1 1
     710  1  19  26 1 1 1
     711  1  19  27 1 1 1
     712  1  19  28 1 1 1
     713  1  19  29 1 1 1
     714  1  19  30 1 1 1
     715  1  19  31 1 1 1
     716  1  19  32 1 1 1
     717  1  19  33 1 1 1
     718  1  19  34 1 1 1
     719  1  19  35 1 1 1
     720  1  19  36 1 1 1
     721  1  19  37 1 1 1
     722  1  19  38 1 1 1
     723  1  20  1 1 1 1
     724  1  20  2 1 1 1
     725  1  20  3 1 1 1
     726  1  20  4 1 1 1
     727  1  20  5 1 1 1
     728  1  20  6 1 1 1
     729  1  20  7 1 1 1
     730  1  20  8 1 1 1
     731  1  20  9 1 1 1
     732  1  20  10 1 1 1
     733  1  20  11 1 1 1
     734  1  20  12 1 1 1
     735  1  20  13 1 1 1
     736  1  20  14 1 1 1
     737  1  20  15 1 1 1
     738  1  20  16 1 1 1
     739  1  20  17 1 1 1
     740  1  20  18 1 1 1
     741  1  20  19 1 1 1
     742  1  20  20 1 1 1
     743  1  20  21 1 1 1
     744  1  20  22 1 1 1
     745  1  20  23 1 1 1
     746  1  20  24 1 1 1
     747  1  20  25 1 1 1
     748  1  20  26 1 1 1
     749  1  20  27 1 1 1
     750  1  20  28 1 1 1
     751  1  20  29 1 1 1
     752  1  20  30 1 1 1
     753  1  20  31 1 1 1
     754  1  20  32 1 1 1
     755  1  20  33 1 1 1
     756  1  20  34 1 1 1
     757  1  20  35 1 1 1
     758  1  20  36 1 1 1
     759  1  20  37 1 1 1
     760  1  20  38 1 1 1
     761  1  21  1 1 1 1
     762  1  21  2 1 1 1
     763  1  21  3 1 1 1
     764  1  21  4 1 1 1
     765  1  21  5 1 1 1
     766  1  21  6 1 1 1
     767  1  21  7 1 1 1
     768  1  21  8 1 1 1
     769  1  21  9 1 1 1
     770  1  21  10 1 1 1
     771  1  21  11 1 1 1
     772  1  21  12 1 1 1
     773  1  21  13 1 1 1
     774  1  21  14 1 1 1
     775  1  21  15 1 1 1
     776  1  21  16 1 1 1
     777  1  21  17 1 1 1
     778  1  21  18 1 1 1
     779  1  21  19 1 1 1
     780  1  21  20 1 1 1
     781  1  21  21 1 1 1
     782  1  21  22 1 1 1
     783  1  21  23 1 1 1
     784  1  21  24 1 1 1
     785  1  21  25 1 1 1
     786  1  21  26 1 1 1
     787  1  21  27 1 1 1
     788  1  21  28 1 1 1
     789  1  21  29 1 1 1
     790  1  21  30 1 1 1
     791  1  21  31 1 1 1
     792  1  21  32 1 1 1
     793  1  21  33 1 1 1
     794  1  21  34 1 1 1
     795  1  21  35 1 1 1
     796  1  21  36 1 1 1
     797  1  21  37 1 1 1
     798  1  21  38 1 1 1
     799  1  22  1 1 1 1
     800  1  22  2 1 1 1
     801  1  22  3 1 1 1
     802  1  22  4 1 1 1
     803  1  22  5 1 1 1
     804  1  22  6 1 1 1
     805  1  22  7 1 1 1
     806  1  22  8 1 1 1
     807  1  22  9 1 1 1
     808  1  22  10 1 1 1
     809  1  22  11 1 1 1
     810  1  22  12 1 1 1
     811  1  22  13 1 1 1
     812  1  22  14 1 1 1
     813  1  22  15 1 1 1
     814  1  22  16 1 1 1
     815  1  22  17 1 1 1
     816  1  22  18 1 1 1
     817  1  22  19 1 1 1
     818  1  22  20 1 1 1
     819  1  22  21 1 1 1
     820  1  22  22 1 1 1
     821  1  22  23 1 1 1
     822  1  22  24 1 1 1
     823  1  22  25 1 1 1
     824  1  22  26 1 1 1
     825  1  22  27 1 1 1
     826  1  22  28 1 1 1
     827  1  22  29 1 1 1
     828  1  22  30 1 1 1
     829  1  22  31 1 1 1
     830  1  22  32 1 1 1
     831  1  22  33 1 1 1
     832  1  22  34 1 1 1
     833  1  22  35 1 1 1
     834  1  22  36 1 1 1
     835  1  22  37 1 1 1
     836  1  22  38 1 1 1
     837  1  23  1 1 1 1
     838  1  23  2 1 1 1
     839  1  23  3 1 1 1
     840  1  23  4 1 1 1
     841  1  23  5 1 1 1
     842  1  23  6 1 1 1
     843  1  23  7 1 1 1
     844  1  23  8 1 1 1
     845  1  23  9 1 1 1
     846  1  23  10 1 1 1
     847  1  23  11 1 1 1
     848  1  23  12 1 1 1
     849  1  23  13 1 1 1
     850  1  23  14 1 1 1
     851  1  23  15 1 1 1
     852  1  23  16 1 1 1
     853  1  23  17 1 1 1
     854  1  23  18 1 1 1
     855  1  23  19 1 1 1
     856  1  23  20 1 1 1
     857  1  23  21 1 1 1
     858  1  23  22 1 1 1
     859  1  23  23 1 1 1
     860  1  23  24 1 1 1
     861  1  23  25 1 1 1
     862  1  23  26 1 1 1
     863  1  23  27 1 1 1
     864  1  23  28 1 1 1
     865  1  23  29 1 1 1
     866  1  23  30 1 1 1
     867  1  23  31 1 1 1
     868  1  23  32 1 1 1
     869  1  23  33 1 1 1
     870  1  23  34 1 1 1
     871  1  23  35 1 1 1
     872  1  23  36 1 1 1
     873  1  23  37 1 1 1
     874  1  23  38 1 1 1
     875  1  24  1 1 1 1
     876  1  24  2 1 1 1
     877  1  24  3 1 1 1
     878  1  24  4 1 1 1
     879  1  24  5 1 1 1
     880  1  24  6 1 1 1
     881  1  24  7 1 1 1
     882  1  24  8 1 1 1
     883  1  24  9 1 1 1
     884  1  24  10 1 1 1
     885  1  24  11 1 1 1
     886  1  24  12 1 1 1
     887  1  24  13 1 1 1
     888  1  24  14 1 1 1
     889  1  24  15 1 1 1
     890  1  24  16 1 1 1
     891  1  24  17 1 1 1
     892  1  24  18 1 1 1
     893  1  24  19 1 1 1
     894  1  24  20 1 1 1
     895  1  24  21 1 1 1
     896  1  24  22 1 1 1
     897  1  24  23 1 1 1
     898  1  24  24 1 1 1
     899  1  24  25 1 1 1
     900  1  24  26 1 1 1
     901  1  24  27 1 1 1
     902  1  24  28 1 1 1
     903  1  24  29 1 1 1
     904  1  24  30 1 1 1
     905  1  24  31 1 1 1
     906  1  24  32 1 1 1
     907  1  24  33 1 1 1
     908  1  24  34 1 1 1
     909  1  24  35 1 1 1
     910  1  24  36 1 1 1
     911  1  24  37 1 1 1
     912  1  24  38 1 1 1
     913  1  25  1 1 1 1
     914  1  25  2 1 1 1
     915  1  25  3 1 1 1
     916  1  25  4 1 1 1
     917  1  25  5 1 1 1
     918  1  25  6 1 1 1
     919  1  25  7 1 1 1
     920  1  25  8 1 1 1
     921  1  25  9 1 1 1
     922  1  25  10 1 1 1
     923  1  25  11 1 1 1
     924  1  25  12 1 1 1
     925  1  25  13 1 1 1
     926  1  25  14 1 1 1
     927  1  25  15 1 1 1
     928  1  25  16 1 1 1
     929  1  25  17 1 1 1
     930  1  25  18 1 1 1
     931  1  25  19 1 1 1
     932  1  25  20 1 1 1
     933  1  25  21 1 1 1
     934  1  25  22 1 1 1
     935  1  25  23 1 1 1
     936  1  25  24 1 1 1
     937  1  25  25 1 1 1
     938  1  25  26 1 1 1
     939  1  25  27 1 1 1
     940  1  25  28 1 1 1
     941  1  25  29 1 1 1
     942  1  25  30 1 1 1
     943  1  25  31 1 1 1
     944  1  25  32 1 1 1
     945  1  25  33 1 1 1
     946  1  25  34 1 1 1
     947  1  25  35 1 1 1
     948  1  25  36 1 1 1
     949  1  25  37 1 1 1
     950  1  25  38 1 1 1
     951  1  26  1 1 1 1
     952  1  26  2 1 1 1
     953  1  26  3 1 1 1
     954  1  26  4 1 1 1
     955  1  26  5 1 1 1
     956  1  26  6 1 1 1
     957  1  26  7 1 1 1
     958  1  26  8 1 1 1
     959  1  26  9 1 1 1
     960  1  26  10 1 1 1
     961  1  26  11 1 1 1
     962  1  26  12 1 1 1
     963  1  26  13 1 1 1
     964  1  26  14 1 1 1
     965  1  26  15 1 1 1
     966  1  26  16 1 1 1
     967  1  26  17 1 1 1
     968  1  26  18 1 1 1
     969  1  26  19 1 1 1
     970  1  26  20 1 1 1
     971  1  26  21 1 1 1
     972  1  26  22 1 1 1
     973  1  26  23 1 1 1
     974  1  26  24 1 1 1
     975  1  26  25 1 1 1
     976  1  26  26 1 1 1
     977  1  26  27 1 1 1
     978  1  26  28 1 1 1
     979  1  26  29 1 1 1
     980  1  26  30 1 1 1
     981  1  26  31 1 1 1
     982  1  26  32 1 1 1
     983  1  26  33 1 1 1
     984  1  26  34 1 1 1
     985  1  26  35 1 1 1
     986  1  26  36 1 1 1
     987  1  26  37 1 1 1
     988  1  26  38 1 1 1
     989  1  27  1 1 1 1
     990  1  27  2 1 1 1
     991  1  27  3 1 1 1
     992  1  27  4 1 1 1
     993  1  27  5 1 1 1
     994  1  27  6 1 1 1
     995  1  27  7 1 1 1
     996  1  27  8 1 1 1
     997  1  27  9 1 1 1
     998  1  27  10 1 1 1
     999  1  27  11 1 1 1
     1000  1  27  12 1 1 1
     1001  1  27  13 1 1 1
     1002  1  27  14 1 1 1
     1003  1  27  15 1 1 1
     1004  1  27  16 1 1 1
     1005  1  27  17 1 1 1
     1006  1  27  18 1 1 1
     1007  1  27  19 1 1 1
     1008  1  27  20 1 1 1
     1009  1  27  21 1 1 1
     1010  1  27  22 1 1 1
     1011  1  27  23 1 1 1
     1012  1  27  24 1 1 1
     1013  1  27  25 1 1 1
     1014  1  27  26 1 1 1
     1015  1  27  27 1 1 1
     1016  1  27  28 1 1 1
     1017  1  27  29 1 1 1
     1018  1  27  30 1 1 1
     1019  1  27  31 1 1 1
     1020  1  27  32 1 1 1
     1021  1  27  33 1 1 1
     1022  1  27  34 1 1 1
     1023  1  27  35 1 1 1
     1024  1  27  36 1 1 1
     1025  1  27  37 1 1 1
     1026  1  27  38 1 1 1
     1027  1  28  1 1 1 1
     1028  1  28  2 1 1 1
     1029  1  28  3 1 1 1
     1030  1  28  4 1 1 1
     1031  1  28  5 1 1 1
     1032  1  28  6 1 1 1
     1033  1  28  7 1 1 1
     1034  1  28  8 1 1 1
     1035  1  28  9 1 1 1
     1036  1  28  10 1 1 1
     1037  1  28  11 1 1 1
     1038  1  28  12 1 1 1
     1039  1  28  13 1 1 1
     1040  1  28  14 1 1 1
     1041  1  28  15 1 1 1
     1042  1  28  16 1 1 1
     1043  1  28  17 1 1 1
     1044  1  28  18 1 1 1
     1045  1  28  19 1 1 1
     1046  1  28  20 1 1 1
     1047  1  28  21 1 1 1
     1048  1  28  22 1 1 1
     1049  1  28  23 1 1 1
     1050  1  28  24 1 1 1
     1051  1  28  25 1 1 1
     1052  1  28  26 1 1 1
     1053  1  28  27 1 1 1
     1054  1  28  28 1 1 1
     1055  1  28  29 1 1 1
     1056  1  28  30 1 1 1
     1057  1  28  31 1 1 1
     1058  1  28  32 1 1 1
     1059  1  28  33 1 1 1
     1060  1  28  34 1 1 1
     1061  1  28  35 1 1 1
     1062  1  28  36 1 1 1
     1063  1  28  37 1 1 1
     1064  1  28  38 1 1 1
     1065  1  29  1 1 1 1
     1066  1  29  2 1 1 1
     1067  1  29  3 1 1 1
     1068  1  29  4 1 1 1
     1069  1  29  5 1 1 1
     1070  1  29  6 1 1 1
     1071  1  29  7 1 1 1
     1072  1  29  8 1 1 1
     1073  1  29  9 1 1 1
     1074  1  29  10 1 1 1
     1075  1  29  11 1 1 1
     1076  1  29  12 1 1 1
     1077  1  29  13 1 1 1
     1078  1  29  14 1 1 1
     1079  1  29  15 1 1 1
     1080  1  29  16 1 1 1
     1081  1  29  17 1 1 1
     1082  1  29  18 1 1 1
     1083  1  29  19 1 1 1
     1084  1  29  20 1 1 1
     1085  1  29  21 1 1 1
     1086  1  29  22 1 1 1
     1087  1  29  23 1 1 1
     1088  1  29  24 1 1 1
     1089  1  29  25 1 1 1
     1090  1  29  26 1 1 1
     1091  1  29  27 1 1 1
     1092  1  29  28 1 1 1
     1093  1  29  29 1 1 1
     1094  1  29  30 1 1 1
     1095  1  29  31 1 1 1
     1096  1  29  32 1 1 1
     1097  1  29  33 1 1 1
     1098  1  29  34 1 1 1
     1099  1  29  35 1 1 1
     1100  1  29  36 1 1 1
     1101  1  29  37 1 1 1
     1102  1  29  38 1 1 1
     1103  1  30  1 1 1 1
     1104  1  30  2 1 1 1
     1105  1  30  3 1 1 1
     1106  1  30  4 1 1 1
     1107  1  30  5 1 1 1
     1108  1  30  6 1 1 1
     1109  1  30  7 1 1 1
     1110  1  30  8 1 1 1
     1111  1  30  9 1 1 1
     1112  1  30  10 1 1 1
     1113  1  30  11 1 1 1
     1114  1  30  12 1 1 1
     1115  1  30  13 1 1 1
     1116  1  30  14 1 1 1
     1117  1  30  15 1 1 1
     1118  1  30  16 1 1 1
     1119  1  30  17 1 1 1
     1120  1  30  18 1 1 1
     1121  1  30  19 1 1 1
     1122  1  30  20 1 1 1
     1123  1  30  21 1 1 1
     1124  1  30  22 1 1 1
     1125  1  30  23 1 1 1
     1126  1  30  24 1 1 1
     1127  1  30  25 1 1 1
     1128  1  30  26 1 1 1
     1129  1  30  27 1 1 1
     1130  1  30  28 1 1 1
     1131  1  30  29 1 1 1
     1132  1  30  30 1 1 1
     1133  1  30  31 1 1 1
     1134  1  30  32 1 1 1
     1135  1  30  33 1 1 1
     1136  1  30  34 1 1 1
     1137  1  30  35 1 1 1
     1138  1  30  36 1 1 1
     1139  1  30  37 1 1 1
     1140  1  30  38 1 1 1
     1141  1  31  1 1 1 1
     1142  1  31  2 1 1 1
     1143  1  31  3 1 1 1
     1144  1  31  4 1 1 1
     1145  1  31  5 1 1 1
     1146  1  31  6 1 1 1
     1147  1  31  7 1 1 1
     1148  1  31  8 1 1 1
     1149  1  31  9 1 1 1
     1150  1  31  10 1 1 1
     1151  1  31  11 1 1 1
     1152  1  31  12 1 1 1
     1153  1  31  13 1 1 1
     1154  1  31  14 1 1 1
     1155  1  31  15 1 1 1
     1156  1  31  16 1 1 1
     1157  1  31  17 1 1 1
     1158  1  31  18 1 1 1
     1159  1  31  19 1 1 1
     1160  1  31  20 1 1 1
     1161  1  31  21 1 1 1
     1162  1  31  22 1 1 1
     1163  1  31  23 1 1 1
     1164  1  31  24 1 1 1
     1165  1  31  25 1 1 1
     1166  1  31  26 1 1 1
     1167  1  31  27 1 1 1
     1168  1  31  28 1 1 1
     1169  1  31  29 1 1 1
     1170  1  31  30 1 1 1
     1171  1  31  31 1 1 1
     1172  1  31  32 1 1 1
     1173  1  31  33 1 1 1
     1174  1  31  34 1 1 1
     1175  1  31  35 1 1 1
     1176  1  31  36 1 1 1
     1177  1  31  37 1 1 1
     1178  1  31  38 1 1 1
     1179  1  32  1 1 1 1
     1180  1  32  2 1 1 1
     1181  1  32  3 1 1 1
     1182  1  32  4 1 1 1
     1183  1  32  5 1 1 1
     1184  1  32  6 1 1 1
     1185  1  32  7 1 1 1
     1186  1  32  8 1 1 1
     1187  1  32  9 1 1 1
     1188  1  32  10 1 1 1
     1189  1  32  11 1 1 1
     1190  1  32  12 1 1 1
     1191  1  32  13 1 1 1
     1192  1  32  14 1 1 1
     1193  1  32  15 1 1 1
     1194  1  32  16 1 1 1
     1195  1  32  17 1 1 1
     1196  1  32  18 1 1 1
     1197  1  32  19 1 1 1
     1198  1  32  20 1 1 1
     1199  1  32  21 1 1 1
     1200  1  32  22 1 1 1
     1201  1  32  23 1 1 1
     1202  1  32  24 1 1 1
     1203  1  32  25 1 1 1
     1204  1  32  26 1 1 1
     1205  1  32  27 1 1 1
     1206  1  32  28 1 1 1
     1207  1  32  29 1 1 1
     1208  1  32  30 1 1 1
     1209  1  32  31 1 1 1
     1210  1  32  32 1 1 1
     1211  1  32  33 1 1 1
     1212  1  32  34 1 1 1
     1213  1  32  35 1 1 1
     1214  1  32  36 1 1 1
     1215  1  32  37 1 1 1
     1216  1  32  38 1 1 1
     1217  1  33  1 1 1 1
     1218  1  33  2 1 1 1
     1219  1  33  3 1 1 1
     1220  1  33  4 1 1 1
     1221  1  33  5 1 1 1
     1222  1  33  6 1 1 1
     1223  1  33  7 1 1 1
     1224  1  33  8 1 1 1
     1225  1  33  9 1 1 1
     1226  1  33  10 1 1 1
     1227  1  33  11 1 1 1
     1228  1  33  12 1 1 1
     1229  1  33  13 1 1 1
     1230  1  33  14 1 1 1
     1231  1  33  15 1 1 1
     1232  1  33  16 1 1 1
     1233  1  33  17 1 1 1
     1234  1  33  18 1 1 1
     1235  1  33  19 1 1 1
     1236  1  33  20 1 1 1
     1237  1  33  21 1 1 1
     1238  1  33  22 1 1 1
     1239  1  33  23 1 1 1
     1240  1  33  24 1 1 1
     1241  1  33  25 1 1 1
     1242  1  33  26 1 1 1
     1243  1  33  27 1 1 1
     1244  1  33  28 1 1 1
     1245  1  33  29 1 1 1
     1246  1  33  30 1 1 1
     1247  1  33  31 1 1 1
     1248  1  33  32 1 1 1
     1249  1  33  33 1 1 1
     1250  1  33  34 1 1 1
     1251  1  33  35 1 1 1
     1252  1  33  36 1 1 1
     1253  1  33  37 1 1 1
     1254  1  33  38 1 1 1
     1255  1  34  1 1 1 1
     1256  1  34  2 1 1 1
     1257  1  34  3 1 1 1
     1258  1  34  4 1 1 1
     1259  1  34  5 1 1 1
     1260  1  34  6 1 1 1
     1261  1  34  7 1 1 1
     1262  1  34  8 1 1 1
     1263  1  34  9 1 1 1
     1264  1  34  10 1 1 1
     1265  1  34  11 1 1 1
     1266  1  34  12 1 1 1
     1267  1  34  13 1 1 1
     1268  1  34  14 1 1 1
     1269  1  34  15 1 1 1
     1270  1  34  16 1 1 1
     1271  1  34  17 1 1 1
     1272  1  34  18 1 1 1
     1273  1  34  19 1 1 1
     1274  1  34  20 1 1 1
     1275  1  34  21 1 1 1
     1276  1  34  22 1 1 1
     1277  1  34  23 1 1 1
     1278  1  34  24 1 1 1
     1279  1  34  25 1 1 1
     1280  1  34  26 1 1 1
     1281  1  34  27 1 1 1
     1282  1  34  28 1 1 1
     1283  1  34  29 1 1 1
     1284  1  34  30 1 1 1
     1285  1  34  31 1 1 1
     1286  1  34  32 1 1 1
     1287  1  34  33 1 1 1
     1288  1  34  34 1 1 1
     1289  1  34  35 1 1 1
     1290  1  34  36 1 1 1
     1291  1  34  37 1 1 1
     1292  1  34  38 1 1 1
     1293  1  35  1 1 1 1
     1294  1  35  2 1 1 1
     1295  1  35  3 1 1 1
     1296  1  35  4 1 1 1
     1297  1  35  5 1 1 1
     1298  1  35  6 1 1 1
     1299  1  35  7 1 1 1
     1300  1  35  8 1 1 1
     1301  1  35  9 1 1 1
     1302  1  35  10 1 1 1
     1303  1  35  11 1 1 1
     1304  1  35  12 1 1 1
     1305  1  35  13 1 1 1
     1306  1  35  14 1 1 1
     1307  1  35  15 1 1 1
     1308  1  35  16 1 1 1
     1309  1  35  17 1 1 1
     1310  1  35  18 1 1 1
     1311  1  35  19 1 1 1
     1312  1  35  20 1 1 1
     1313  1  35  21 1 1 1
     1314  1  35  22 1 1 1
     1315  1  35  23 1 1 1
     1316  1  35  24 1 1 1
     1317  1  35  25 1 1 1
     1318  1  35  26 1 1 1
     1319  1  35  27 1 1 1
     1320  1  35  28 1 1 1
     1321  1  35  29 1 1 1
     1322  1  35  30 1 1 1
     1323  1  35  31 1 1 1
     1324  1  35  32 1 1 1
     1325  1  35  33 1 1 1
     1326  1  35  34 1 1 1
     1327  1  35  35 1 1 1
     1328  1  35  36 1 1 1
     1329  1  35  37 1 1 1
     1330  1  35  38 1 1 1
     1331  1  36  1 1 1 1
     1332  1  36  2 1 1 1
     1333  1  36  3 1 1 1
     1334  1  36  4 1 1 1
     1335  1  36  5 1 1 1
     1336  1  36  6 1 1 1
     1337  1  36  7 1 1 1
     1338  1  36  8 1 1 1
     1339  1  36  9 1 1 1
     1340  1  36  10 1 1 1
     1341  1  36  11 1 1 1
     1342  1  36  12 1 1 1
     1343  1  36  13 1 1 1
     1344  1  36  14 1 1 1
     1345  1  36  15 1 1 1
     1346  1  36  16 1 1 1
     1347  1  36  17 1 1 1
     1348  1  36  18 1 1 1
     1349  1  36  19 1 1 1
     1350  1  36  20 1 1 1
     1351  1  36  21 1 1 1
     1352  1  36  22 1 1 1
     1353  1  36  23 1 1 1
     1354  1  36  24 1 1 1
     1355  1  36  25 1 1 1
     1356  1  36  26 1 1 1
     1357  1  36  27 1 1 1
     1358  1  36  28 1 1 1
     1359  1  36  29 1 1 1
     1360  1  36  30 1 1 1
     1361  1  36  31 1 1 1
     1362  1  36  32 1 1 1
     1363  1  36  33 1 1 1
     1364  1  36  34 1 1 1
     1365  1  36  35 1 1 1
     1366  1  36  36 1 1 1
     1367  1  36  37 1 1 1
     1368  1  36  38 1 1 1
     1369  1  37  1 1 1 1
     1370  1  37  2 1 1 1
     1371  1  37  3 1 1 1
     1372  1  37  4 1 1 1
     1373  1  37  5 1 1 1
     1374  1  37  6 1 1 1
     1375  1  37  7 1 1 1
     1376  1  37  8 1 1 1
     1377  1  37  9 1 1 1
     1378  1  37  10 1 1 1
     1379  1  37  11 1 1 1
     1380  1  37  12 1 1 1
     1381  1  37  13 1 1 1
     1382  1  37  14 1 1 1
     1383  1  37  15 1 1 1
     1384  1  37  16 1 1 1
     1385  1  37  17 1 1 1
     1386  1  37  18 1 1 1
     1387  1  37  19 1 1 1
     1388  1  37  20 1 1 1
     1389  1  37  21 1 1 1
     1390  1  37  22 1 1 1
     1391  1  37  23 1 1 1
     1392  1  37  24 1 1 1
     1393  1  37  25 1 1 1
     1394  1  37  26 1 1 1
     1395  1  37  27 1 1 1
     1396  1  37  28 1 1 1
     1397  1  37  29 1 1 1
     1398  1  37  30 1 1 1
     1399  1  37  31 1 1 1
     1400  1  37  32 1 1 1
     1401  1  37  33 1 1 1
     1402  1  37  34 1 1 1
     1403  1  37  35 1 1 1
     1404  1  37  36 1 1 1
     1405  1  37  37 1 1 1
     1406  1  37  38 1 1 1
     1407  1  38  1 1 1 1
     1408  1  38  2 1 1 1
     1409  1  38  3 1 1 1
     1410  1  38  4 1 1 1
     1411  1  38  5 1 1 1
     1412  1  38  6 1 1 1
     1413  1  38  7 1 1 1
     1414  1  38  8 1 1 1
     1415  1  38  9 1 1 1
     1416  1  38  10 1 1 1
     1417  1  38  11 1 1 1
     1418  1  38  12 1 1 1
     1419  1  38  13 1 1 1
     1420  1  38  14 1 1 1
     1421  1  38  15 1 1 1
     1422  1  38  16 1 1 1
     1423  1  38  17 1 1 1
     1424  1  38  18 1 1 1
     1425  1  38  19 1 1 1
     1426  1  38  20 1 1 1
     1427  1  38  21 1 1 1
     1428  1  38  22 1 1 1
     1429  1  38  23 1 1 1
     1430  1  38  24 1 1 1
     1431  1  38  25 1 1 1
     1432  1  38  26 1 1 1
     1433  1  38  27 1 1 1
     1434  1  38  28 1 1 1
     1435  1  38  29 1 1 1
     1436  1  38  30 1 1 1
     1437  1  38  31 1 1 1
     1438  1  38  32 1 1 1
     1439  1  38  33 1 1 1
     1440  1  38  34 1 1 1
     1441  1  38  35 1 1 1
     1442  1  38  36 1 1 1
     1443  1  38  37 1 1 1
     1444  1  38  38 1 1 1