>GEOMETRY   rect_prism; AX,AY,AZ= 0.4120 0.4120 0.4120
     1760 = NAT 
  1.000000  0.000000  0.000000 = A_1 vector
  0.000000  1.000000  0.000000 = A_2 vector
  1.000000  1.000000  1.000000 = lattice spacings (d_x,d_y,d_z)/d
 -0.09800 -0.03900 -0.05250 = lattice offset x0(1-3) = (x_TF, y_TF, z_TF)/d for dipole 0 0 0
     JA  IX  IY  IZ ICOMP(x,y,z)
     1  1  1  1 1 1 1
     2  1  1  2 1 1 1
     3  1  1  3 1 1 1
     4  1  1  4 1 1 1
     5  1  1  5 1 1 1
     6  1  1  6 1 1 1
     7  1  1  7 1 1 1
     8  1  1  8 1 1 1
     9  1  1  9 1 1 1
     10  1  1  10 1 1 1
     11  1  1  11 1 1 1
     12  1  2  1 1 1 1
     13  1  2  2 1 1 1
     14  1  2  3 1 1 1
     15  1  2  4 1 1 1
     16  1  2  5 1 1 1
     17  1  2  6 1 1 1
     18  1  2  7 1 1 1
     19  1  2  8 1 1 1
     20  1  2  9 1 1 1
     21  1  2  10 1 1 1
     22  1  2  11 1 1 1
     23  1  3  1 1 1 1
     24  1  3  2 1 1 1
     25  1  3  3 1 1 1
     26  1  3  4 1 1 1
     27  1  3  5 1 1 1
     28  1  3  6 1 1 1
     29  1  3  7 1 1 1
     30  1  3  8 1 1 1
     31  1  3  9 1 1 1
     32  1  3  10 1 1 1
     33  1  3  11 1 1 1
     34  1  4  1 1 1 1
     35  1  4  2 1 1 1
     36  1  4  3 1 1 1
     37  1  4  4 1 1 1
     38  1  4  5 1 1 1
     39  1  4  6 1 1 1
     40  1  4  7 1 1 1
     41  1  4  8 1 1 1
     42  1  4  9 1 1 1
     43  1  4  10 1 1 1
     44  1  4  11 1 1 1
     45  1  5  1 1 1 1
     46  1  5  2 1 1 1
     47  1  5  3 1 1 1
     48  1  5  4 1 1 1
     49  1  5  5 1 1 1
     50  1  5  6 1 1 1
     51  1  5  7 1 1 1
     52  1  5  8 1 1 1
     53  1  5  9 1 1 1
     54  1  5  10 1 1 1
     55  1  5  11 1 1 1
     56  1  6  1 1 1 1
     57  1  6  2 1 1 1
     58  1  6  3 1 1 1
     59  1  6  4 1 1 1
     60  1  6  5 1 1 1
     61  1  6  6 1 1 1
     62  1  6  7 1 1 1
     63  1  6  8 1 1 1
     64  1  6  9 1 1 1
     65  1  6  10 1 1 1
     66  1  6  11 1 1 1
     67  1  7  1 1 1 1
     68  1  7  2 1 1 1
     69  1  7  3 1 1 1
     70  1  7  4 1 1 1
     71  1  7  5 1 1 1
     72  1  7  6 1 1 1
     73  1  7  7 1 1 1
     74  1  7  8 1 1 1
     75  1  7  9 1 1 1
     76  1  7  10 1 1 1
     77  1  7  11 1 1 1
     78  1  8  1 1 1 1
     79  1  8  2 1 1 1
     80  1  8  3 1 1 1
     81  1  8  4 1 1 1
     82  1  8  5 1 1 1
     83  1  8  6 1 1 1
     84  1  8  7 1 1 1
     85  1  8  8 1 1 1
     86  1  8  9 1 1 1
     87  1  8  10 1 1 1
     88  1  8  11 1 1 1
     89  2  1  1 1 1 1
     90  2  1  2 1 1 1
     91  2  1  3 1 1 1
     92  2  1  4 1 1 1
     93  2  1  5 1 1 1
     94  2  1  6 1 1 1
     95  2  1  7 1 1 1
     96  2  1  8 1 1 1
     97  2  1  9 1 1 1
     98  2  1  10 1 1 1
     99  2  1  11 1 1 1
     100  2  2  1 1 1 1
     101  2  2  2 1 1 1
     102  2  2  3 1 1 1
     103  2  2  4 1 1 1
     104  2  2  5 1 1 1
     105  2  2  6 1 1 1
     106  2  2  7 1 1 1
     107  2  2  8 1 1 1
     108  2  2  9 1 1 1
     109  2  2  10 1 1 1
     110  2  2  11 1 1 1
     111  2  3  1 1 1 1
     112  2  3  2 1 1 1
     113  2  3  3 1 1 1
     114  2  3  4 1 1 1
     115  2  3  5 1 1 1
     116  2  3  6 1 1 1
     117  2  3  7 1 1 1
     118  2  3  8 1 1 1
     119  2  3  9 1 1 1
     120  2  3  10 1 1 1
     121  2  3  11 1 1 1
     122  2  4  1 1 1 1
     123  2  4  2 1 1 1
     124  2  4  3 1 1 1
     125  2  4  4 1 1 1
     126  2  4  5 1 1 1
     127  2  4  6 1 1 1
     128  2  4  7 1 1 1
     129  2  4  8 1 1 1
     130  2  4  9 1 1 1
     131  2  4  10 1 1 1
     132  2  4  11 1 1 1
     133  2  5  1 1 1 1
     134  2  5  2 1 1 1
     135  2  5  3 1 1 1
     136  2  5  4 1 1 1
     137  2  5  5 1 1 1
     138  2  5  6 1 1 1
     139  2  5  7 1 1 1
     140  2  5  8 1 1 1
     141  2  5  9 1 1 1
     142  2  5  10 1 1 1
     143  2  5  11 1 1 1
     144  2  6  1 1 1 1
     145  2  6  2 1 1 1
     146  2  6  3 1 1 1
     147  2  6  4 1 1 1
     148  2  6  5 1 1 1
     149  2  6  6 1 1 1
     150  2  6  7 1 1 1
     151  2  6  8 1 1 1
     152  2  6  9 1 1 1
     153  2  6  10 1 1 1
     154  2  6  11 1 1 1
     155  2  7  1 1 1 1
     156  2  7  2 1 1 1
     157  2  7  3 1 1 1
     158  2  7  4 1 1 1
     159  2  7  5 1 1 1
     160  2  7  6 1 1 1
     161  2  7  7 1 1 1
     162  2  7  8 1 1 1
     163  2  7  9 1 1 1
     164  2  7  10 1 1 1
     165  2  7  11 1 1 1
     166  2  8  1 1 1 1
     167  2  8  2 1 1 1
     168  2  8  3 1 1 1
     169  2  8  4 1 1 1
     170  2  8  5 1 1 1
     171  2  8  6 1 1 1
     172  2  8  7 1 1 1
     173  2  8  8 1 1 1
     174  2  8  9 1 1 1
     175  2  8  10 1 1 1
     176  2  8  11 1 1 1
     177  3  1  1 1 1 1
     178  3  1  2 1 1 1
     179  3  1  3 1 1 1
     180  3  1  4 1 1 1
     181  3  1  5 1 1 1
     182  3  1  6 1 1 1
     183  3  1  7 1 1 1
     184  3  1  8 1 1 1
     185  3  1  9 1 1 1
     186  3  1  10 1 1 1
     187  3  1  11 1 1 1
     188  3  2  1 1 1 1
     189  3  2  2 1 1 1
     190  3  2  3 1 1 1
     191  3  2  4 1 1 1
     192  3  2  5 1 1 1
     193  3  2  6 1 1 1
     194  3  2  7 1 1 1
     195  3  2  8 1 1 1
     196  3  2  9 1 1 1
     197  3  2  10 1 1 1
     198  3  2  11 1 1 1
     199  3  3  1 1 1 1
     200  3  3  2 1 1 1
     201  3  3  3 1 1 1
     202  3  3  4 1 1 1
     203  3  3  5 1 1 1
     204  3  3  6 1 1 1
     205  3  3  7 1 1 1
     206  3  3  8 1 1 1
     207  3  3  9 1 1 1
     208  3  3  10 1 1 1
     209  3  3  11 1 1 1
     210  3  4  1 1 1 1
     211  3  4  2 1 1 1
     212  3  4  3 1 1 1
     213  3  4  4 1 1 1
     214  3  4  5 1 1 1
     215  3  4  6 1 1 1
     216  3  4  7 1 1 1
     217  3  4  8 1 1 1
     218  3  4  9 1 1 1
     219  3  4  10 1 1 1
     220  3  4  11 1 1 1
     221  3  5  1 1 1 1
     222  3  5  2 1 1 1
     223  3  5  3 1 1 1
     224  3  5  4 1 1 1
     225  3  5  5 1 1 1
     226  3  5  6 1 1 1
     227  3  5  7 1 1 1
     228  3  5  8 1 1 1
     229  3  5  9 1 1 1
     230  3  5  10 1 1 1
     231  3  5  11 1 1 1
     232  3  6  1 1 1 1
     233  3  6  2 1 1 1
     234  3  6  3 1 1 1
     235  3  6  4 1 1 1
     236  3  6  5 1 1 1
     237  3  6  6 1 1 1
     238  3  6  7 1 1 1
     239  3  6  8 1 1 1
     240  3  6  9 1 1 1
     241  3  6  10 1 1 1
     242  3  6  11 1 1 1
     243  3  7  1 1 1 1
     244  3  7  2 1 1 1
     245  3  7  3 1 1 1
     246  3  7  4 1 1 1
     247  3  7  5 1 1 1
     248  3  7  6 1 1 1
     249  3  7  7 1 1 1
     250  3  7  8 1 1 1
     251  3  7  9 1 1 1
     252  3  7  10 1 1 1
     253  3  7  11 1 1 1
     254  3  8  1 1 1 1
     255  3  8  2 1 1 1
     256  3  8  3 1 1 1
     257  3  8  4 1 1 1
     258  3  8  5 1 1 1
     259  3  8  6 1 1 1
     260  3  8  7 1 1 1
     261  3  8  8 1 1 1
     262  3  8  9 1 1 1
     263  3  8  10 1 1 1
     264  3  8  11 1 1 1
     265  4  1  1 1 1 1
     266  4  1  2 1 1 1
     267  4  1  3 1 1 1
     268  4  1  4 1 1 1
     269  4  1  5 1 1 1
     270  4  1  6 1 1 1
     271  4  1  7 1 1 1
     272  4  1  8 1 1 1
     273  4  1  9 1 1 1
     274  4  1  10 1 1 1
     275  4  1  11 1 1 1
     276  4  2  1 1 1 1
     277  4  2  2 1 1 1
     278  4  2  3 1 1 1
     279  4  2  4 1 1 1
     280  4  2  5 1 1 1
     281  4  2  6 1 1 1
     282  4  2  7 1 1 1
     283  4  2  8 1 1 1
     284  4  2  9 1 1 1
     285  4  2  10 1 1 1
     286  4  2  11 1 1 1
     287  4  3  1 1 1 1
     288  4  3  2 1 1 1
     289  4  3  3 1 1 1
     290  4  3  4 1 1 1
     291  4  3  5 1 1 1
     292  4  3  6 1 1 1
     293  4  3  7 1 1 1
     294  4  3  8 1 1 1
     295  4  3  9 1 1 1
     296  4  3  10 1 1 1
     297  4  3  11 1 1 1
     298  4  4  1 1 1 1
     299  4  4  2 1 1 1
     300  4  4  3 1 1 1
     301  4  4  4 1 1 1
     302  4  4  5 1 1 1
     303  4  4  6 1 1 1
     304  4  4  7 1 1 1
     305  4  4  8 1 1 1
     306  4  4  9 1 1 1
     307  4  4  10 1 1 1
     308  4  4  11 1 1 1
     309  4  5  1 1 1 1
     310  4  5  2 1 1 1
     311  4  5  3 1 1 1
     312  4  5  4 1 1 1
     313  4  5  5 1 1 1
     314  4  5  6 1 1 1
     315  4  5  7 1 1 1
     316  4  5  8 1 1 1
     317  4  5  9 1 1 1
     318  4  5  10 1 1 1
     319  4  5  11 1 1 1
     320  4  6  1 1 1 1
     321  4  6  2 1 1 1
     322  4  6  3 1 1 1
     323  4  6  4 1 1 1
     324  4  6  5 1 1 1
     325  4  6  6 1 1 1
     326  4  6  7 1 1 1
     327  4  6  8 1 1 1
     328  4  6  9 1 1 1
     329  4  6  10 1 1 1
     330  4  6  11 1 1 1
     331  4  7  1 1 1 1
     332  4  7  2 1 1 1
     333  4  7  3 1 1 1
     334  4  7  4 1 1 1
     335  4  7  5 1 1 1
     336  4  7  6 1 1 1
     337  4  7  7 1 1 1
     338  4  7  8 1 1 1
     339  4  7  9 1 1 1
     340  4  7  10 1 1 1
     341  4  7  11 1 1 1
     342  4  8  1 1 1 1
     343  4  8  2 1 1 1
     344  4  8  3 1 1 1
     345  4  8  4 1 1 1
     346  4  8  5 1 1 1
     347  4  8  6 1 1 1
     348  4  8  7 1 1 1
     349  4  8  8 1 1 1
     350  4  8  9 1 1 1
     351  4  8  10 1 1 1
     352  4  8  11 1 1 1
     353  5  1  1 1 1 1
     354  5  1  2 1 1 1
     355  5  1  3 1 1 1
     356  5  1  4 1 1 1
     357  5  1  5 1 1 1
     358  5  1  6 1 1 1
     359  5  1  7 1 1 1
     360  5  1  8 1 1 1
     361  5  1  9 1 1 1
     362  5  1  10 1 1 1
     363  5  1  11 1 1 1
     364  5  2  1 1 1 1
     365  5  2  2 1 1 1
     366  5  2  3 1 1 1
     367  5  2  4 1 1 1
     368  5  2  5 1 1 1
     369  5  2  6 1 1 1
     370  5  2  7 1 1 1
     371  5  2  8 1 1 1
     372  5  2  9 1 1 1
     373  5  2  10 1 1 1
     374  5  2  11 1 1 1
     375  5  3  1 1 1 1
     376  5  3  2 1 1 1
     377  5  3  3 1 1 1
     378  5  3  4 1 1 1
     379  5  3  5 1 1 1
     380  5  3  6 1 1 1
     381  5  3  7 1 1 1
     382  5  3  8 1 1 1
     383  5  3  9 1 1 1
     384  5  3  10 1 1 1
     385  5  3  11 1 1 1
     386  5  4  1 1 1 1
     387  5  4  2 1 1 1
     388  5  4  3 1 1 1
     389  5  4  4 1 1 1
     390  5  4  5 1 1 1
     391  5  4  6 1 1 1
     392  5  4  7 1 1 1
     393  5  4  8 1 1 1
     394  5  4  9 1 1 1
     395  5  4  10 1 1 1
     396  5  4  11 1 1 1
     397  5  5  1 1 1 1
     398  5  5  2 1 1 1
     399  5  5  3 1 1 1
     400  5  5  4 1 1 1
     401  5  5  5 1 1 1
     402  5  5  6 1 1 1
     403  5  5  7 1 1 1
     404  5  5  8 1 1 1
     405  5  5  9 1 1 1
     406  5  5  10 1 1 1
     407  5  5  11 1 1 1
     408  5  6  1 1 1 1
     409  5  6  2 1 1 1
     410  5  6  3 1 1 1
     411  5  6  4 1 1 1
     412  5  6  5 1 1 1
     413  5  6  6 1 1 1
     414  5  6  7 1 1 1
     415  5  6  8 1 1 1
     416  5  6  9 1 1 1
     417  5  6  10 1 1 1
     418  5  6  11 1 1 1
     419  5  7  1 1 1 1
     420  5  7  2 1 1 1
     421  5  7  3 1 1 1
     422  5  7  4 1 1 1
     423  5  7  5 1 1 1
     424  5  7  6 1 1 1
     425  5  7  7 1 1 1
     426  5  7  8 1 1 1
     427  5  7  9 1 1 1
     428  5  7  10 1 1 1
     429  5  7  11 1 1 1
     430  5  8  1 1 1 1
     431  5  8  2 1 1 1
     432  5  8  3 1 1 1
     433  5  8  4 1 1 1
     434  5  8  5 1 1 1
     435  5  8  6 1 1 1
     436  5  8  7 1 1 1
     437  5  8  8 1 1 1
     438  5  8  9 1 1 1
     439  5  8  10 1 1 1
     440  5  8  11 1 1 1
     441  6  1  1 1 1 1
     442  6  1  2 1 1 1
     443  6  1  3 1 1 1
     444  6  1  4 1 1 1
     445  6  1  5 1 1 1
     446  6  1  6 1 1 1
     447  6  1  7 1 1 1
     448  6  1  8 1 1 1
     449  6  1  9 1 1 1
     450  6  1  10 1 1 1
     451  6  1  11 1 1 1
     452  6  2  1 1 1 1
     453  6  2  2 1 1 1
     454  6  2  3 1 1 1
     455  6  2  4 1 1 1
     456  6  2  5 1 1 1
     457  6  2  6 1 1 1
     458  6  2  7 1 1 1
     459  6  2  8 1 1 1
     460  6  2  9 1 1 1
     461  6  2  10 1 1 1
     462  6  2  11 1 1 1
     463  6  3  1 1 1 1
     464  6  3  2 1 1 1
     465  6  3  3 1 1 1
     466  6  3  4 1 1 1
     467  6  3  5 1 1 1
     468  6  3  6 1 1 1
     469  6  3  7 1 1 1
     470  6  3  8 1 1 1
     471  6  3  9 1 1 1
     472  6  3  10 1 1 1
     473  6  3  11 1 1 1
     474  6  4  1 1 1 1
     475  6  4  2 1 1 1
     476  6  4  3 1 1 1
     477  6  4  4 1 1 1
     478  6  4  5 1 1 1
     479  6  4  6 1 1 1
     480  6  4  7 1 1 1
     481  6  4  8 1 1 1
     482  6  4  9 1 1 1
     483  6  4  10 1 1 1
     484  6  4  11 1 1 1
     485  6  5  1 1 1 1
     486  6  5  2 1 1 1
     487  6  5  3 1 1 1
     488  6  5  4 1 1 1
     489  6  5  5 1 1 1
     490  6  5  6 1 1 1
     491  6  5  7 1 1 1
     492  6  5  8 1 1 1
     493  6  5  9 1 1 1
     494  6  5  10 1 1 1
     495  6  5  11 1 1 1
     496  6  6  1 1 1 1
     497  6  6  2 1 1 1
     498  6  6  3 1 1 1
     499  6  6  4 1 1 1
     500  6  6  5 1 1 1
     501  6  6  6 1 1 1
     502  6  6  7 1 1 1
     503  6  6  8 1 1 1
     504  6  6  9 1 1 1
     505  6  6  10 1 1 1
     506  6  6  11 1 1 1
     507  6  7  1 1 1 1
     508  6  7  2 1 1 1
     509  6  7  3 1 1 1
     510  6  7  4 1 1 1
     511  6  7  5 1 1 1
     512  6  7  6 1 1 1
     513  6  7  7 1 1 1
     514  6  7  8 1 1 1
     515  6  7  9 1 1 1
     516  6  7  10 1 1 1
     517  6  7  11 1 1 1
     518  6  8  1 1 1 1
     519  6  8  2 1 1 1
     520  6  8  3 1 1 1
     521  6  8  4 1 1 1
     522  6  8  5 1 1 1
     523  6  8  6 1 1 1
     524  6  8  7 1 1 1
     525  6  8  8 1 1 1
     526  6  8  9 1 1 1
     527  6  8  10 1 1 1
     528  6  8  11 1 1 1
     529  7  1  1 1 1 1
     530  7  1  2 1 1 1
     531  7  1  3 1 1 1
     532  7  1  4 1 1 1
     533  7  1  5 1 1 1
     534  7  1  6 1 1 1
     535  7  1  7 1 1 1
     536  7  1  8 1 1 1
     537  7  1  9 1 1 1
     538  7  1  10 1 1 1
     539  7  1  11 1 1 1
     540  7  2  1 1 1 1
     541  7  2  2 1 1 1
     542  7  2  3 1 1 1
     543  7  2  4 1 1 1
     544  7  2  5 1 1 1
     545  7  2  6 1 1 1
     546  7  2  7 1 1 1
     547  7  2  8 1 1 1
     548  7  2  9 1 1 1
     549  7  2  10 1 1 1
     550  7  2  11 1 1 1
     551  7  3  1 1 1 1
     552  7  3  2 1 1 1
     553  7  3  3 1 1 1
     554  7  3  4 1 1 1
     555  7  3  5 1 1 1
     556  7  3  6 1 1 1
     557  7  3  7 1 1 1
     558  7  3  8 1 1 1
     559  7  3  9 1 1 1
     560  7  3  10 1 1 1
     561  7  3  11 1 1 1
     562  7  4  1 1 1 1
     563  7  4  2 1 1 1
     564  7  4  3 1 1 1
     565  7  4  4 1 1 1
     566  7  4  5 1 1 1
     567  7  4  6 1 1 1
     568  7  4  7 1 1 1
     569  7  4  8 1 1 1
     570  7  4  9 1 1 1
     571  7  4  10 1 1 1
     572  7  4  11 1 1 1
     573  7  5  1 1 1 1
     574  7  5  2 1 1 1
     575  7  5  3 1 1 1
     576  7  5  4 1 1 1
     577  7  5  5 1 1 1
     578  7  5  6 1 1 1
     579  7  5  7 1 1 1
     580  7  5  8 1 1 1
     581  7  5  9 1 1 1
     582  7  5  10 1 1 1
     583  7  5  11 1 1 1
     584  7  6  1 1 1 1
     585  7  6  2 1 1 1
     586  7  6  3 1 1 1
     587  7  6  4 1 1 1
     588  7  6  5 1 1 1
     589  7  6  6 1 1 1
     590  7  6  7 1 1 1
     591  7  6  8 1 1 1
     592  7  6  9 1 1 1
     593  7  6  10 1 1 1
     594  7  6  11 1 1 1
     595  7  7  1 1 1 1
     596  7  7  2 1 1 1
     597  7  7  3 1 1 1
     598  7  7  4 1 1 1
     599  7  7  5 1 1 1
     600  7  7  6 1 1 1
     601  7  7  7 1 1 1
     602  7  7  8 1 1 1
     603  7  7  9 1 1 1
     604  7  7  10 1 1 1
     605  7  7  11 1 1 1
     606  7  8  1 1 1 1
     607  7  8  2 1 1 1
     608  7  8  3 1 1 1
     609  7  8  4 1 1 1
     610  7  8  5 1 1 1
     611  7  8  6 1 1 1
     612  7  8  7 1 1 1
     613  7  8  8 1 1 1
     614  7  8  9 1 1 1
     615  7  8  10 1 1 1
     616  7  8  11 1 1 1
     617  8  1  1 1 1 1
     618  8  1  2 1 1 1
     619  8  1  3 1 1 1
     620  8  1  4 1 1 1
     621  8  1  5 1 1 1
     622  8  1  6 1 1 1
     623  8  1  7 1 1 1
     624  8  1  8 1 1 1
     625  8  1  9 1 1 1
     626  8  1  10 1 1 1
     627  8  1  11 1 1 1
     628  8  2  1 1 1 1
     629  8  2  2 1 1 1
     630  8  2  3 1 1 1
     631  8  2  4 1 1 1
     632  8  2  5 1 1 1
     633  8  2  6 1 1 1
     634  8  2  7 1 1 1
     635  8  2  8 1 1 1
     636  8  2  9 1 1 1
     637  8  2  10 1 1 1
     638  8  2  11 1 1 1
     639  8  3  1 1 1 1
     640  8  3  2 1 1 1
     641  8  3  3 1 1 1
     642  8  3  4 1 1 1
     643  8  3  5 1 1 1
     644  8  3  6 1 1 1
     645  8  3  7 1 1 1
     646  8  3  8 1 1 1
     647  8  3  9 1 1 1
     648  8  3  10 1 1 1
     649  8  3  11 1 1 1
     650  8  4  1 1 1 1
     651  8  4  2 1 1 1
     652  8  4  3 1 1 1
     653  8  4  4 1 1 1
     654  8  4  5 1 1 1
     655  8  4  6 1 1 1
     656  8  4  7 1 1 1
     657  8  4  8 1 1 1
     658  8  4  9 1 1 1
     659  8  4  10 1 1 1
     660  8  4  11 1 1 1
     661  8  5  1 1 1 1
     662  8  5  2 1 1 1
     663  8  5  3 1 1 1
     664  8  5  4 1 1 1
     665  8  5  5 1 1 1
     666  8  5  6 1 1 1
     667  8  5  7 1 1 1
     668  8  5  8 1 1 1
     669  8  5  9 1 1 1
     670  8  5  10 1 1 1
     671  8  5  11 1 1 1
     672  8  6  1 1 1 1
     673  8  6  2 1 1 1
     674  8  6  3 1 1 1
     675  8  6  4 1 1 1
     676  8  6  5 1 1 1
     677  8  6  6 1 1 1
     678  8  6  7 1 1 1
     679  8  6  8 1 1 1
     680  8  6  9 1 1 1
     681  8  6  10 1 1 1
     682  8  6  11 1 1 1
     683  8  7  1 1 1 1
     684  8  7  2 1 1 1
     685  8  7  3 1 1 1
     686  8  7  4 1 1 1
     687  8  7  5 1 1 1
     688  8  7  6 1 1 1
     689  8  7  7 1 1 1
     690  8  7  8 1 1 1
     691  8  7  9 1 1 1
     692  8  7  10 1 1 1
     693  8  7  11 1 1 1
     694  8  8  1 1 1 1
     695  8  8  2 1 1 1
     696  8  8  3 1 1 1
     697  8  8  4 1 1 1
     698  8  8  5 1 1 1
     699  8  8  6 1 1 1
     700  8  8  7 1 1 1
     701  8  8  8 1 1 1
     702  8  8  9 1 1 1
     703  8  8  10 1 1 1
     704  8  8  11 1 1 1
     705  9  1  1 1 1 1
     706  9  1  2 1 1 1
     707  9  1  3 1 1 1
     708  9  1  4 1 1 1
     709  9  1  5 1 1 1
     710  9  1  6 1 1 1
     711  9  1  7 1 1 1
     712  9  1  8 1 1 1
     713  9  1  9 1 1 1
     714  9  1  10 1 1 1
     715  9  1  11 1 1 1
     716  9  2  1 1 1 1
     717  9  2  2 1 1 1
     718  9  2  3 1 1 1
     719  9  2  4 1 1 1
     720  9  2  5 1 1 1
     721  9  2  6 1 1 1
     722  9  2  7 1 1 1
     723  9  2  8 1 1 1
     724  9  2  9 1 1 1
     725  9  2  10 1 1 1
     726  9  2  11 1 1 1
     727  9  3  1 1 1 1
     728  9  3  2 1 1 1
     729  9  3  3 1 1 1
     730  9  3  4 1 1 1
     731  9  3  5 1 1 1
     732  9  3  6 1 1 1
     733  9  3  7 1 1 1
     734  9  3  8 1 1 1
     735  9  3  9 1 1 1
     736  9  3  10 1 1 1
     737  9  3  11 1 1 1
     738  9  4  1 1 1 1
     739  9  4  2 1 1 1
     740  9  4  3 1 1 1
     741  9  4  4 1 1 1
     742  9  4  5 1 1 1
     743  9  4  6 1 1 1
     744  9  4  7 1 1 1
     745  9  4  8 1 1 1
     746  9  4  9 1 1 1
     747  9  4  10 1 1 1
     748  9  4  11 1 1 1
     749  9  5  1 1 1 1
     750  9  5  2 1 1 1
     751  9  5  3 1 1 1
     752  9  5  4 1 1 1
     753  9  5  5 1 1 1
     754  9  5  6 1 1 1
     755  9  5  7 1 1 1
     756  9  5  8 1 1 1
     757  9  5  9 1 1 1
     758  9  5  10 1 1 1
     759  9  5  11 1 1 1
     760  9  6  1 1 1 1
     761  9  6  2 1 1 1
     762  9  6  3 1 1 1
     763  9  6  4 1 1 1
     764  9  6  5 1 1 1
     765  9  6  6 1 1 1
     766  9  6  7 1 1 1
     767  9  6  8 1 1 1
     768  9  6  9 1 1 1
     769  9  6  10 1 1 1
     770  9  6  11 1 1 1
     771  9  7  1 1 1 1
     772  9  7  2 1 1 1
     773  9  7  3 1 1 1
     774  9  7  4 1 1 1
     775  9  7  5 1 1 1
     776  9  7  6 1 1 1
     777  9  7  7 1 1 1
     778  9  7  8 1 1 1
     779  9  7  9 1 1 1
     780  9  7  10 1 1 1
     781  9  7  11 1 1 1
     782  9  8  1 1 1 1
     783  9  8  2 1 1 1
     784  9  8  3 1 1 1
     785  9  8  4 1 1 1
     786  9  8  5 1 1 1
     787  9  8  6 1 1 1
     788  9  8  7 1 1 1
     789  9  8  8 1 1 1
     790  9  8  9 1 1 1
     791  9  8  10 1 1 1
     792  9  8  11 1 1 1
     793  10  1  1 1 1 1
     794  10  1  2 1 1 1
     795  10  1  3 1 1 1
     796  10  1  4 1 1 1
     797  10  1  5 1 1 1
     798  10  1  6 1 1 1
     799  10  1  7 1 1 1
     800  10  1  8 1 1 1
     801  10  1  9 1 1 1
     802  10  1  10 1 1 1
     803  10  1  11 1 1 1
     804  10  2  1 1 1 1
     805  10  2  2 1 1 1
     806  10  2  3 1 1 1
     807  10  2  4 1 1 1
     808  10  2  5 1 1 1
     809  10  2  6 1 1 1
     810  10  2  7 1 1 1
     811  10  2  8 1 1 1
     812  10  2  9 1 1 1
     813  10  2  10 1 1 1
     814  10  2  11 1 1 1
     815  10  3  1 1 1 1
     816  10  3  2 1 1 1
     817  10  3  3 1 1 1
     818  10  3  4 1 1 1
     819  10  3  5 1 1 1
     820  10  3  6 1 1 1
     821  10  3  7 1 1 1
     822  10  3  8 1 1 1
     823  10  3  9 1 1 1
     824  10  3  10 1 1 1
     825  10  3  11 1 1 1
     826  10  4  1 1 1 1
     827  10  4  2 1 1 1
     828  10  4  3 1 1 1
     829  10  4  4 1 1 1
     830  10  4  5 1 1 1
     831  10  4  6 1 1 1
     832  10  4  7 1 1 1
     833  10  4  8 1 1 1
     834  10  4  9 1 1 1
     835  10  4  10 1 1 1
     836  10  4  11 1 1 1
     837  10  5  1 1 1 1
     838  10  5  2 1 1 1
     839  10  5  3 1 1 1
     840  10  5  4 1 1 1
     841  10  5  5 1 1 1
     842  10  5  6 1 1 1
     843  10  5  7 1 1 1
     844  10  5  8 1 1 1
     845  10  5  9 1 1 1
     846  10  5  10 1 1 1
     847  10  5  11 1 1 1
     848  10  6  1 1 1 1
     849  10  6  2 1 1 1
     850  10  6  3 1 1 1
     851  10  6  4 1 1 1
     852  10  6  5 1 1 1
     853  10  6  6 1 1 1
     854  10  6  7 1 1 1
     855  10  6  8 1 1 1
     856  10  6  9 1 1 1
     857  10  6  10 1 1 1
     858  10  6  11 1 1 1
     859  10  7  1 1 1 1
     860  10  7  2 1 1 1
     861  10  7  3 1 1 1
     862  10  7  4 1 1 1
     863  10  7  5 1 1 1
     864  10  7  6 1 1 1
     865  10  7  7 1 1 1
     866  10  7  8 1 1 1
     867  10  7  9 1 1 1
     868  10  7  10 1 1 1
     869  10  7  11 1 1 1
     870  10  8  1 1 1 1
     871  10  8  2 1 1 1
     872  10  8  3 1 1 1
     873  10  8  4 1 1 1
     874  10  8  5 1 1 1
     875  10  8  6 1 1 1
     876  10  8  7 1 1 1
     877  10  8  8 1 1 1
     878  10  8  9 1 1 1
     879  10  8  10 1 1 1
     880  10  8  11 1 1 1
     881  11  1  1 1 1 1
     882  11  1  2 1 1 1
     883  11  1  3 1 1 1
     884  11  1  4 1 1 1
     885  11  1  5 1 1 1
     886  11  1  6 1 1 1
     887  11  1  7 1 1 1
     888  11  1  8 1 1 1
     889  11  1  9 1 1 1
     890  11  1  10 1 1 1
     891  11  1  11 1 1 1
     892  11  2  1 1 1 1
     893  11  2  2 1 1 1
     894  11  2  3 1 1 1
     895  11  2  4 1 1 1
     896  11  2  5 1 1 1
     897  11  2  6 1 1 1
     898  11  2  7 1 1 1
     899  11  2  8 1 1 1
     900  11  2  9 1 1 1
     901  11  2  10 1 1 1
     902  11  2  11 1 1 1
     903  11  3  1 1 1 1
     904  11  3  2 1 1 1
     905  11  3  3 1 1 1
     906  11  3  4 1 1 1
     907  11  3  5 1 1 1
     908  11  3  6 1 1 1
     909  11  3  7 1 1 1
     910  11  3  8 1 1 1
     911  11  3  9 1 1 1
     912  11  3  10 1 1 1
     913  11  3  11 1 1 1
     914  11  4  1 1 1 1
     915  11  4  2 1 1 1
     916  11  4  3 1 1 1
     917  11  4  4 1 1 1
     918  11  4  5 1 1 1
     919  11  4  6 1 1 1
     920  11  4  7 1 1 1
     921  11  4  8 1 1 1
     922  11  4  9 1 1 1
     923  11  4  10 1 1 1
     924  11  4  11 1 1 1
     925  11  5  1 1 1 1
     926  11  5  2 1 1 1
     927  11  5  3 1 1 1
     928  11  5  4 1 1 1
     929  11  5  5 1 1 1
     930  11  5  6 1 1 1
     931  11  5  7 1 1 1
     932  11  5  8 1 1 1
     933  11  5  9 1 1 1
     934  11  5  10 1 1 1
     935  11  5  11 1 1 1
     936  11  6  1 1 1 1
     937  11  6  2 1 1 1
     938  11  6  3 1 1 1
     939  11  6  4 1 1 1
     940  11  6  5 1 1 1
     941  11  6  6 1 1 1
     942  11  6  7 1 1 1
     943  11  6  8 1 1 1
     944  11  6  9 1 1 1
     945  11  6  10 1 1 1
     946  11  6  11 1 1 1
     947  11  7  1 1 1 1
     948  11  7  2 1 1 1
     949  11  7  3 1 1 1
     950  11  7  4 1 1 1
     951  11  7  5 1 1 1
     952  11  7  6 1 1 1
     953  11  7  7 1 1 1
     954  11  7  8 1 1 1
     955  11  7  9 1 1 1
     956  11  7  10 1 1 1
     957  11  7  11 1 1 1
     958  11  8  1 1 1 1
     959  11  8  2 1 1 1
     960  11  8  3 1 1 1
     961  11  8  4 1 1 1
     962  11  8  5 1 1 1
     963  11  8  6 1 1 1
     964  11  8  7 1 1 1
     965  11  8  8 1 1 1
     966  11  8  9 1 1 1
     967  11  8  10 1 1 1
     968  11  8  11 1 1 1
     969  12  1  1 1 1 1
     970  12  1  2 1 1 1
     971  12  1  3 1 1 1
     972  12  1  4 1 1 1
     973  12  1  5 1 1 1
     974  12  1  6 1 1 1
     975  12  1  7 1 1 1
     976  12  1  8 1 1 1
     977  12  1  9 1 1 1
     978  12  1  10 1 1 1
     979  12  1  11 1 1 1
     980  12  2  1 1 1 1
     981  12  2  2 1 1 1
     982  12  2  3 1 1 1
     983  12  2  4 1 1 1
     984  12  2  5 1 1 1
     985  12  2  6 1 1 1
     986  12  2  7 1 1 1
     987  12  2  8 1 1 1
     988  12  2  9 1 1 1
     989  12  2  10 1 1 1
     990  12  2  11 1 1 1
     991  12  3  1 1 1 1
     992  12  3  2 1 1 1
     993  12  3  3 1 1 1
     994  12  3  4 1 1 1
     995  12  3  5 1 1 1
     996  12  3  6 1 1 1
     997  12  3  7 1 1 1
     998  12  3  8 1 1 1
     999  12  3  9 1 1 1
     1000  12  3  10 1 1 1
     1001  12  3  11 1 1 1
     1002  12  4  1 1 1 1
     1003  12  4  2 1 1 1
     1004  12  4  3 1 1 1
     1005  12  4  4 1 1 1
     1006  12  4  5 1 1 1
     1007  12  4  6 1 1 1
     1008  12  4  7 1 1 1
     1009  12  4  8 1 1 1
     1010  12  4  9 1 1 1
     1011  12  4  10 1 1 1
     1012  12  4  11 1 1 1
     1013  12  5  1 1 1 1
     1014  12  5  2 1 1 1
     1015  12  5  3 1 1 1
     1016  12  5  4 1 1 1
     1017  12  5  5 1 1 1
     1018  12  5  6 1 1 1
     1019  12  5  7 1 1 1
     1020  12  5  8 1 1 1
     1021  12  5  9 1 1 1
     1022  12  5  10 1 1 1
     1023  12  5  11 1 1 1
     1024  12  6  1 1 1 1
     1025  12  6  2 1 1 1
     1026  12  6  3 1 1 1
     1027  12  6  4 1 1 1
     1028  12  6  5 1 1 1
     1029  12  6  6 1 1 1
     1030  12  6  7 1 1 1
     1031  12  6  8 1 1 1
     1032  12  6  9 1 1 1
     1033  12  6  10 1 1 1
     1034  12  6  11 1 1 1
     1035  12  7  1 1 1 1
     1036  12  7  2 1 1 1
     1037  12  7  3 1 1 1
     1038  12  7  4 1 1 1
     1039  12  7  5 1 1 1
     1040  12  7  6 1 1 1
     1041  12  7  7 1 1 1
     1042  12  7  8 1 1 1
     1043  12  7  9 1 1 1
     1044  12  7  10 1 1 1
     1045  12  7  11 1 1 1
     1046  12  8  1 1 1 1
     1047  12  8  2 1 1 1
     1048  12  8  3 1 1 1
     1049  12  8  4 1 1 1
     1050  12  8  5 1 1 1
     1051  12  8  6 1 1 1
     1052  12  8  7 1 1 1
     1053  12  8  8 1 1 1
     1054  12  8  9 1 1 1
     1055  12  8  10 1 1 1
     1056  12  8  11 1 1 1
     1057  13  1  1 1 1 1
     1058  13  1  2 1 1 1
     1059  13  1  3 1 1 1
     1060  13  1  4 1 1 1
     1061  13  1  5 1 1 1
     1062  13  1  6 1 1 1
     1063  13  1  7 1 1 1
     1064  13  1  8 1 1 1
     1065  13  1  9 1 1 1
     1066  13  1  10 1 1 1
     1067  13  1  11 1 1 1
     1068  13  2  1 1 1 1
     1069  13  2  2 1 1 1
     1070  13  2  3 1 1 1
     1071  13  2  4 1 1 1
     1072  13  2  5 1 1 1
     1073  13  2  6 1 1 1
     1074  13  2  7 1 1 1
     1075  13  2  8 1 1 1
     1076  13  2  9 1 1 1
     1077  13  2  10 1 1 1
     1078  13  2  11 1 1 1
     1079  13  3  1 1 1 1
     1080  13  3  2 1 1 1
     1081  13  3  3 1 1 1
     1082  13  3  4 1 1 1
     1083  13  3  5 1 1 1
     1084  13  3  6 1 1 1
     1085  13  3  7 1 1 1
     1086  13  3  8 1 1 1
     1087  13  3  9 1 1 1
     1088  13  3  10 1 1 1
     1089  13  3  11 1 1 1
     1090  13  4  1 1 1 1
     1091  13  4  2 1 1 1
     1092  13  4  3 1 1 1
     1093  13  4  4 1 1 1
     1094  13  4  5 1 1 1
     1095  13  4  6 1 1 1
     1096  13  4  7 1 1 1
     1097  13  4  8 1 1 1
     1098  13  4  9 1 1 1
     1099  13  4  10 1 1 1
     1100  13  4  11 1 1 1
     1101  13  5  1 1 1 1
     1102  13  5  2 1 1 1
     1103  13  5  3 1 1 1
     1104  13  5  4 1 1 1
     1105  13  5  5 1 1 1
     1106  13  5  6 1 1 1
     1107  13  5  7 1 1 1
     1108  13  5  8 1 1 1
     1109  13  5  9 1 1 1
     1110  13  5  10 1 1 1
     1111  13  5  11 1 1 1
     1112  13  6  1 1 1 1
     1113  13  6  2 1 1 1
     1114  13  6  3 1 1 1
     1115  13  6  4 1 1 1
     1116  13  6  5 1 1 1
     1117  13  6  6 1 1 1
     1118  13  6  7 1 1 1
     1119  13  6  8 1 1 1
     1120  13  6  9 1 1 1
     1121  13  6  10 1 1 1
     1122  13  6  11 1 1 1
     1123  13  7  1 1 1 1
     1124  13  7  2 1 1 1
     1125  13  7  3 1 1 1
     1126  13  7  4 1 1 1
     1127  13  7  5 1 1 1
     1128  13  7  6 1 1 1
     1129  13  7  7 1 1 1
     1130  13  7  8 1 1 1
     1131  13  7  9 1 1 1
     1132  13  7  10 1 1 1
     1133  13  7  11 1 1 1
     1134  13  8  1 1 1 1
     1135  13  8  2 1 1 1
     1136  13  8  3 1 1 1
     1137  13  8  4 1 1 1
     1138  13  8  5 1 1 1
     1139  13  8  6 1 1 1
     1140  13  8  7 1 1 1
     1141  13  8  8 1 1 1
     1142  13  8  9 1 1 1
     1143  13  8  10 1 1 1
     1144  13  8  11 1 1 1
     1145  14  1  1 1 1 1
     1146  14  1  2 1 1 1
     1147  14  1  3 1 1 1
     1148  14  1  4 1 1 1
     1149  14  1  5 1 1 1
     1150  14  1  6 1 1 1
     1151  14  1  7 1 1 1
     1152  14  1  8 1 1 1
     1153  14  1  9 1 1 1
     1154  14  1  10 1 1 1
     1155  14  1  11 1 1 1
     1156  14  2  1 1 1 1
     1157  14  2  2 1 1 1
     1158  14  2  3 1 1 1
     1159  14  2  4 1 1 1
     1160  14  2  5 1 1 1
     1161  14  2  6 1 1 1
     1162  14  2  7 1 1 1
     1163  14  2  8 1 1 1
     1164  14  2  9 1 1 1
     1165  14  2  10 1 1 1
     1166  14  2  11 1 1 1
     1167  14  3  1 1 1 1
     1168  14  3  2 1 1 1
     1169  14  3  3 1 1 1
     1170  14  3  4 1 1 1
     1171  14  3  5 1 1 1
     1172  14  3  6 1 1 1
     1173  14  3  7 1 1 1
     1174  14  3  8 1 1 1
     1175  14  3  9 1 1 1
     1176  14  3  10 1 1 1
     1177  14  3  11 1 1 1
     1178  14  4  1 1 1 1
     1179  14  4  2 1 1 1
     1180  14  4  3 1 1 1
     1181  14  4  4 1 1 1
     1182  14  4  5 1 1 1
     1183  14  4  6 1 1 1
     1184  14  4  7 1 1 1
     1185  14  4  8 1 1 1
     1186  14  4  9 1 1 1
     1187  14  4  10 1 1 1
     1188  14  4  11 1 1 1
     1189  14  5  1 1 1 1
     1190  14  5  2 1 1 1
     1191  14  5  3 1 1 1
     1192  14  5  4 1 1 1
     1193  14  5  5 1 1 1
     1194  14  5  6 1 1 1
     1195  14  5  7 1 1 1
     1196  14  5  8 1 1 1
     1197  14  5  9 1 1 1
     1198  14  5  10 1 1 1
     1199  14  5  11 1 1 1
     1200  14  6  1 1 1 1
     1201  14  6  2 1 1 1
     1202  14  6  3 1 1 1
     1203  14  6  4 1 1 1
     1204  14  6  5 1 1 1
     1205  14  6  6 1 1 1
     1206  14  6  7 1 1 1
     1207  14  6  8 1 1 1
     1208  14  6  9 1 1 1
     1209  14  6  10 1 1 1
     1210  14  6  11 1 1 1
     1211  14  7  1 1 1 1
     1212  14  7  2 1 1 1
     1213  14  7  3 1 1 1
     1214  14  7  4 1 1 1
     1215  14  7  5 1 1 1
     1216  14  7  6 1 1 1
     1217  14  7  7 1 1 1
     1218  14  7  8 1 1 1
     1219  14  7  9 1 1 1
     1220  14  7  10 1 1 1
     1221  14  7  11 1 1 1
     1222  14  8  1 1 1 1
     1223  14  8  2 1 1 1
     1224  14  8  3 1 1 1
     1225  14  8  4 1 1 1
     1226  14  8  5 1 1 1
     1227  14  8  6 1 1 1
     1228  14  8  7 1 1 1
     1229  14  8  8 1 1 1
     1230  14  8  9 1 1 1
     1231  14  8  10 1 1 1
     1232  14  8  11 1 1 1
     1233  15  1  1 1 1 1
     1234  15  1  2 1 1 1
     1235  15  1  3 1 1 1
     1236  15  1  4 1 1 1
     1237  15  1  5 1 1 1
     1238  15  1  6 1 1 1
     1239  15  1  7 1 1 1
     1240  15  1  8 1 1 1
     1241  15  1  9 1 1 1
     1242  15  1  10 1 1 1
     1243  15  1  11 1 1 1
     1244  15  2  1 1 1 1
     1245  15  2  2 1 1 1
     1246  15  2  3 1 1 1
     1247  15  2  4 1 1 1
     1248  15  2  5 1 1 1
     1249  15  2  6 1 1 1
     1250  15  2  7 1 1 1
     1251  15  2  8 1 1 1
     1252  15  2  9 1 1 1
     1253  15  2  10 1 1 1
     1254  15  2  11 1 1 1
     1255  15  3  1 1 1 1
     1256  15  3  2 1 1 1
     1257  15  3  3 1 1 1
     1258  15  3  4 1 1 1
     1259  15  3  5 1 1 1
     1260  15  3  6 1 1 1
     1261  15  3  7 1 1 1
     1262  15  3  8 1 1 1
     1263  15  3  9 1 1 1
     1264  15  3  10 1 1 1
     1265  15  3  11 1 1 1
     1266  15  4  1 1 1 1
     1267  15  4  2 1 1 1
     1268  15  4  3 1 1 1
     1269  15  4  4 1 1 1
     1270  15  4  5 1 1 1
     1271  15  4  6 1 1 1
     1272  15  4  7 1 1 1
     1273  15  4  8 1 1 1
     1274  15  4  9 1 1 1
     1275  15  4  10 1 1 1
     1276  15  4  11 1 1 1
     1277  15  5  1 1 1 1
     1278  15  5  2 1 1 1
     1279  15  5  3 1 1 1
     1280  15  5  4 1 1 1
     1281  15  5  5 1 1 1
     1282  15  5  6 1 1 1
     1283  15  5  7 1 1 1
     1284  15  5  8 1 1 1
     1285  15  5  9 1 1 1
     1286  15  5  10 1 1 1
     1287  15  5  11 1 1 1
     1288  15  6  1 1 1 1
     1289  15  6  2 1 1 1
     1290  15  6  3 1 1 1
     1291  15  6  4 1 1 1
     1292  15  6  5 1 1 1
     1293  15  6  6 1 1 1
     1294  15  6  7 1 1 1
     1295  15  6  8 1 1 1
     1296  15  6  9 1 1 1
     1297  15  6  10 1 1 1
     1298  15  6  11 1 1 1
     1299  15  7  1 1 1 1
     1300  15  7  2 1 1 1
     1301  15  7  3 1 1 1
     1302  15  7  4 1 1 1
     1303  15  7  5 1 1 1
     1304  15  7  6 1 1 1
     1305  15  7  7 1 1 1
     1306  15  7  8 1 1 1
     1307  15  7  9 1 1 1
     1308  15  7  10 1 1 1
     1309  15  7  11 1 1 1
     1310  15  8  1 1 1 1
     1311  15  8  2 1 1 1
     1312  15  8  3 1 1 1
     1313  15  8  4 1 1 1
     1314  15  8  5 1 1 1
     1315  15  8  6 1 1 1
     1316  15  8  7 1 1 1
     1317  15  8  8 1 1 1
     1318  15  8  9 1 1 1
     1319  15  8  10 1 1 1
     1320  15  8  11 1 1 1
     1321  16  1  1 1 1 1
     1322  16  1  2 1 1 1
     1323  16  1  3 1 1 1
     1324  16  1  4 1 1 1
     1325  16  1  5 1 1 1
     1326  16  1  6 1 1 1
     1327  16  1  7 1 1 1
     1328  16  1  8 1 1 1
     1329  16  1  9 1 1 1
     1330  16  1  10 1 1 1
     1331  16  1  11 1 1 1
     1332  16  2  1 1 1 1
     1333  16  2  2 1 1 1
     1334  16  2  3 1 1 1
     1335  16  2  4 1 1 1
     1336  16  2  5 1 1 1
     1337  16  2  6 1 1 1
     1338  16  2  7 1 1 1
     1339  16  2  8 1 1 1
     1340  16  2  9 1 1 1
     1341  16  2  10 1 1 1
     1342  16  2  11 1 1 1
     1343  16  3  1 1 1 1
     1344  16  3  2 1 1 1
     1345  16  3  3 1 1 1
     1346  16  3  4 1 1 1
     1347  16  3  5 1 1 1
     1348  16  3  6 1 1 1
     1349  16  3  7 1 1 1
     1350  16  3  8 1 1 1
     1351  16  3  9 1 1 1
     1352  16  3  10 1 1 1
     1353  16  3  11 1 1 1
     1354  16  4  1 1 1 1
     1355  16  4  2 1 1 1
     1356  16  4  3 1 1 1
     1357  16  4  4 1 1 1
     1358  16  4  5 1 1 1
     1359  16  4  6 1 1 1
     1360  16  4  7 1 1 1
     1361  16  4  8 1 1 1
     1362  16  4  9 1 1 1
     1363  16  4  10 1 1 1
     1364  16  4  11 1 1 1
     1365  16  5  1 1 1 1
     1366  16  5  2 1 1 1
     1367  16  5  3 1 1 1
     1368  16  5  4 1 1 1
     1369  16  5  5 1 1 1
     1370  16  5  6 1 1 1
     1371  16  5  7 1 1 1
     1372  16  5  8 1 1 1
     1373  16  5  9 1 1 1
     1374  16  5  10 1 1 1
     1375  16  5  11 1 1 1
     1376  16  6  1 1 1 1
     1377  16  6  2 1 1 1
     1378  16  6  3 1 1 1
     1379  16  6  4 1 1 1
     1380  16  6  5 1 1 1
     1381  16  6  6 1 1 1
     1382  16  6  7 1 1 1
     1383  16  6  8 1 1 1
     1384  16  6  9 1 1 1
     1385  16  6  10 1 1 1
     1386  16  6  11 1 1 1
     1387  16  7  1 1 1 1
     1388  16  7  2 1 1 1
     1389  16  7  3 1 1 1
     1390  16  7  4 1 1 1
     1391  16  7  5 1 1 1
     1392  16  7  6 1 1 1
     1393  16  7  7 1 1 1
     1394  16  7  8 1 1 1
     1395  16  7  9 1 1 1
     1396  16  7  10 1 1 1
     1397  16  7  11 1 1 1
     1398  16  8  1 1 1 1
     1399  16  8  2 1 1 1
     1400  16  8  3 1 1 1
     1401  16  8  4 1 1 1
     1402  16  8  5 1 1 1
     1403  16  8  6 1 1 1
     1404  16  8  7 1 1 1
     1405  16  8  8 1 1 1
     1406  16  8  9 1 1 1
     1407  16  8  10 1 1 1
     1408  16  8  11 1 1 1
     1409  17  1  1 1 1 1
     1410  17  1  2 1 1 1
     1411  17  1  3 1 1 1
     1412  17  1  4 1 1 1
     1413  17  1  5 1 1 1
     1414  17  1  6 1 1 1
     1415  17  1  7 1 1 1
     1416  17  1  8 1 1 1
     1417  17  1  9 1 1 1
     1418  17  1  10 1 1 1
     1419  17  1  11 1 1 1
     1420  17  2  1 1 1 1
     1421  17  2  2 1 1 1
     1422  17  2  3 1 1 1
     1423  17  2  4 1 1 1
     1424  17  2  5 1 1 1
     1425  17  2  6 1 1 1
     1426  17  2  7 1 1 1
     1427  17  2  8 1 1 1
     1428  17  2  9 1 1 1
     1429  17  2  10 1 1 1
     1430  17  2  11 1 1 1
     1431  17  3  1 1 1 1
     1432  17  3  2 1 1 1
     1433  17  3  3 1 1 1
     1434  17  3  4 1 1 1
     1435  17  3  5 1 1 1
     1436  17  3  6 1 1 1
     1437  17  3  7 1 1 1
     1438  17  3  8 1 1 1
     1439  17  3  9 1 1 1
     1440  17  3  10 1 1 1
     1441  17  3  11 1 1 1
     1442  17  4  1 1 1 1
     1443  17  4  2 1 1 1
     1444  17  4  3 1 1 1
     1445  17  4  4 1 1 1
     1446  17  4  5 1 1 1
     1447  17  4  6 1 1 1
     1448  17  4  7 1 1 1
     1449  17  4  8 1 1 1
     1450  17  4  9 1 1 1
     1451  17  4  10 1 1 1
     1452  17  4  11 1 1 1
     1453  17  5  1 1 1 1
     1454  17  5  2 1 1 1
     1455  17  5  3 1 1 1
     1456  17  5  4 1 1 1
     1457  17  5  5 1 1 1
     1458  17  5  6 1 1 1
     1459  17  5  7 1 1 1
     1460  17  5  8 1 1 1
     1461  17  5  9 1 1 1
     1462  17  5  10 1 1 1
     1463  17  5  11 1 1 1
     1464  17  6  1 1 1 1
     1465  17  6  2 1 1 1
     1466  17  6  3 1 1 1
     1467  17  6  4 1 1 1
     1468  17  6  5 1 1 1
     1469  17  6  6 1 1 1
     1470  17  6  7 1 1 1
     1471  17  6  8 1 1 1
     1472  17  6  9 1 1 1
     1473  17  6  10 1 1 1
     1474  17  6  11 1 1 1
     1475  17  7  1 1 1 1
     1476  17  7  2 1 1 1
     1477  17  7  3 1 1 1
     1478  17  7  4 1 1 1
     1479  17  7  5 1 1 1
     1480  17  7  6 1 1 1
     1481  17  7  7 1 1 1
     1482  17  7  8 1 1 1
     1483  17  7  9 1 1 1
     1484  17  7  10 1 1 1
     1485  17  7  11 1 1 1
     1486  17  8  1 1 1 1
     1487  17  8  2 1 1 1
     1488  17  8  3 1 1 1
     1489  17  8  4 1 1 1
     1490  17  8  5 1 1 1
     1491  17  8  6 1 1 1
     1492  17  8  7 1 1 1
     1493  17  8  8 1 1 1
     1494  17  8  9 1 1 1
     1495  17  8  10 1 1 1
     1496  17  8  11 1 1 1
     1497  18  1  1 1 1 1
     1498  18  1  2 1 1 1
     1499  18  1  3 1 1 1
     1500  18  1  4 1 1 1
     1501  18  1  5 1 1 1
     1502  18  1  6 1 1 1
     1503  18  1  7 1 1 1
     1504  18  1  8 1 1 1
     1505  18  1  9 1 1 1
     1506  18  1  10 1 1 1
     1507  18  1  11 1 1 1
     1508  18  2  1 1 1 1
     1509  18  2  2 1 1 1
     1510  18  2  3 1 1 1
     1511  18  2  4 1 1 1
     1512  18  2  5 1 1 1
     1513  18  2  6 1 1 1
     1514  18  2  7 1 1 1
     1515  18  2  8 1 1 1
     1516  18  2  9 1 1 1
     1517  18  2  10 1 1 1
     1518  18  2  11 1 1 1
     1519  18  3  1 1 1 1
     1520  18  3  2 1 1 1
     1521  18  3  3 1 1 1
     1522  18  3  4 1 1 1
     1523  18  3  5 1 1 1
     1524  18  3  6 1 1 1
     1525  18  3  7 1 1 1
     1526  18  3  8 1 1 1
     1527  18  3  9 1 1 1
     1528  18  3  10 1 1 1
     1529  18  3  11 1 1 1
     1530  18  4  1 1 1 1
     1531  18  4  2 1 1 1
     1532  18  4  3 1 1 1
     1533  18  4  4 1 1 1
     1534  18  4  5 1 1 1
     1535  18  4  6 1 1 1
     1536  18  4  7 1 1 1
     1537  18  4  8 1 1 1
     1538  18  4  9 1 1 1
     1539  18  4  10 1 1 1
     1540  18  4  11 1 1 1
     1541  18  5  1 1 1 1
     1542  18  5  2 1 1 1
     1543  18  5  3 1 1 1
     1544  18  5  4 1 1 1
     1545  18  5  5 1 1 1
     1546  18  5  6 1 1 1
     1547  18  5  7 1 1 1
     1548  18  5  8 1 1 1
     1549  18  5  9 1 1 1
     1550  18  5  10 1 1 1
     1551  18  5  11 1 1 1
     1552  18  6  1 1 1 1
     1553  18  6  2 1 1 1
     1554  18  6  3 1 1 1
     1555  18  6  4 1 1 1
     1556  18  6  5 1 1 1
     1557  18  6  6 1 1 1
     1558  18  6  7 1 1 1
     1559  18  6  8 1 1 1
     1560  18  6  9 1 1 1
     1561  18  6  10 1 1 1
     1562  18  6  11 1 1 1
     1563  18  7  1 1 1 1
     1564  18  7  2 1 1 1
     1565  18  7  3 1 1 1
     1566  18  7  4 1 1 1
     1567  18  7  5 1 1 1
     1568  18  7  6 1 1 1
     1569  18  7  7 1 1 1
     1570  18  7  8 1 1 1
     1571  18  7  9 1 1 1
     1572  18  7  10 1 1 1
     1573  18  7  11 1 1 1
     1574  18  8  1 1 1 1
     1575  18  8  2 1 1 1
     1576  18  8  3 1 1 1
     1577  18  8  4 1 1 1
     1578  18  8  5 1 1 1
     1579  18  8  6 1 1 1
     1580  18  8  7 1 1 1
     1581  18  8  8 1 1 1
     1582  18  8  9 1 1 1
     1583  18  8  10 1 1 1
     1584  18  8  11 1 1 1
     1585  19  1  1 1 1 1
     1586  19  1  2 1 1 1
     1587  19  1  3 1 1 1
     1588  19  1  4 1 1 1
     1589  19  1  5 1 1 1
     1590  19  1  6 1 1 1
     1591  19  1  7 1 1 1
     1592  19  1  8 1 1 1
     1593  19  1  9 1 1 1
     1594  19  1  10 1 1 1
     1595  19  1  11 1 1 1
     1596  19  2  1 1 1 1
     1597  19  2  2 1 1 1
     1598  19  2  3 1 1 1
     1599  19  2  4 1 1 1
     1600  19  2  5 1 1 1
     1601  19  2  6 1 1 1
     1602  19  2  7 1 1 1
     1603  19  2  8 1 1 1
     1604  19  2  9 1 1 1
     1605  19  2  10 1 1 1
     1606  19  2  11 1 1 1
     1607  19  3  1 1 1 1
     1608  19  3  2 1 1 1
     1609  19  3  3 1 1 1
     1610  19  3  4 1 1 1
     1611  19  3  5 1 1 1
     1612  19  3  6 1 1 1
     1613  19  3  7 1 1 1
     1614  19  3  8 1 1 1
     1615  19  3  9 1 1 1
     1616  19  3  10 1 1 1
     1617  19  3  11 1 1 1
     1618  19  4  1 1 1 1
     1619  19  4  2 1 1 1
     1620  19  4  3 1 1 1
     1621  19  4  4 1 1 1
     1622  19  4  5 1 1 1
     1623  19  4  6 1 1 1
     1624  19  4  7 1 1 1
     1625  19  4  8 1 1 1
     1626  19  4  9 1 1 1
     1627  19  4  10 1 1 1
     1628  19  4  11 1 1 1
     1629  19  5  1 1 1 1
     1630  19  5  2 1 1 1
     1631  19  5  3 1 1 1
     1632  19  5  4 1 1 1
     1633  19  5  5 1 1 1
     1634  19  5  6 1 1 1
     1635  19  5  7 1 1 1
     1636  19  5  8 1 1 1
     1637  19  5  9 1 1 1
     1638  19  5  10 1 1 1
     1639  19  5  11 1 1 1
     1640  19  6  1 1 1 1
     1641  19  6  2 1 1 1
     1642  19  6  3 1 1 1
     1643  19  6  4 1 1 1
     1644  19  6  5 1 1 1
     1645  19  6  6 1 1 1
     1646  19  6  7 1 1 1
     1647  19  6  8 1 1 1
     1648  19  6  9 1 1 1
     1649  19  6  10 1 1 1
     1650  19  6  11 1 1 1
     1651  19  7  1 1 1 1
     1652  19  7  2 1 1 1
     1653  19  7  3 1 1 1
     1654  19  7  4 1 1 1
     1655  19  7  5 1 1 1
     1656  19  7  6 1 1 1
     1657  19  7  7 1 1 1
     1658  19  7  8 1 1 1
     1659  19  7  9 1 1 1
     1660  19  7  10 1 1 1
     1661  19  7  11 1 1 1
     1662  19  8  1 1 1 1
     1663  19  8  2 1 1 1
     1664  19  8  3 1 1 1
     1665  19  8  4 1 1 1
     1666  19  8  5 1 1 1
     1667  19  8  6 1 1 1
     1668  19  8  7 1 1 1
     1669  19  8  8 1 1 1
     1670  19  8  9 1 1 1
     1671  19  8  10 1 1 1
     1672  19  8  11 1 1 1
     1673  20  1  1 1 1 1
     1674  20  1  2 1 1 1
     1675  20  1  3 1 1 1
     1676  20  1  4 1 1 1
     1677  20  1  5 1 1 1
     1678  20  1  6 1 1 1
     1679  20  1  7 1 1 1
     1680  20  1  8 1 1 1
     1681  20  1  9 1 1 1
     1682  20  1  10 1 1 1
     1683  20  1  11 1 1 1
     1684  20  2  1 1 1 1
     1685  20  2  2 1 1 1
     1686  20  2  3 1 1 1
     1687  20  2  4 1 1 1
     1688  20  2  5 1 1 1
     1689  20  2  6 1 1 1
     1690  20  2  7 1 1 1
     1691  20  2  8 1 1 1
     1692  20  2  9 1 1 1
     1693  20  2  10 1 1 1
     1694  20  2  11 1 1 1
     1695  20  3  1 1 1 1
     1696  20  3  2 1 1 1
     1697  20  3  3 1 1 1
     1698  20  3  4 1 1 1
     1699  20  3  5 1 1 1
     1700  20  3  6 1 1 1
     1701  20  3  7 1 1 1
     1702  20  3  8 1 1 1
     1703  20  3  9 1 1 1
     1704  20  3  10 1 1 1
     1705  20  3  11 1 1 1
     1706  20  4  1 1 1 1
     1707  20  4  2 1 1 1
     1708  20  4  3 1 1 1
     1709  20  4  4 1 1 1
     1710  20  4  5 1 1 1
     1711  20  4  6 1 1 1
     1712  20  4  7 1 1 1
     1713  20  4  8 1 1 1
     1714  20  4  9 1 1 1
     1715  20  4  10 1 1 1
     1716  20  4  11 1 1 1
     1717  20  5  1 1 1 1
     1718  20  5  2 1 1 1
     1719  20  5  3 1 1 1
     1720  20  5  4 1 1 1
     1721  20  5  5 1 1 1
     1722  20  5  6 1 1 1
     1723  20  5  7 1 1 1
     1724  20  5  8 1 1 1
     1725  20  5  9 1 1 1
     1726  20  5  10 1 1 1
     1727  20  5  11 1 1 1
     1728  20  6  1 1 1 1
     1729  20  6  2 1 1 1
     1730  20  6  3 1 1 1
     1731  20  6  4 1 1 1
     1732  20  6  5 1 1 1
     1733  20  6  6 1 1 1
     1734  20  6  7 1 1 1
     1735  20  6  8 1 1 1
     1736  20  6  9 1 1 1
     1737  20  6  10 1 1 1
     1738  20  6  11 1 1 1
     1739  20  7  1 1 1 1
     1740  20  7  2 1 1 1
     1741  20  7  3 1 1 1
     1742  20  7  4 1 1 1
     1743  20  7  5 1 1 1
     1744  20  7  6 1 1 1
     1745  20  7  7 1 1 1
     1746  20  7  8 1 1 1
     1747  20  7  9 1 1 1
     1748  20  7  10 1 1 1
     1749  20  7  11 1 1 1
     1750  20  8  1 1 1 1
     1751  20  8  2 1 1 1
     1752  20  8  3 1 1 1
     1753  20  8  4 1 1 1
     1754  20  8  5 1 1 1
     1755  20  8  6 1 1 1
     1756  20  8  7 1 1 1
     1757  20  8  8 1 1 1
     1758  20  8  9 1 1 1
     1759  20  8  10 1 1 1
     1760  20  8  11 1 1 1