>GEOMETRY   sphere; AX,AY,AZ= 0.1796 0.1796 0.1796
     2109 = NAT 
  1.000000  0.000000  0.000000 = A_1 vector
  0.000000  1.000000  0.000000 = A_2 vector
  1.000000  1.000000  1.000000 = lattice spacings (d_x,d_y,d_z)/d
 -0.00000 -0.00000 -0.00000 = lattice offset x0(1-3) = (x_TF, y_TF, z_TF)/d for dipole 0 0 0
     JA  IX  IY  IZ ICOMP(x,y,z)
     1  1  9  9 1 1 1
     2  2  6  7 1 1 1
     3  2  6  8 1 1 1
     4  2  6  9 1 1 1
     5  2  6  11 1 1 1
     6  2  6  12 1 1 1
     7  2  7  6 1 1 1
     8  2  7  7 1 1 1
     9  2  7  8 1 1 1
     10  2  7  9 1 1 1
     11  2  7  11 1 1 1
     12  2  7  12 1 1 1
     13  2  7  13 1 1 1
     14  2  8  6 1 1 1
     15  2  8  7 1 1 1
     16  2  8  8 1 1 1
     17  2  8  9 1 1 1
     18  2  8  11 1 1 1
     19  2  8  12 1 1 1
     20  2  8  13 1 1 1
     21  2  9  6 1 1 1
     22  2  9  7 1 1 1
     23  2  9  8 1 1 1
     24  2  9  9 1 1 1
     25  2  9  11 1 1 1
     26  2  9  12 1 1 1
     27  2  9  13 1 1 1
     28  2  11  6 1 1 1
     29  2  11  7 1 1 1
     30  2  11  8 1 1 1
     31  2  11  9 1 1 1
     32  2  11  11 1 1 1
     33  2  11  12 1 1 1
     34  2  11  13 1 1 1
     35  2  12  6 1 1 1
     36  2  12  7 1 1 1
     37  2  12  8 1 1 1
     38  2  12  9 1 1 1
     39  2  12  11 1 1 1
     40  2  12  12 1 1 1
     41  2  12  13 1 1 1
     42  2  13  7 1 1 1
     43  2  13  8 1 1 1
     44  2  13  9 1 1 1
     45  2  13  11 1 1 1
     46  2  13  12 1 1 1
     47  3  4  8 1 1 1
     48  3  4  9 1 1 1
     49  3  4  11 1 1 1
     50  3  5  6 1 1 1
     51  3  5  7 1 1 1
     52  3  5  8 1 1 1
     53  3  5  9 1 1 1
     54  3  5  11 1 1 1
     55  3  5  12 1 1 1
     56  3  5  13 1 1 1
     57  3  6  5 1 1 1
     58  3  6  6 1 1 1
     59  3  6  7 1 1 1
     60  3  6  8 1 1 1
     61  3  6  9 1 1 1
     62  3  6  11 1 1 1
     63  3  6  12 1 1 1
     64  3  6  13 1 1 1
     65  3  6  14 1 1 1
     66  3  7  5 1 1 1
     67  3  7  6 1 1 1
     68  3  7  7 1 1 1
     69  3  7  8 1 1 1
     70  3  7  9 1 1 1
     71  3  7  11 1 1 1
     72  3  7  12 1 1 1
     73  3  7  13 1 1 1
     74  3  7  14 1 1 1
     75  3  8  4 1 1 1
     76  3  8  5 1 1 1
     77  3  8  6 1 1 1
     78  3  8  7 1 1 1
     79  3  8  8 1 1 1
     80  3  8  9 1 1 1
     81  3  8  11 1 1 1
     82  3  8  12 1 1 1
     83  3  8  13 1 1 1
     84  3  8  14 1 1 1
     85  3  8  15 1 1 1
     86  3  9  4 1 1 1
     87  3  9  5 1 1 1
     88  3  9  6 1 1 1
     89  3  9  7 1 1 1
     90  3  9  8 1 1 1
     91  3  9  9 1 1 1
     92  3  9  11 1 1 1
     93  3  9  12 1 1 1
     94  3  9  13 1 1 1
     95  3  9  14 1 1 1
     96  3  9  15 1 1 1
     97  3  11  4 1 1 1
     98  3  11  5 1 1 1
     99  3  11  6 1 1 1
     100  3  11  7 1 1 1
     101  3  11  8 1 1 1
     102  3  11  9 1 1 1
     103  3  11  11 1 1 1
     104  3  11  12 1 1 1
     105  3  11  13 1 1 1
     106  3  11  14 1 1 1
     107  3  11  15 1 1 1
     108  3  12  5 1 1 1
     109  3  12  6 1 1 1
     110  3  12  7 1 1 1
     111  3  12  8 1 1 1
     112  3  12  9 1 1 1
     113  3  12  11 1 1 1
     114  3  12  12 1 1 1
     115  3  12  13 1 1 1
     116  3  12  14 1 1 1
     117  3  13  5 1 1 1
     118  3  13  6 1 1 1
     119  3  13  7 1 1 1
     120  3  13  8 1 1 1
     121  3  13  9 1 1 1
     122  3  13  11 1 1 1
     123  3  13  12 1 1 1
     124  3  13  13 1 1 1
     125  3  13  14 1 1 1
     126  3  14  6 1 1 1
     127  3  14  7 1 1 1
     128  3  14  8 1 1 1
     129  3  14  9 1 1 1
     130  3  14  11 1 1 1
     131  3  14  12 1 1 1
     132  3  14  13 1 1 1
     133  3  15  8 1 1 1
     134  3  15  9 1 1 1
     135  3  15  11 1 1 1
     136  4  3  8 1 1 1
     137  4  3  9 1 1 1
     138  4  3  11 1 1 1
     139  4  4  6 1 1 1
     140  4  4  7 1 1 1
     141  4  4  8 1 1 1
     142  4  4  9 1 1 1
     143  4  4  11 1 1 1
     144  4  4  12 1 1 1
     145  4  4  13 1 1 1
     146  4  5  5 1 1 1
     147  4  5  6 1 1 1
     148  4  5  7 1 1 1
     149  4  5  8 1 1 1
     150  4  5  9 1 1 1
     151  4  5  11 1 1 1
     152  4  5  12 1 1 1
     153  4  5  13 1 1 1
     154  4  5  14 1 1 1
     155  4  6  4 1 1 1
     156  4  6  5 1 1 1
     157  4  6  6 1 1 1
     158  4  6  7 1 1 1
     159  4  6  8 1 1 1
     160  4  6  9 1 1 1
     161  4  6  11 1 1 1
     162  4  6  12 1 1 1
     163  4  6  13 1 1 1
     164  4  6  14 1 1 1
     165  4  6  15 1 1 1
     166  4  7  4 1 1 1
     167  4  7  5 1 1 1
     168  4  7  6 1 1 1
     169  4  7  7 1 1 1
     170  4  7  8 1 1 1
     171  4  7  9 1 1 1
     172  4  7  11 1 1 1
     173  4  7  12 1 1 1
     174  4  7  13 1 1 1
     175  4  7  14 1 1 1
     176  4  7  15 1 1 1
     177  4  8  3 1 1 1
     178  4  8  4 1 1 1
     179  4  8  5 1 1 1
     180  4  8  6 1 1 1
     181  4  8  7 1 1 1
     182  4  8  8 1 1 1
     183  4  8  9 1 1 1
     184  4  8  11 1 1 1
     185  4  8  12 1 1 1
     186  4  8  13 1 1 1
     187  4  8  14 1 1 1
     188  4  8  15 1 1 1
     189  4  8  16 1 1 1
     190  4  9  3 1 1 1
     191  4  9  4 1 1 1
     192  4  9  5 1 1 1
     193  4  9  6 1 1 1
     194  4  9  7 1 1 1
     195  4  9  8 1 1 1
     196  4  9  9 1 1 1
     197  4  9  11 1 1 1
     198  4  9  12 1 1 1
     199  4  9  13 1 1 1
     200  4  9  14 1 1 1
     201  4  9  15 1 1 1
     202  4  9  16 1 1 1
     203  4  11  3 1 1 1
     204  4  11  4 1 1 1
     205  4  11  5 1 1 1
     206  4  11  6 1 1 1
     207  4  11  7 1 1 1
     208  4  11  8 1 1 1
     209  4  11  9 1 1 1
     210  4  11  11 1 1 1
     211  4  11  12 1 1 1
     212  4  11  13 1 1 1
     213  4  11  14 1 1 1
     214  4  11  15 1 1 1
     215  4  11  16 1 1 1
     216  4  12  4 1 1 1
     217  4  12  5 1 1 1
     218  4  12  6 1 1 1
     219  4  12  7 1 1 1
     220  4  12  8 1 1 1
     221  4  12  9 1 1 1
     222  4  12  11 1 1 1
     223  4  12  12 1 1 1
     224  4  12  13 1 1 1
     225  4  12  14 1 1 1
     226  4  12  15 1 1 1
     227  4  13  4 1 1 1
     228  4  13  5 1 1 1
     229  4  13  6 1 1 1
     230  4  13  7 1 1 1
     231  4  13  8 1 1 1
     232  4  13  9 1 1 1
     233  4  13  11 1 1 1
     234  4  13  12 1 1 1
     235  4  13  13 1 1 1
     236  4  13  14 1 1 1
     237  4  13  15 1 1 1
     238  4  14  5 1 1 1
     239  4  14  6 1 1 1
     240  4  14  7 1 1 1
     241  4  14  8 1 1 1
     242  4  14  9 1 1 1
     243  4  14  11 1 1 1
     244  4  14  12 1 1 1
     245  4  14  13 1 1 1
     246  4  14  14 1 1 1
     247  4  15  6 1 1 1
     248  4  15  7 1 1 1
     249  4  15  8 1 1 1
     250  4  15  9 1 1 1
     251  4  15  11 1 1 1
     252  4  15  12 1 1 1
     253  4  15  13 1 1 1
     254  4  16  8 1 1 1
     255  4  16  9 1 1 1
     256  4  16  11 1 1 1
     257  5  3  6 1 1 1
     258  5  3  7 1 1 1
     259  5  3  8 1 1 1
     260  5  3  9 1 1 1
     261  5  3  11 1 1 1
     262  5  3  12 1 1 1
     263  5  3  13 1 1 1
     264  5  4  5 1 1 1
     265  5  4  6 1 1 1
     266  5  4  7 1 1 1
     267  5  4  8 1 1 1
     268  5  4  9 1 1 1
     269  5  4  11 1 1 1
     270  5  4  12 1 1 1
     271  5  4  13 1 1 1
     272  5  4  14 1 1 1
     273  5  5  4 1 1 1
     274  5  5  5 1 1 1
     275  5  5  6 1 1 1
     276  5  5  7 1 1 1
     277  5  5  8 1 1 1
     278  5  5  9 1 1 1
     279  5  5  11 1 1 1
     280  5  5  12 1 1 1
     281  5  5  13 1 1 1
     282  5  5  14 1 1 1
     283  5  5  15 1 1 1
     284  5  6  3 1 1 1
     285  5  6  4 1 1 1
     286  5  6  5 1 1 1
     287  5  6  6 1 1 1
     288  5  6  7 1 1 1
     289  5  6  8 1 1 1
     290  5  6  9 1 1 1
     291  5  6  11 1 1 1
     292  5  6  12 1 1 1
     293  5  6  13 1 1 1
     294  5  6  14 1 1 1
     295  5  6  15 1 1 1
     296  5  6  16 1 1 1
     297  5  7  3 1 1 1
     298  5  7  4 1 1 1
     299  5  7  5 1 1 1
     300  5  7  6 1 1 1
     301  5  7  7 1 1 1
     302  5  7  8 1 1 1
     303  5  7  9 1 1 1
     304  5  7  11 1 1 1
     305  5  7  12 1 1 1
     306  5  7  13 1 1 1
     307  5  7  14 1 1 1
     308  5  7  15 1 1 1
     309  5  7  16 1 1 1
     310  5  8  3 1 1 1
     311  5  8  4 1 1 1
     312  5  8  5 1 1 1
     313  5  8  6 1 1 1
     314  5  8  7 1 1 1
     315  5  8  8 1 1 1
     316  5  8  9 1 1 1
     317  5  8  11 1 1 1
     318  5  8  12 1 1 1
     319  5  8  13 1 1 1
     320  5  8  14 1 1 1
     321  5  8  15 1 1 1
     322  5  8  16 1 1 1
     323  5  9  3 1 1 1
     324  5  9  4 1 1 1
     325  5  9  5 1 1 1
     326  5  9  6 1 1 1
     327  5  9  7 1 1 1
     328  5  9  8 1 1 1
     329  5  9  9 1 1 1
     330  5  9  11 1 1 1
     331  5  9  12 1 1 1
     332  5  9  13 1 1 1
     333  5  9  14 1 1 1
     334  5  9  15 1 1 1
     335  5  9  16 1 1 1
     336  5  11  3 1 1 1
     337  5  11  4 1 1 1
     338  5  11  5 1 1 1
     339  5  11  6 1 1 1
     340  5  11  7 1 1 1
     341  5  11  8 1 1 1
     342  5  11  9 1 1 1
     343  5  11  11 1 1 1
     344  5  11  12 1 1 1
     345  5  11  13 1 1 1
     346  5  11  14 1 1 1
     347  5  11  15 1 1 1
     348  5  11  16 1 1 1
     349  5  12  3 1 1 1
     350  5  12  4 1 1 1
     351  5  12  5 1 1 1
     352  5  12  6 1 1 1
     353  5  12  7 1 1 1
     354  5  12  8 1 1 1
     355  5  12  9 1 1 1
     356  5  12  11 1 1 1
     357  5  12  12 1 1 1
     358  5  12  13 1 1 1
     359  5  12  14 1 1 1
     360  5  12  15 1 1 1
     361  5  12  16 1 1 1
     362  5  13  3 1 1 1
     363  5  13  4 1 1 1
     364  5  13  5 1 1 1
     365  5  13  6 1 1 1
     366  5  13  7 1 1 1
     367  5  13  8 1 1 1
     368  5  13  9 1 1 1
     369  5  13  11 1 1 1
     370  5  13  12 1 1 1
     371  5  13  13 1 1 1
     372  5  13  14 1 1 1
     373  5  13  15 1 1 1
     374  5  13  16 1 1 1
     375  5  14  4 1 1 1
     376  5  14  5 1 1 1
     377  5  14  6 1 1 1
     378  5  14  7 1 1 1
     379  5  14  8 1 1 1
     380  5  14  9 1 1 1
     381  5  14  11 1 1 1
     382  5  14  12 1 1 1
     383  5  14  13 1 1 1
     384  5  14  14 1 1 1
     385  5  14  15 1 1 1
     386  5  15  5 1 1 1
     387  5  15  6 1 1 1
     388  5  15  7 1 1 1
     389  5  15  8 1 1 1
     390  5  15  9 1 1 1
     391  5  15  11 1 1 1
     392  5  15  12 1 1 1
     393  5  15  13 1 1 1
     394  5  15  14 1 1 1
     395  5  16  6 1 1 1
     396  5  16  7 1 1 1
     397  5  16  8 1 1 1
     398  5  16  9 1 1 1
     399  5  16  11 1 1 1
     400  5  16  12 1 1 1
     401  5  16  13 1 1 1
     402  6  2  7 1 1 1
     403  6  2  8 1 1 1
     404  6  2  9 1 1 1
     405  6  2  11 1 1 1
     406  6  2  12 1 1 1
     407  6  3  5 1 1 1
     408  6  3  6 1 1 1
     409  6  3  7 1 1 1
     410  6  3  8 1 1 1
     411  6  3  9 1 1 1
     412  6  3  11 1 1 1
     413  6  3  12 1 1 1
     414  6  3  13 1 1 1
     415  6  3  14 1 1 1
     416  6  4  4 1 1 1
     417  6  4  5 1 1 1
     418  6  4  6 1 1 1
     419  6  4  7 1 1 1
     420  6  4  8 1 1 1
     421  6  4  9 1 1 1
     422  6  4  11 1 1 1
     423  6  4  12 1 1 1
     424  6  4  13 1 1 1
     425  6  4  14 1 1 1
     426  6  4  15 1 1 1
     427  6  5  3 1 1 1
     428  6  5  4 1 1 1
     429  6  5  5 1 1 1
     430  6  5  6 1 1 1
     431  6  5  7 1 1 1
     432  6  5  8 1 1 1
     433  6  5  9 1 1 1
     434  6  5  11 1 1 1
     435  6  5  12 1 1 1
     436  6  5  13 1 1 1
     437  6  5  14 1 1 1
     438  6  5  15 1 1 1
     439  6  5  16 1 1 1
     440  6  6  3 1 1 1
     441  6  6  4 1 1 1
     442  6  6  5 1 1 1
     443  6  6  6 1 1 1
     444  6  6  7 1 1 1
     445  6  6  8 1 1 1
     446  6  6  9 1 1 1
     447  6  6  11 1 1 1
     448  6  6  12 1 1 1
     449  6  6  13 1 1 1
     450  6  6  14 1 1 1
     451  6  6  15 1 1 1
     452  6  6  16 1 1 1
     453  6  7  2 1 1 1
     454  6  7  3 1 1 1
     455  6  7  4 1 1 1
     456  6  7  5 1 1 1
     457  6  7  6 1 1 1
     458  6  7  7 1 1 1
     459  6  7  8 1 1 1
     460  6  7  9 1 1 1
     461  6  7  11 1 1 1
     462  6  7  12 1 1 1
     463  6  7  13 1 1 1
     464  6  7  14 1 1 1
     465  6  7  15 1 1 1
     466  6  7  16 1 1 1
     467  6  7  17 1 1 1
     468  6  8  2 1 1 1
     469  6  8  3 1 1 1
     470  6  8  4 1 1 1
     471  6  8  5 1 1 1
     472  6  8  6 1 1 1
     473  6  8  7 1 1 1
     474  6  8  8 1 1 1
     475  6  8  9 1 1 1
     476  6  8  11 1 1 1
     477  6  8  12 1 1 1
     478  6  8  13 1 1 1
     479  6  8  14 1 1 1
     480  6  8  15 1 1 1
     481  6  8  16 1 1 1
     482  6  8  17 1 1 1
     483  6  9  2 1 1 1
     484  6  9  3 1 1 1
     485  6  9  4 1 1 1
     486  6  9  5 1 1 1
     487  6  9  6 1 1 1
     488  6  9  7 1 1 1
     489  6  9  8 1 1 1
     490  6  9  9 1 1 1
     491  6  9  11 1 1 1
     492  6  9  12 1 1 1
     493  6  9  13 1 1 1
     494  6  9  14 1 1 1
     495  6  9  15 1 1 1
     496  6  9  16 1 1 1
     497  6  9  17 1 1 1
     498  6  11  2 1 1 1
     499  6  11  3 1 1 1
     500  6  11  4 1 1 1
     501  6  11  5 1 1 1
     502  6  11  6 1 1 1
     503  6  11  7 1 1 1
     504  6  11  8 1 1 1
     505  6  11  9 1 1 1
     506  6  11  11 1 1 1
     507  6  11  12 1 1 1
     508  6  11  13 1 1 1
     509  6  11  14 1 1 1
     510  6  11  15 1 1 1
     511  6  11  16 1 1 1
     512  6  11  17 1 1 1
     513  6  12  2 1 1 1
     514  6  12  3 1 1 1
     515  6  12  4 1 1 1
     516  6  12  5 1 1 1
     517  6  12  6 1 1 1
     518  6  12  7 1 1 1
     519  6  12  8 1 1 1
     520  6  12  9 1 1 1
     521  6  12  11 1 1 1
     522  6  12  12 1 1 1
     523  6  12  13 1 1 1
     524  6  12  14 1 1 1
     525  6  12  15 1 1 1
     526  6  12  16 1 1 1
     527  6  12  17 1 1 1
     528  6  13  3 1 1 1
     529  6  13  4 1 1 1
     530  6  13  5 1 1 1
     531  6  13  6 1 1 1
     532  6  13  7 1 1 1
     533  6  13  8 1 1 1
     534  6  13  9 1 1 1
     535  6  13  11 1 1 1
     536  6  13  12 1 1 1
     537  6  13  13 1 1 1
     538  6  13  14 1 1 1
     539  6  13  15 1 1 1
     540  6  13  16 1 1 1
     541  6  14  3 1 1 1
     542  6  14  4 1 1 1
     543  6  14  5 1 1 1
     544  6  14  6 1 1 1
     545  6  14  7 1 1 1
     546  6  14  8 1 1 1
     547  6  14  9 1 1 1
     548  6  14  11 1 1 1
     549  6  14  12 1 1 1
     550  6  14  13 1 1 1
     551  6  14  14 1 1 1
     552  6  14  15 1 1 1
     553  6  14  16 1 1 1
     554  6  15  4 1 1 1
     555  6  15  5 1 1 1
     556  6  15  6 1 1 1
     557  6  15  7 1 1 1
     558  6  15  8 1 1 1
     559  6  15  9 1 1 1
     560  6  15  11 1 1 1
     561  6  15  12 1 1 1
     562  6  15  13 1 1 1
     563  6  15  14 1 1 1
     564  6  15  15 1 1 1
     565  6  16  5 1 1 1
     566  6  16  6 1 1 1
     567  6  16  7 1 1 1
     568  6  16  8 1 1 1
     569  6  16  9 1 1 1
     570  6  16  11 1 1 1
     571  6  16  12 1 1 1
     572  6  16  13 1 1 1
     573  6  16  14 1 1 1
     574  6  17  7 1 1 1
     575  6  17  8 1 1 1
     576  6  17  9 1 1 1
     577  6  17  11 1 1 1
     578  6  17  12 1 1 1
     579  7  2  6 1 1 1
     580  7  2  7 1 1 1
     581  7  2  8 1 1 1
     582  7  2  9 1 1 1
     583  7  2  11 1 1 1
     584  7  2  12 1 1 1
     585  7  2  13 1 1 1
     586  7  3  5 1 1 1
     587  7  3  6 1 1 1
     588  7  3  7 1 1 1
     589  7  3  8 1 1 1
     590  7  3  9 1 1 1
     591  7  3  11 1 1 1
     592  7  3  12 1 1 1
     593  7  3  13 1 1 1
     594  7  3  14 1 1 1
     595  7  4  4 1 1 1
     596  7  4  5 1 1 1
     597  7  4  6 1 1 1
     598  7  4  7 1 1 1
     599  7  4  8 1 1 1
     600  7  4  9 1 1 1
     601  7  4  11 1 1 1
     602  7  4  12 1 1 1
     603  7  4  13 1 1 1
     604  7  4  14 1 1 1
     605  7  4  15 1 1 1
     606  7  5  3 1 1 1
     607  7  5  4 1 1 1
     608  7  5  5 1 1 1
     609  7  5  6 1 1 1
     610  7  5  7 1 1 1
     611  7  5  8 1 1 1
     612  7  5  9 1 1 1
     613  7  5  11 1 1 1
     614  7  5  12 1 1 1
     615  7  5  13 1 1 1
     616  7  5  14 1 1 1
     617  7  5  15 1 1 1
     618  7  5  16 1 1 1
     619  7  6  2 1 1 1
     620  7  6  3 1 1 1
     621  7  6  4 1 1 1
     622  7  6  5 1 1 1
     623  7  6  6 1 1 1
     624  7  6  7 1 1 1
     625  7  6  8 1 1 1
     626  7  6  9 1 1 1
     627  7  6  11 1 1 1
     628  7  6  12 1 1 1
     629  7  6  13 1 1 1
     630  7  6  14 1 1 1
     631  7  6  15 1 1 1
     632  7  6  16 1 1 1
     633  7  6  17 1 1 1
     634  7  7  2 1 1 1
     635  7  7  3 1 1 1
     636  7  7  4 1 1 1
     637  7  7  5 1 1 1
     638  7  7  6 1 1 1
     639  7  7  7 1 1 1
     640  7  7  8 1 1 1
     641  7  7  9 1 1 1
     642  7  7  11 1 1 1
     643  7  7  12 1 1 1
     644  7  7  13 1 1 1
     645  7  7  14 1 1 1
     646  7  7  15 1 1 1
     647  7  7  16 1 1 1
     648  7  7  17 1 1 1
     649  7  8  2 1 1 1
     650  7  8  3 1 1 1
     651  7  8  4 1 1 1
     652  7  8  5 1 1 1
     653  7  8  6 1 1 1
     654  7  8  7 1 1 1
     655  7  8  8 1 1 1
     656  7  8  9 1 1 1
     657  7  8  11 1 1 1
     658  7  8  12 1 1 1
     659  7  8  13 1 1 1
     660  7  8  14 1 1 1
     661  7  8  15 1 1 1
     662  7  8  16 1 1 1
     663  7  8  17 1 1 1
     664  7  9  2 1 1 1
     665  7  9  3 1 1 1
     666  7  9  4 1 1 1
     667  7  9  5 1 1 1
     668  7  9  6 1 1 1
     669  7  9  7 1 1 1
     670  7  9  8 1 1 1
     671  7  9  9 1 1 1
     672  7  9  11 1 1 1
     673  7  9  12 1 1 1
     674  7  9  13 1 1 1
     675  7  9  14 1 1 1
     676  7  9  15 1 1 1
     677  7  9  16 1 1 1
     678  7  9  17 1 1 1
     679  7  11  2 1 1 1
     680  7  11  3 1 1 1
     681  7  11  4 1 1 1
     682  7  11  5 1 1 1
     683  7  11  6 1 1 1
     684  7  11  7 1 1 1
     685  7  11  8 1 1 1
     686  7  11  9 1 1 1
     687  7  11  11 1 1 1
     688  7  11  12 1 1 1
     689  7  11  13 1 1 1
     690  7  11  14 1 1 1
     691  7  11  15 1 1 1
     692  7  11  16 1 1 1
     693  7  11  17 1 1 1
     694  7  12  2 1 1 1
     695  7  12  3 1 1 1
     696  7  12  4 1 1 1
     697  7  12  5 1 1 1
     698  7  12  6 1 1 1
     699  7  12  7 1 1 1
     700  7  12  8 1 1 1
     701  7  12  9 1 1 1
     702  7  12  11 1 1 1
     703  7  12  12 1 1 1
     704  7  12  13 1 1 1
     705  7  12  14 1 1 1
     706  7  12  15 1 1 1
     707  7  12  16 1 1 1
     708  7  12  17 1 1 1
     709  7  13  2 1 1 1
     710  7  13  3 1 1 1
     711  7  13  4 1 1 1
     712  7  13  5 1 1 1
     713  7  13  6 1 1 1
     714  7  13  7 1 1 1
     715  7  13  8 1 1 1
     716  7  13  9 1 1 1
     717  7  13  11 1 1 1
     718  7  13  12 1 1 1
     719  7  13  13 1 1 1
     720  7  13  14 1 1 1
     721  7  13  15 1 1 1
     722  7  13  16 1 1 1
     723  7  13  17 1 1 1
     724  7  14  3 1 1 1
     725  7  14  4 1 1 1
     726  7  14  5 1 1 1
     727  7  14  6 1 1 1
     728  7  14  7 1 1 1
     729  7  14  8 1 1 1
     730  7  14  9 1 1 1
     731  7  14  11 1 1 1
     732  7  14  12 1 1 1
     733  7  14  13 1 1 1
     734  7  14  14 1 1 1
     735  7  14  15 1 1 1
     736  7  14  16 1 1 1
     737  7  15  4 1 1 1
     738  7  15  5 1 1 1
     739  7  15  6 1 1 1
     740  7  15  7 1 1 1
     741  7  15  8 1 1 1
     742  7  15  9 1 1 1
     743  7  15  11 1 1 1
     744  7  15  12 1 1 1
     745  7  15  13 1 1 1
     746  7  15  14 1 1 1
     747  7  15  15 1 1 1
     748  7  16  5 1 1 1
     749  7  16  6 1 1 1
     750  7  16  7 1 1 1
     751  7  16  8 1 1 1
     752  7  16  9 1 1 1
     753  7  16  11 1 1 1
     754  7  16  12 1 1 1
     755  7  16  13 1 1 1
     756  7  16  14 1 1 1
     757  7  17  6 1 1 1
     758  7  17  7 1 1 1
     759  7  17  8 1 1 1
     760  7  17  9 1 1 1
     761  7  17  11 1 1 1
     762  7  17  12 1 1 1
     763  7  17  13 1 1 1
     764  8  2  6 1 1 1
     765  8  2  7 1 1 1
     766  8  2  8 1 1 1
     767  8  2  9 1 1 1
     768  8  2  11 1 1 1
     769  8  2  12 1 1 1
     770  8  2  13 1 1 1
     771  8  3  4 1 1 1
     772  8  3  5 1 1 1
     773  8  3  6 1 1 1
     774  8  3  7 1 1 1
     775  8  3  8 1 1 1
     776  8  3  9 1 1 1
     777  8  3  11 1 1 1
     778  8  3  12 1 1 1
     779  8  3  13 1 1 1
     780  8  3  14 1 1 1
     781  8  3  15 1 1 1
     782  8  4  3 1 1 1
     783  8  4  4 1 1 1
     784  8  4  5 1 1 1
     785  8  4  6 1 1 1
     786  8  4  7 1 1 1
     787  8  4  8 1 1 1
     788  8  4  9 1 1 1
     789  8  4  11 1 1 1
     790  8  4  12 1 1 1
     791  8  4  13 1 1 1
     792  8  4  14 1 1 1
     793  8  4  15 1 1 1
     794  8  4  16 1 1 1
     795  8  5  3 1 1 1
     796  8  5  4 1 1 1
     797  8  5  5 1 1 1
     798  8  5  6 1 1 1
     799  8  5  7 1 1 1
     800  8  5  8 1 1 1
     801  8  5  9 1 1 1
     802  8  5  11 1 1 1
     803  8  5  12 1 1 1
     804  8  5  13 1 1 1
     805  8  5  14 1 1 1
     806  8  5  15 1 1 1
     807  8  5  16 1 1 1
     808  8  6  2 1 1 1
     809  8  6  3 1 1 1
     810  8  6  4 1 1 1
     811  8  6  5 1 1 1
     812  8  6  6 1 1 1
     813  8  6  7 1 1 1
     814  8  6  8 1 1 1
     815  8  6  9 1 1 1
     816  8  6  11 1 1 1
     817  8  6  12 1 1 1
     818  8  6  13 1 1 1
     819  8  6  14 1 1 1
     820  8  6  15 1 1 1
     821  8  6  16 1 1 1
     822  8  6  17 1 1 1
     823  8  7  2 1 1 1
     824  8  7  3 1 1 1
     825  8  7  4 1 1 1
     826  8  7  5 1 1 1
     827  8  7  6 1 1 1
     828  8  7  7 1 1 1
     829  8  7  8 1 1 1
     830  8  7  9 1 1 1
     831  8  7  11 1 1 1
     832  8  7  12 1 1 1
     833  8  7  13 1 1 1
     834  8  7  14 1 1 1
     835  8  7  15 1 1 1
     836  8  7  16 1 1 1
     837  8  7  17 1 1 1
     838  8  8  2 1 1 1
     839  8  8  3 1 1 1
     840  8  8  4 1 1 1
     841  8  8  5 1 1 1
     842  8  8  6 1 1 1
     843  8  8  7 1 1 1
     844  8  8  8 1 1 1
     845  8  8  9 1 1 1
     846  8  8  11 1 1 1
     847  8  8  12 1 1 1
     848  8  8  13 1 1 1
     849  8  8  14 1 1 1
     850  8  8  15 1 1 1
     851  8  8  16 1 1 1
     852  8  8  17 1 1 1
     853  8  9  2 1 1 1
     854  8  9  3 1 1 1
     855  8  9  4 1 1 1
     856  8  9  5 1 1 1
     857  8  9  6 1 1 1
     858  8  9  7 1 1 1
     859  8  9  8 1 1 1
     860  8  9  9 1 1 1
     861  8  9  11 1 1 1
     862  8  9  12 1 1 1
     863  8  9  13 1 1 1
     864  8  9  14 1 1 1
     865  8  9  15 1 1 1
     866  8  9  16 1 1 1
     867  8  9  17 1 1 1
     868  8  11  2 1 1 1
     869  8  11  3 1 1 1
     870  8  11  4 1 1 1
     871  8  11  5 1 1 1
     872  8  11  6 1 1 1
     873  8  11  7 1 1 1
     874  8  11  8 1 1 1
     875  8  11  9 1 1 1
     876  8  11  11 1 1 1
     877  8  11  12 1 1 1
     878  8  11  13 1 1 1
     879  8  11  14 1 1 1
     880  8  11  15 1 1 1
     881  8  11  16 1 1 1
     882  8  11  17 1 1 1
     883  8  12  2 1 1 1
     884  8  12  3 1 1 1
     885  8  12  4 1 1 1
     886  8  12  5 1 1 1
     887  8  12  6 1 1 1
     888  8  12  7 1 1 1
     889  8  12  8 1 1 1
     890  8  12  9 1 1 1
     891  8  12  11 1 1 1
     892  8  12  12 1 1 1
     893  8  12  13 1 1 1
     894  8  12  14 1 1 1
     895  8  12  15 1 1 1
     896  8  12  16 1 1 1
     897  8  12  17 1 1 1
     898  8  13  2 1 1 1
     899  8  13  3 1 1 1
     900  8  13  4 1 1 1
     901  8  13  5 1 1 1
     902  8  13  6 1 1 1
     903  8  13  7 1 1 1
     904  8  13  8 1 1 1
     905  8  13  9 1 1 1
     906  8  13  11 1 1 1
     907  8  13  12 1 1 1
     908  8  13  13 1 1 1
     909  8  13  14 1 1 1
     910  8  13  15 1 1 1
     911  8  13  16 1 1 1
     912  8  13  17 1 1 1
     913  8  14  3 1 1 1
     914  8  14  4 1 1 1
     915  8  14  5 1 1 1
     916  8  14  6 1 1 1
     917  8  14  7 1 1 1
     918  8  14  8 1 1 1
     919  8  14  9 1 1 1
     920  8  14  11 1 1 1
     921  8  14  12 1 1 1
     922  8  14  13 1 1 1
     923  8  14  14 1 1 1
     924  8  14  15 1 1 1
     925  8  14  16 1 1 1
     926  8  15  3 1 1 1
     927  8  15  4 1 1 1
     928  8  15  5 1 1 1
     929  8  15  6 1 1 1
     930  8  15  7 1 1 1
     931  8  15  8 1 1 1
     932  8  15  9 1 1 1
     933  8  15  11 1 1 1
     934  8  15  12 1 1 1
     935  8  15  13 1 1 1
     936  8  15  14 1 1 1
     937  8  15  15 1 1 1
     938  8  15  16 1 1 1
     939  8  16  4 1 1 1
     940  8  16  5 1 1 1
     941  8  16  6 1 1 1
     942  8  16  7 1 1 1
     943  8  16  8 1 1 1
     944  8  16  9 1 1 1
     945  8  16  11 1 1 1
     946  8  16  12 1 1 1
     947  8  16  13 1 1 1
     948  8  16  14 1 1 1
     949  8  16  15 1 1 1
     950  8  17  6 1 1 1
     951  8  17  7 1 1 1
     952  8  17  8 1 1 1
     953  8  17  9 1 1 1
     954  8  17  11 1 1 1
     955  8  17  12 1 1 1
     956  8  17  13 1 1 1
     957  9  1  9 1 1 1
     958  9  2  6 1 1 1
     959  9  2  7 1 1 1
     960  9  2  8 1 1 1
     961  9  2  9 1 1 1
     962  9  2  11 1 1 1
     963  9  2  12 1 1 1
     964  9  2  13 1 1 1
     965  9  3  4 1 1 1
     966  9  3  5 1 1 1
     967  9  3  6 1 1 1
     968  9  3  7 1 1 1
     969  9  3  8 1 1 1
     970  9  3  9 1 1 1
     971  9  3  11 1 1 1
     972  9  3  12 1 1 1
     973  9  3  13 1 1 1
     974  9  3  14 1 1 1
     975  9  3  15 1 1 1
     976  9  4  3 1 1 1
     977  9  4  4 1 1 1
     978  9  4  5 1 1 1
     979  9  4  6 1 1 1
     980  9  4  7 1 1 1
     981  9  4  8 1 1 1
     982  9  4  9 1 1 1
     983  9  4  11 1 1 1
     984  9  4  12 1 1 1
     985  9  4  13 1 1 1
     986  9  4  14 1 1 1
     987  9  4  15 1 1 1
     988  9  4  16 1 1 1
     989  9  5  3 1 1 1
     990  9  5  4 1 1 1
     991  9  5  5 1 1 1
     992  9  5  6 1 1 1
     993  9  5  7 1 1 1
     994  9  5  8 1 1 1
     995  9  5  9 1 1 1
     996  9  5  11 1 1 1
     997  9  5  12 1 1 1
     998  9  5  13 1 1 1
     999  9  5  14 1 1 1
     1000  9  5  15 1 1 1
     1001  9  5  16 1 1 1
     1002  9  6  2 1 1 1
     1003  9  6  3 1 1 1
     1004  9  6  4 1 1 1
     1005  9  6  5 1 1 1
     1006  9  6  6 1 1 1
     1007  9  6  7 1 1 1
     1008  9  6  8 1 1 1
     1009  9  6  9 1 1 1
     1010  9  6  11 1 1 1
     1011  9  6  12 1 1 1
     1012  9  6  13 1 1 1
     1013  9  6  14 1 1 1
     1014  9  6  15 1 1 1
     1015  9  6  16 1 1 1
     1016  9  6  17 1 1 1
     1017  9  7  2 1 1 1
     1018  9  7  3 1 1 1
     1019  9  7  4 1 1 1
     1020  9  7  5 1 1 1
     1021  9  7  6 1 1 1
     1022  9  7  7 1 1 1
     1023  9  7  8 1 1 1
     1024  9  7  9 1 1 1
     1025  9  7  11 1 1 1
     1026  9  7  12 1 1 1
     1027  9  7  13 1 1 1
     1028  9  7  14 1 1 1
     1029  9  7  15 1 1 1
     1030  9  7  16 1 1 1
     1031  9  7  17 1 1 1
     1032  9  8  2 1 1 1
     1033  9  8  3 1 1 1
     1034  9  8  4 1 1 1
     1035  9  8  5 1 1 1
     1036  9  8  6 1 1 1
     1037  9  8  7 1 1 1
     1038  9  8  8 1 1 1
     1039  9  8  9 1 1 1
     1040  9  8  11 1 1 1
     1041  9  8  12 1 1 1
     1042  9  8  13 1 1 1
     1043  9  8  14 1 1 1
     1044  9  8  15 1 1 1
     1045  9  8  16 1 1 1
     1046  9  8  17 1 1 1
     1047  9  9  1 1 1 1
     1048  9  9  2 1 1 1
     1049  9  9  3 1 1 1
     1050  9  9  4 1 1 1
     1051  9  9  5 1 1 1
     1052  9  9  6 1 1 1
     1053  9  9  7 1 1 1
     1054  9  9  8 1 1 1
     1055  9  9  9 1 1 1
     1056  9  9  11 1 1 1
     1057  9  9  12 1 1 1
     1058  9  9  13 1 1 1
     1059  9  9  14 1 1 1
     1060  9  9  15 1 1 1
     1061  9  9  16 1 1 1
     1062  9  9  17 1 1 1
     1063  9  9  18 1 1 1
     1064  9  11  2 1 1 1
     1065  9  11  3 1 1 1
     1066  9  11  4 1 1 1
     1067  9  11  5 1 1 1
     1068  9  11  6 1 1 1
     1069  9  11  7 1 1 1
     1070  9  11  8 1 1 1
     1071  9  11  9 1 1 1
     1072  9  11  11 1 1 1
     1073  9  11  12 1 1 1
     1074  9  11  13 1 1 1
     1075  9  11  14 1 1 1
     1076  9  11  15 1 1 1
     1077  9  11  16 1 1 1
     1078  9  11  17 1 1 1
     1079  9  12  2 1 1 1
     1080  9  12  3 1 1 1
     1081  9  12  4 1 1 1
     1082  9  12  5 1 1 1
     1083  9  12  6 1 1 1
     1084  9  12  7 1 1 1
     1085  9  12  8 1 1 1
     1086  9  12  9 1 1 1
     1087  9  12  11 1 1 1
     1088  9  12  12 1 1 1
     1089  9  12  13 1 1 1
     1090  9  12  14 1 1 1
     1091  9  12  15 1 1 1
     1092  9  12  16 1 1 1
     1093  9  12  17 1 1 1
     1094  9  13  2 1 1 1
     1095  9  13  3 1 1 1
     1096  9  13  4 1 1 1
     1097  9  13  5 1 1 1
     1098  9  13  6 1 1 1
     1099  9  13  7 1 1 1
     1100  9  13  8 1 1 1
     1101  9  13  9 1 1 1
     1102  9  13  11 1 1 1
     1103  9  13  12 1 1 1
     1104  9  13  13 1 1 1
     1105  9  13  14 1 1 1
     1106  9  13  15 1 1 1
     1107  9  13  16 1 1 1
     1108  9  13  17 1 1 1
     1109  9  14  3 1 1 1
     1110  9  14  4 1 1 1
     1111  9  14  5 1 1 1
     1112  9  14  6 1 1 1
     1113  9  14  7 1 1 1
     1114  9  14  8 1 1 1
     1115  9  14  9 1 1 1
     1116  9  14  11 1 1 1
     1117  9  14  12 1 1 1
     1118  9  14  13 1 1 1
     1119  9  14  14 1 1 1
     1120  9  14  15 1 1 1
     1121  9  14  16 1 1 1
     1122  9  15  3 1 1 1
     1123  9  15  4 1 1 1
     1124  9  15  5 1 1 1
     1125  9  15  6 1 1 1
     1126  9  15  7 1 1 1
     1127  9  15  8 1 1 1
     1128  9  15  9 1 1 1
     1129  9  15  11 1 1 1
     1130  9  15  12 1 1 1
     1131  9  15  13 1 1 1
     1132  9  15  14 1 1 1
     1133  9  15  15 1 1 1
     1134  9  15  16 1 1 1
     1135  9  16  4 1 1 1
     1136  9  16  5 1 1 1
     1137  9  16  6 1 1 1
     1138  9  16  7 1 1 1
     1139  9  16  8 1 1 1
     1140  9  16  9 1 1 1
     1141  9  16  11 1 1 1
     1142  9  16  12 1 1 1
     1143  9  16  13 1 1 1
     1144  9  16  14 1 1 1
     1145  9  16  15 1 1 1
     1146  9  17  6 1 1 1
     1147  9  17  7 1 1 1
     1148  9  17  8 1 1 1
     1149  9  17  9 1 1 1
     1150  9  17  11 1 1 1
     1151  9  17  12 1 1 1
     1152  9  17  13 1 1 1
     1153  9  18  9 1 1 1
     1154  11  2  6 1 1 1
     1155  11  2  7 1 1 1
     1156  11  2  8 1 1 1
     1157  11  2  9 1 1 1
     1158  11  2  11 1 1 1
     1159  11  2  12 1 1 1
     1160  11  2  13 1 1 1
     1161  11  3  4 1 1 1
     1162  11  3  5 1 1 1
     1163  11  3  6 1 1 1
     1164  11  3  7 1 1 1
     1165  11  3  8 1 1 1
     1166  11  3  9 1 1 1
     1167  11  3  11 1 1 1
     1168  11  3  12 1 1 1
     1169  11  3  13 1 1 1
     1170  11  3  14 1 1 1
     1171  11  3  15 1 1 1
     1172  11  4  3 1 1 1
     1173  11  4  4 1 1 1
     1174  11  4  5 1 1 1
     1175  11  4  6 1 1 1
     1176  11  4  7 1 1 1
     1177  11  4  8 1 1 1
     1178  11  4  9 1 1 1
     1179  11  4  11 1 1 1
     1180  11  4  12 1 1 1
     1181  11  4  13 1 1 1
     1182  11  4  14 1 1 1
     1183  11  4  15 1 1 1
     1184  11  4  16 1 1 1
     1185  11  5  3 1 1 1
     1186  11  5  4 1 1 1
     1187  11  5  5 1 1 1
     1188  11  5  6 1 1 1
     1189  11  5  7 1 1 1
     1190  11  5  8 1 1 1
     1191  11  5  9 1 1 1
     1192  11  5  11 1 1 1
     1193  11  5  12 1 1 1
     1194  11  5  13 1 1 1
     1195  11  5  14 1 1 1
     1196  11  5  15 1 1 1
     1197  11  5  16 1 1 1
     1198  11  6  2 1 1 1
     1199  11  6  3 1 1 1
     1200  11  6  4 1 1 1
     1201  11  6  5 1 1 1
     1202  11  6  6 1 1 1
     1203  11  6  7 1 1 1
     1204  11  6  8 1 1 1
     1205  11  6  9 1 1 1
     1206  11  6  11 1 1 1
     1207  11  6  12 1 1 1
     1208  11  6  13 1 1 1
     1209  11  6  14 1 1 1
     1210  11  6  15 1 1 1
     1211  11  6  16 1 1 1
     1212  11  6  17 1 1 1
     1213  11  7  2 1 1 1
     1214  11  7  3 1 1 1
     1215  11  7  4 1 1 1
     1216  11  7  5 1 1 1
     1217  11  7  6 1 1 1
     1218  11  7  7 1 1 1
     1219  11  7  8 1 1 1
     1220  11  7  9 1 1 1
     1221  11  7  11 1 1 1
     1222  11  7  12 1 1 1
     1223  11  7  13 1 1 1
     1224  11  7  14 1 1 1
     1225  11  7  15 1 1 1
     1226  11  7  16 1 1 1
     1227  11  7  17 1 1 1
     1228  11  8  2 1 1 1
     1229  11  8  3 1 1 1
     1230  11  8  4 1 1 1
     1231  11  8  5 1 1 1
     1232  11  8  6 1 1 1
     1233  11  8  7 1 1 1
     1234  11  8  8 1 1 1
     1235  11  8  9 1 1 1
     1236  11  8  11 1 1 1
     1237  11  8  12 1 1 1
     1238  11  8  13 1 1 1
     1239  11  8  14 1 1 1
     1240  11  8  15 1 1 1
     1241  11  8  16 1 1 1
     1242  11  8  17 1 1 1
     1243  11  9  2 1 1 1
     1244  11  9  3 1 1 1
     1245  11  9  4 1 1 1
     1246  11  9  5 1 1 1
     1247  11  9  6 1 1 1
     1248  11  9  7 1 1 1
     1249  11  9  8 1 1 1
     1250  11  9  9 1 1 1
     1251  11  9  11 1 1 1
     1252  11  9  12 1 1 1
     1253  11  9  13 1 1 1
     1254  11  9  14 1 1 1
     1255  11  9  15 1 1 1
     1256  11  9  16 1 1 1
     1257  11  9  17 1 1 1
     1258  11  11  2 1 1 1
     1259  11  11  3 1 1 1
     1260  11  11  4 1 1 1
     1261  11  11  5 1 1 1
     1262  11  11  6 1 1 1
     1263  11  11  7 1 1 1
     1264  11  11  8 1 1 1
     1265  11  11  9 1 1 1
     1266  11  11  11 1 1 1
     1267  11  11  12 1 1 1
     1268  11  11  13 1 1 1
     1269  11  11  14 1 1 1
     1270  11  11  15 1 1 1
     1271  11  11  16 1 1 1
     1272  11  11  17 1 1 1
     1273  11  12  2 1 1 1
     1274  11  12  3 1 1 1
     1275  11  12  4 1 1 1
     1276  11  12  5 1 1 1
     1277  11  12  6 1 1 1
     1278  11  12  7 1 1 1
     1279  11  12  8 1 1 1
     1280  11  12  9 1 1 1
     1281  11  12  11 1 1 1
     1282  11  12  12 1 1 1
     1283  11  12  13 1 1 1
     1284  11  12  14 1 1 1
     1285  11  12  15 1 1 1
     1286  11  12  16 1 1 1
     1287  11  12  17 1 1 1
     1288  11  13  2 1 1 1
     1289  11  13  3 1 1 1
     1290  11  13  4 1 1 1
     1291  11  13  5 1 1 1
     1292  11  13  6 1 1 1
     1293  11  13  7 1 1 1
     1294  11  13  8 1 1 1
     1295  11  13  9 1 1 1
     1296  11  13  11 1 1 1
     1297  11  13  12 1 1 1
     1298  11  13  13 1 1 1
     1299  11  13  14 1 1 1
     1300  11  13  15 1 1 1
     1301  11  13  16 1 1 1
     1302  11  13  17 1 1 1
     1303  11  14  3 1 1 1
     1304  11  14  4 1 1 1
     1305  11  14  5 1 1 1
     1306  11  14  6 1 1 1
     1307  11  14  7 1 1 1
     1308  11  14  8 1 1 1
     1309  11  14  9 1 1 1
     1310  11  14  11 1 1 1
     1311  11  14  12 1 1 1
     1312  11  14  13 1 1 1
     1313  11  14  14 1 1 1
     1314  11  14  15 1 1 1
     1315  11  14  16 1 1 1
     1316  11  15  3 1 1 1
     1317  11  15  4 1 1 1
     1318  11  15  5 1 1 1
     1319  11  15  6 1 1 1
     1320  11  15  7 1 1 1
     1321  11  15  8 1 1 1
     1322  11  15  9 1 1 1
     1323  11  15  11 1 1 1
     1324  11  15  12 1 1 1
     1325  11  15  13 1 1 1
     1326  11  15  14 1 1 1
     1327  11  15  15 1 1 1
     1328  11  15  16 1 1 1
     1329  11  16  4 1 1 1
     1330  11  16  5 1 1 1
     1331  11  16  6 1 1 1
     1332  11  16  7 1 1 1
     1333  11  16  8 1 1 1
     1334  11  16  9 1 1 1
     1335  11  16  11 1 1 1
     1336  11  16  12 1 1 1
     1337  11  16  13 1 1 1
     1338  11  16  14 1 1 1
     1339  11  16  15 1 1 1
     1340  11  17  6 1 1 1
     1341  11  17  7 1 1 1
     1342  11  17  8 1 1 1
     1343  11  17  9 1 1 1
     1344  11  17  11 1 1 1
     1345  11  17  12 1 1 1
     1346  11  17  13 1 1 1
     1347  12  2  6 1 1 1
     1348  12  2  7 1 1 1
     1349  12  2  8 1 1 1
     1350  12  2  9 1 1 1
     1351  12  2  11 1 1 1
     1352  12  2  12 1 1 1
     1353  12  2  13 1 1 1
     1354  12  3  5 1 1 1
     1355  12  3  6 1 1 1
     1356  12  3  7 1 1 1
     1357  12  3  8 1 1 1
     1358  12  3  9 1 1 1
     1359  12  3  11 1 1 1
     1360  12  3  12 1 1 1
     1361  12  3  13 1 1 1
     1362  12  3  14 1 1 1
     1363  12  4  4 1 1 1
     1364  12  4  5 1 1 1
     1365  12  4  6 1 1 1
     1366  12  4  7 1 1 1
     1367  12  4  8 1 1 1
     1368  12  4  9 1 1 1
     1369  12  4  11 1 1 1
     1370  12  4  12 1 1 1
     1371  12  4  13 1 1 1
     1372  12  4  14 1 1 1
     1373  12  4  15 1 1 1
     1374  12  5  3 1 1 1
     1375  12  5  4 1 1 1
     1376  12  5  5 1 1 1
     1377  12  5  6 1 1 1
     1378  12  5  7 1 1 1
     1379  12  5  8 1 1 1
     1380  12  5  9 1 1 1
     1381  12  5  11 1 1 1
     1382  12  5  12 1 1 1
     1383  12  5  13 1 1 1
     1384  12  5  14 1 1 1
     1385  12  5  15 1 1 1
     1386  12  5  16 1 1 1
     1387  12  6  2 1 1 1
     1388  12  6  3 1 1 1
     1389  12  6  4 1 1 1
     1390  12  6  5 1 1 1
     1391  12  6  6 1 1 1
     1392  12  6  7 1 1 1
     1393  12  6  8 1 1 1
     1394  12  6  9 1 1 1
     1395  12  6  11 1 1 1
     1396  12  6  12 1 1 1
     1397  12  6  13 1 1 1
     1398  12  6  14 1 1 1
     1399  12  6  15 1 1 1
     1400  12  6  16 1 1 1
     1401  12  6  17 1 1 1
     1402  12  7  2 1 1 1
     1403  12  7  3 1 1 1
     1404  12  7  4 1 1 1
     1405  12  7  5 1 1 1
     1406  12  7  6 1 1 1
     1407  12  7  7 1 1 1
     1408  12  7  8 1 1 1
     1409  12  7  9 1 1 1
     1410  12  7  11 1 1 1
     1411  12  7  12 1 1 1
     1412  12  7  13 1 1 1
     1413  12  7  14 1 1 1
     1414  12  7  15 1 1 1
     1415  12  7  16 1 1 1
     1416  12  7  17 1 1 1
     1417  12  8  2 1 1 1
     1418  12  8  3 1 1 1
     1419  12  8  4 1 1 1
     1420  12  8  5 1 1 1
     1421  12  8  6 1 1 1
     1422  12  8  7 1 1 1
     1423  12  8  8 1 1 1
     1424  12  8  9 1 1 1
     1425  12  8  11 1 1 1
     1426  12  8  12 1 1 1
     1427  12  8  13 1 1 1
     1428  12  8  14 1 1 1
     1429  12  8  15 1 1 1
     1430  12  8  16 1 1 1
     1431  12  8  17 1 1 1
     1432  12  9  2 1 1 1
     1433  12  9  3 1 1 1
     1434  12  9  4 1 1 1
     1435  12  9  5 1 1 1
     1436  12  9  6 1 1 1
     1437  12  9  7 1 1 1
     1438  12  9  8 1 1 1
     1439  12  9  9 1 1 1
     1440  12  9  11 1 1 1
     1441  12  9  12 1 1 1
     1442  12  9  13 1 1 1
     1443  12  9  14 1 1 1
     1444  12  9  15 1 1 1
     1445  12  9  16 1 1 1
     1446  12  9  17 1 1 1
     1447  12  11  2 1 1 1
     1448  12  11  3 1 1 1
     1449  12  11  4 1 1 1
     1450  12  11  5 1 1 1
     1451  12  11  6 1 1 1
     1452  12  11  7 1 1 1
     1453  12  11  8 1 1 1
     1454  12  11  9 1 1 1
     1455  12  11  11 1 1 1
     1456  12  11  12 1 1 1
     1457  12  11  13 1 1 1
     1458  12  11  14 1 1 1
     1459  12  11  15 1 1 1
     1460  12  11  16 1 1 1
     1461  12  11  17 1 1 1
     1462  12  12  2 1 1 1
     1463  12  12  3 1 1 1
     1464  12  12  4 1 1 1
     1465  12  12  5 1 1 1
     1466  12  12  6 1 1 1
     1467  12  12  7 1 1 1
     1468  12  12  8 1 1 1
     1469  12  12  9 1 1 1
     1470  12  12  11 1 1 1
     1471  12  12  12 1 1 1
     1472  12  12  13 1 1 1
     1473  12  12  14 1 1 1
     1474  12  12  15 1 1 1
     1475  12  12  16 1 1 1
     1476  12  12  17 1 1 1
     1477  12  13  2 1 1 1
     1478  12  13  3 1 1 1
     1479  12  13  4 1 1 1
     1480  12  13  5 1 1 1
     1481  12  13  6 1 1 1
     1482  12  13  7 1 1 1
     1483  12  13  8 1 1 1
     1484  12  13  9 1 1 1
     1485  12  13  11 1 1 1
     1486  12  13  12 1 1 1
     1487  12  13  13 1 1 1
     1488  12  13  14 1 1 1
     1489  12  13  15 1 1 1
     1490  12  13  16 1 1 1
     1491  12  13  17 1 1 1
     1492  12  14  3 1 1 1
     1493  12  14  4 1 1 1
     1494  12  14  5 1 1 1
     1495  12  14  6 1 1 1
     1496  12  14  7 1 1 1
     1497  12  14  8 1 1 1
     1498  12  14  9 1 1 1
     1499  12  14  11 1 1 1
     1500  12  14  12 1 1 1
     1501  12  14  13 1 1 1
     1502  12  14  14 1 1 1
     1503  12  14  15 1 1 1
     1504  12  14  16 1 1 1
     1505  12  15  4 1 1 1
     1506  12  15  5 1 1 1
     1507  12  15  6 1 1 1
     1508  12  15  7 1 1 1
     1509  12  15  8 1 1 1
     1510  12  15  9 1 1 1
     1511  12  15  11 1 1 1
     1512  12  15  12 1 1 1
     1513  12  15  13 1 1 1
     1514  12  15  14 1 1 1
     1515  12  15  15 1 1 1
     1516  12  16  5 1 1 1
     1517  12  16  6 1 1 1
     1518  12  16  7 1 1 1
     1519  12  16  8 1 1 1
     1520  12  16  9 1 1 1
     1521  12  16  11 1 1 1
     1522  12  16  12 1 1 1
     1523  12  16  13 1 1 1
     1524  12  16  14 1 1 1
     1525  12  17  6 1 1 1
     1526  12  17  7 1 1 1
     1527  12  17  8 1 1 1
     1528  12  17  9 1 1 1
     1529  12  17  11 1 1 1
     1530  12  17  12 1 1 1
     1531  12  17  13 1 1 1
     1532  13  2  7 1 1 1
     1533  13  2  8 1 1 1
     1534  13  2  9 1 1 1
     1535  13  2  11 1 1 1
     1536  13  2  12 1 1 1
     1537  13  3  5 1 1 1
     1538  13  3  6 1 1 1
     1539  13  3  7 1 1 1
     1540  13  3  8 1 1 1
     1541  13  3  9 1 1 1
     1542  13  3  11 1 1 1
     1543  13  3  12 1 1 1
     1544  13  3  13 1 1 1
     1545  13  3  14 1 1 1
     1546  13  4  4 1 1 1
     1547  13  4  5 1 1 1
     1548  13  4  6 1 1 1
     1549  13  4  7 1 1 1
     1550  13  4  8 1 1 1
     1551  13  4  9 1 1 1
     1552  13  4  11 1 1 1
     1553  13  4  12 1 1 1
     1554  13  4  13 1 1 1
     1555  13  4  14 1 1 1
     1556  13  4  15 1 1 1
     1557  13  5  3 1 1 1
     1558  13  5  4 1 1 1
     1559  13  5  5 1 1 1
     1560  13  5  6 1 1 1
     1561  13  5  7 1 1 1
     1562  13  5  8 1 1 1
     1563  13  5  9 1 1 1
     1564  13  5  11 1 1 1
     1565  13  5  12 1 1 1
     1566  13  5  13 1 1 1
     1567  13  5  14 1 1 1
     1568  13  5  15 1 1 1
     1569  13  5  16 1 1 1
     1570  13  6  3 1 1 1
     1571  13  6  4 1 1 1
     1572  13  6  5 1 1 1
     1573  13  6  6 1 1 1
     1574  13  6  7 1 1 1
     1575  13  6  8 1 1 1
     1576  13  6  9 1 1 1
     1577  13  6  11 1 1 1
     1578  13  6  12 1 1 1
     1579  13  6  13 1 1 1
     1580  13  6  14 1 1 1
     1581  13  6  15 1 1 1
     1582  13  6  16 1 1 1
     1583  13  7  2 1 1 1
     1584  13  7  3 1 1 1
     1585  13  7  4 1 1 1
     1586  13  7  5 1 1 1
     1587  13  7  6 1 1 1
     1588  13  7  7 1 1 1
     1589  13  7  8 1 1 1
     1590  13  7  9 1 1 1
     1591  13  7  11 1 1 1
     1592  13  7  12 1 1 1
     1593  13  7  13 1 1 1
     1594  13  7  14 1 1 1
     1595  13  7  15 1 1 1
     1596  13  7  16 1 1 1
     1597  13  7  17 1 1 1
     1598  13  8  2 1 1 1
     1599  13  8  3 1 1 1
     1600  13  8  4 1 1 1
     1601  13  8  5 1 1 1
     1602  13  8  6 1 1 1
     1603  13  8  7 1 1 1
     1604  13  8  8 1 1 1
     1605  13  8  9 1 1 1
     1606  13  8  11 1 1 1
     1607  13  8  12 1 1 1
     1608  13  8  13 1 1 1
     1609  13  8  14 1 1 1
     1610  13  8  15 1 1 1
     1611  13  8  16 1 1 1
     1612  13  8  17 1 1 1
     1613  13  9  2 1 1 1
     1614  13  9  3 1 1 1
     1615  13  9  4 1 1 1
     1616  13  9  5 1 1 1
     1617  13  9  6 1 1 1
     1618  13  9  7 1 1 1
     1619  13  9  8 1 1 1
     1620  13  9  9 1 1 1
     1621  13  9  11 1 1 1
     1622  13  9  12 1 1 1
     1623  13  9  13 1 1 1
     1624  13  9  14 1 1 1
     1625  13  9  15 1 1 1
     1626  13  9  16 1 1 1
     1627  13  9  17 1 1 1
     1628  13  11  2 1 1 1
     1629  13  11  3 1 1 1
     1630  13  11  4 1 1 1
     1631  13  11  5 1 1 1
     1632  13  11  6 1 1 1
     1633  13  11  7 1 1 1
     1634  13  11  8 1 1 1
     1635  13  11  9 1 1 1
     1636  13  11  11 1 1 1
     1637  13  11  12 1 1 1
     1638  13  11  13 1 1 1
     1639  13  11  14 1 1 1
     1640  13  11  15 1 1 1
     1641  13  11  16 1 1 1
     1642  13  11  17 1 1 1
     1643  13  12  2 1 1 1
     1644  13  12  3 1 1 1
     1645  13  12  4 1 1 1
     1646  13  12  5 1 1 1
     1647  13  12  6 1 1 1
     1648  13  12  7 1 1 1
     1649  13  12  8 1 1 1
     1650  13  12  9 1 1 1
     1651  13  12  11 1 1 1
     1652  13  12  12 1 1 1
     1653  13  12  13 1 1 1
     1654  13  12  14 1 1 1
     1655  13  12  15 1 1 1
     1656  13  12  16 1 1 1
     1657  13  12  17 1 1 1
     1658  13  13  3 1 1 1
     1659  13  13  4 1 1 1
     1660  13  13  5 1 1 1
     1661  13  13  6 1 1 1
     1662  13  13  7 1 1 1
     1663  13  13  8 1 1 1
     1664  13  13  9 1 1 1
     1665  13  13  11 1 1 1
     1666  13  13  12 1 1 1
     1667  13  13  13 1 1 1
     1668  13  13  14 1 1 1
     1669  13  13  15 1 1 1
     1670  13  13  16 1 1 1
     1671  13  14  3 1 1 1
     1672  13  14  4 1 1 1
     1673  13  14  5 1 1 1
     1674  13  14  6 1 1 1
     1675  13  14  7 1 1 1
     1676  13  14  8 1 1 1
     1677  13  14  9 1 1 1
     1678  13  14  11 1 1 1
     1679  13  14  12 1 1 1
     1680  13  14  13 1 1 1
     1681  13  14  14 1 1 1
     1682  13  14  15 1 1 1
     1683  13  14  16 1 1 1
     1684  13  15  4 1 1 1
     1685  13  15  5 1 1 1
     1686  13  15  6 1 1 1
     1687  13  15  7 1 1 1
     1688  13  15  8 1 1 1
     1689  13  15  9 1 1 1
     1690  13  15  11 1 1 1
     1691  13  15  12 1 1 1
     1692  13  15  13 1 1 1
     1693  13  15  14 1 1 1
     1694  13  15  15 1 1 1
     1695  13  16  5 1 1 1
     1696  13  16  6 1 1 1
     1697  13  16  7 1 1 1
     1698  13  16  8 1 1 1
     1699  13  16  9 1 1 1
     1700  13  16  11 1 1 1
     1701  13  16  12 1 1 1
     1702  13  16  13 1 1 1
     1703  13  16  14 1 1 1
     1704  13  17  7 1 1 1
     1705  13  17  8 1 1 1
     1706  13  17  9 1 1 1
     1707  13  17  11 1 1 1
     1708  13  17  12 1 1 1
     1709  14  3  6 1 1 1
     1710  14  3  7 1 1 1
     1711  14  3  8 1 1 1
     1712  14  3  9 1 1 1
     1713  14  3  11 1 1 1
     1714  14  3  12 1 1 1
     1715  14  3  13 1 1 1
     1716  14  4  5 1 1 1
     1717  14  4  6 1 1 1
     1718  14  4  7 1 1 1
     1719  14  4  8 1 1 1
     1720  14  4  9 1 1 1
     1721  14  4  11 1 1 1
     1722  14  4  12 1 1 1
     1723  14  4  13 1 1 1
     1724  14  4  14 1 1 1
     1725  14  5  4 1 1 1
     1726  14  5  5 1 1 1
     1727  14  5  6 1 1 1
     1728  14  5  7 1 1 1
     1729  14  5  8 1 1 1
     1730  14  5  9 1 1 1
     1731  14  5  11 1 1 1
     1732  14  5  12 1 1 1
     1733  14  5  13 1 1 1
     1734  14  5  14 1 1 1
     1735  14  5  15 1 1 1
     1736  14  6  3 1 1 1
     1737  14  6  4 1 1 1
     1738  14  6  5 1 1 1
     1739  14  6  6 1 1 1
     1740  14  6  7 1 1 1
     1741  14  6  8 1 1 1
     1742  14  6  9 1 1 1
     1743  14  6  11 1 1 1
     1744  14  6  12 1 1 1
     1745  14  6  13 1 1 1
     1746  14  6  14 1 1 1
     1747  14  6  15 1 1 1
     1748  14  6  16 1 1 1
     1749  14  7  3 1 1 1
     1750  14  7  4 1 1 1
     1751  14  7  5 1 1 1
     1752  14  7  6 1 1 1
     1753  14  7  7 1 1 1
     1754  14  7  8 1 1 1
     1755  14  7  9 1 1 1
     1756  14  7  11 1 1 1
     1757  14  7  12 1 1 1
     1758  14  7  13 1 1 1
     1759  14  7  14 1 1 1
     1760  14  7  15 1 1 1
     1761  14  7  16 1 1 1
     1762  14  8  3 1 1 1
     1763  14  8  4 1 1 1
     1764  14  8  5 1 1 1
     1765  14  8  6 1 1 1
     1766  14  8  7 1 1 1
     1767  14  8  8 1 1 1
     1768  14  8  9 1 1 1
     1769  14  8  11 1 1 1
     1770  14  8  12 1 1 1
     1771  14  8  13 1 1 1
     1772  14  8  14 1 1 1
     1773  14  8  15 1 1 1
     1774  14  8  16 1 1 1
     1775  14  9  3 1 1 1
     1776  14  9  4 1 1 1
     1777  14  9  5 1 1 1
     1778  14  9  6 1 1 1
     1779  14  9  7 1 1 1
     1780  14  9  8 1 1 1
     1781  14  9  9 1 1 1
     1782  14  9  11 1 1 1
     1783  14  9  12 1 1 1
     1784  14  9  13 1 1 1
     1785  14  9  14 1 1 1
     1786  14  9  15 1 1 1
     1787  14  9  16 1 1 1
     1788  14  11  3 1 1 1
     1789  14  11  4 1 1 1
     1790  14  11  5 1 1 1
     1791  14  11  6 1 1 1
     1792  14  11  7 1 1 1
     1793  14  11  8 1 1 1
     1794  14  11  9 1 1 1
     1795  14  11  11 1 1 1
     1796  14  11  12 1 1 1
     1797  14  11  13 1 1 1
     1798  14  11  14 1 1 1
     1799  14  11  15 1 1 1
     1800  14  11  16 1 1 1
     1801  14  12  3 1 1 1
     1802  14  12  4 1 1 1
     1803  14  12  5 1 1 1
     1804  14  12  6 1 1 1
     1805  14  12  7 1 1 1
     1806  14  12  8 1 1 1
     1807  14  12  9 1 1 1
     1808  14  12  11 1 1 1
     1809  14  12  12 1 1 1
     1810  14  12  13 1 1 1
     1811  14  12  14 1 1 1
     1812  14  12  15 1 1 1
     1813  14  12  16 1 1 1
     1814  14  13  3 1 1 1
     1815  14  13  4 1 1 1
     1816  14  13  5 1 1 1
     1817  14  13  6 1 1 1
     1818  14  13  7 1 1 1
     1819  14  13  8 1 1 1
     1820  14  13  9 1 1 1
     1821  14  13  11 1 1 1
     1822  14  13  12 1 1 1
     1823  14  13  13 1 1 1
     1824  14  13  14 1 1 1
     1825  14  13  15 1 1 1
     1826  14  13  16 1 1 1
     1827  14  14  4 1 1 1
     1828  14  14  5 1 1 1
     1829  14  14  6 1 1 1
     1830  14  14  7 1 1 1
     1831  14  14  8 1 1 1
     1832  14  14  9 1 1 1
     1833  14  14  11 1 1 1
     1834  14  14  12 1 1 1
     1835  14  14  13 1 1 1
     1836  14  14  14 1 1 1
     1837  14  14  15 1 1 1
     1838  14  15  5 1 1 1
     1839  14  15  6 1 1 1
     1840  14  15  7 1 1 1
     1841  14  15  8 1 1 1
     1842  14  15  9 1 1 1
     1843  14  15  11 1 1 1
     1844  14  15  12 1 1 1
     1845  14  15  13 1 1 1
     1846  14  15  14 1 1 1
     1847  14  16  6 1 1 1
     1848  14  16  7 1 1 1
     1849  14  16  8 1 1 1
     1850  14  16  9 1 1 1
     1851  14  16  11 1 1 1
     1852  14  16  12 1 1 1
     1853  14  16  13 1 1 1
     1854  15  3  8 1 1 1
     1855  15  3  9 1 1 1
     1856  15  3  11 1 1 1
     1857  15  4  6 1 1 1
     1858  15  4  7 1 1 1
     1859  15  4  8 1 1 1
     1860  15  4  9 1 1 1
     1861  15  4  11 1 1 1
     1862  15  4  12 1 1 1
     1863  15  4  13 1 1 1
     1864  15  5  5 1 1 1
     1865  15  5  6 1 1 1
     1866  15  5  7 1 1 1
     1867  15  5  8 1 1 1
     1868  15  5  9 1 1 1
     1869  15  5  11 1 1 1
     1870  15  5  12 1 1 1
     1871  15  5  13 1 1 1
     1872  15  5  14 1 1 1
     1873  15  6  4 1 1 1
     1874  15  6  5 1 1 1
     1875  15  6  6 1 1 1
     1876  15  6  7 1 1 1
     1877  15  6  8 1 1 1
     1878  15  6  9 1 1 1
     1879  15  6  11 1 1 1
     1880  15  6  12 1 1 1
     1881  15  6  13 1 1 1
     1882  15  6  14 1 1 1
     1883  15  6  15 1 1 1
     1884  15  7  4 1 1 1
     1885  15  7  5 1 1 1
     1886  15  7  6 1 1 1
     1887  15  7  7 1 1 1
     1888  15  7  8 1 1 1
     1889  15  7  9 1 1 1
     1890  15  7  11 1 1 1
     1891  15  7  12 1 1 1
     1892  15  7  13 1 1 1
     1893  15  7  14 1 1 1
     1894  15  7  15 1 1 1
     1895  15  8  3 1 1 1
     1896  15  8  4 1 1 1
     1897  15  8  5 1 1 1
     1898  15  8  6 1 1 1
     1899  15  8  7 1 1 1
     1900  15  8  8 1 1 1
     1901  15  8  9 1 1 1
     1902  15  8  11 1 1 1
     1903  15  8  12 1 1 1
     1904  15  8  13 1 1 1
     1905  15  8  14 1 1 1
     1906  15  8  15 1 1 1
     1907  15  8  16 1 1 1
     1908  15  9  3 1 1 1
     1909  15  9  4 1 1 1
     1910  15  9  5 1 1 1
     1911  15  9  6 1 1 1
     1912  15  9  7 1 1 1
     1913  15  9  8 1 1 1
     1914  15  9  9 1 1 1
     1915  15  9  11 1 1 1
     1916  15  9  12 1 1 1
     1917  15  9  13 1 1 1
     1918  15  9  14 1 1 1
     1919  15  9  15 1 1 1
     1920  15  9  16 1 1 1
     1921  15  11  3 1 1 1
     1922  15  11  4 1 1 1
     1923  15  11  5 1 1 1
     1924  15  11  6 1 1 1
     1925  15  11  7 1 1 1
     1926  15  11  8 1 1 1
     1927  15  11  9 1 1 1
     1928  15  11  11 1 1 1
     1929  15  11  12 1 1 1
     1930  15  11  13 1 1 1
     1931  15  11  14 1 1 1
     1932  15  11  15 1 1 1
     1933  15  11  16 1 1 1
     1934  15  12  4 1 1 1
     1935  15  12  5 1 1 1
     1936  15  12  6 1 1 1
     1937  15  12  7 1 1 1
     1938  15  12  8 1 1 1
     1939  15  12  9 1 1 1
     1940  15  12  11 1 1 1
     1941  15  12  12 1 1 1
     1942  15  12  13 1 1 1
     1943  15  12  14 1 1 1
     1944  15  12  15 1 1 1
     1945  15  13  4 1 1 1
     1946  15  13  5 1 1 1
     1947  15  13  6 1 1 1
     1948  15  13  7 1 1 1
     1949  15  13  8 1 1 1
     1950  15  13  9 1 1 1
     1951  15  13  11 1 1 1
     1952  15  13  12 1 1 1
     1953  15  13  13 1 1 1
     1954  15  13  14 1 1 1
     1955  15  13  15 1 1 1
     1956  15  14  5 1 1 1
     1957  15  14  6 1 1 1
     1958  15  14  7 1 1 1
     1959  15  14  8 1 1 1
     1960  15  14  9 1 1 1
     1961  15  14  11 1 1 1
     1962  15  14  12 1 1 1
     1963  15  14  13 1 1 1
     1964  15  14  14 1 1 1
     1965  15  15  6 1 1 1
     1966  15  15  7 1 1 1
     1967  15  15  8 1 1 1
     1968  15  15  9 1 1 1
     1969  15  15  11 1 1 1
     1970  15  15  12 1 1 1
     1971  15  15  13 1 1 1
     1972  15  16  8 1 1 1
     1973  15  16  9 1 1 1
     1974  15  16  11 1 1 1
     1975  16  4  8 1 1 1
     1976  16  4  9 1 1 1
     1977  16  4  11 1 1 1
     1978  16  5  6 1 1 1
     1979  16  5  7 1 1 1
     1980  16  5  8 1 1 1
     1981  16  5  9 1 1 1
     1982  16  5  11 1 1 1
     1983  16  5  12 1 1 1
     1984  16  5  13 1 1 1
     1985  16  6  5 1 1 1
     1986  16  6  6 1 1 1
     1987  16  6  7 1 1 1
     1988  16  6  8 1 1 1
     1989  16  6  9 1 1 1
     1990  16  6  11 1 1 1
     1991  16  6  12 1 1 1
     1992  16  6  13 1 1 1
     1993  16  6  14 1 1 1
     1994  16  7  5 1 1 1
     1995  16  7  6 1 1 1
     1996  16  7  7 1 1 1
     1997  16  7  8 1 1 1
     1998  16  7  9 1 1 1
     1999  16  7  11 1 1 1
     2000  16  7  12 1 1 1
     2001  16  7  13 1 1 1
     2002  16  7  14 1 1 1
     2003  16  8  4 1 1 1
     2004  16  8  5 1 1 1
     2005  16  8  6 1 1 1
     2006  16  8  7 1 1 1
     2007  16  8  8 1 1 1
     2008  16  8  9 1 1 1
     2009  16  8  11 1 1 1
     2010  16  8  12 1 1 1
     2011  16  8  13 1 1 1
     2012  16  8  14 1 1 1
     2013  16  8  15 1 1 1
     2014  16  9  4 1 1 1
     2015  16  9  5 1 1 1
     2016  16  9  6 1 1 1
     2017  16  9  7 1 1 1
     2018  16  9  8 1 1 1
     2019  16  9  9 1 1 1
     2020  16  9  11 1 1 1
     2021  16  9  12 1 1 1
     2022  16  9  13 1 1 1
     2023  16  9  14 1 1 1
     2024  16  9  15 1 1 1
     2025  16  11  4 1 1 1
     2026  16  11  5 1 1 1
     2027  16  11  6 1 1 1
     2028  16  11  7 1 1 1
     2029  16  11  8 1 1 1
     2030  16  11  9 1 1 1
     2031  16  11  11 1 1 1
     2032  16  11  12 1 1 1
     2033  16  11  13 1 1 1
     2034  16  11  14 1 1 1
     2035  16  11  15 1 1 1
     2036  16  12  5 1 1 1
     2037  16  12  6 1 1 1
     2038  16  12  7 1 1 1
     2039  16  12  8 1 1 1
     2040  16  12  9 1 1 1
     2041  16  12  11 1 1 1
     2042  16  12  12 1 1 1
     2043  16  12  13 1 1 1
     2044  16  12  14 1 1 1
     2045  16  13  5 1 1 1
     2046  16  13  6 1 1 1
     2047  16  13  7 1 1 1
     2048  16  13  8 1 1 1
     2049  16  13  9 1 1 1
     2050  16  13  11 1 1 1
     2051  16  13  12 1 1 1
     2052  16  13  13 1 1 1
     2053  16  13  14 1 1 1
     2054  16  14  6 1 1 1
     2055  16  14  7 1 1 1
     2056  16  14  8 1 1 1
     2057  16  14  9 1 1 1
     2058  16  14  11 1 1 1
     2059  16  14  12 1 1 1
     2060  16  14  13 1 1 1
     2061  16  15  8 1 1 1
     2062  16  15  9 1 1 1
     2063  16  15  11 1 1 1
     2064  17  6  7 1 1 1
     2065  17  6  8 1 1 1
     2066  17  6  9 1 1 1
     2067  17  6  11 1 1 1
     2068  17  6  12 1 1 1
     2069  17  7  6 1 1 1
     2070  17  7  7 1 1 1
     2071  17  7  8 1 1 1
     2072  17  7  9 1 1 1
     2073  17  7  11 1 1 1
     2074  17  7  12 1 1 1
     2075  17  7  13 1 1 1
     2076  17  8  6 1 1 1
     2077  17  8  7 1 1 1
     2078  17  8  8 1 1 1
     2079  17  8  9 1 1 1
     2080  17  8  11 1 1 1
     2081  17  8  12 1 1 1
     2082  17  8  13 1 1 1
     2083  17  9  6 1 1 1
     2084  17  9  7 1 1 1
     2085  17  9  8 1 1 1
     2086  17  9  9 1 1 1
     2087  17  9  11 1 1 1
     2088  17  9  12 1 1 1
     2089  17  9  13 1 1 1
     2090  17  11  6 1 1 1
     2091  17  11  7 1 1 1
     2092  17  11  8 1 1 1
     2093  17  11  9 1 1 1
     2094  17  11  11 1 1 1
     2095  17  11  12 1 1 1
     2096  17  11  13 1 1 1
     2097  17  12  6 1 1 1
     2098  17  12  7 1 1 1
     2099  17  12  8 1 1 1
     2100  17  12  9 1 1 1
     2101  17  12  11 1 1 1
     2102  17  12  12 1 1 1
     2103  17  12  13 1 1 1
     2104  17  13  7 1 1 1
     2105  17  13  8 1 1 1
     2106  17  13  9 1 1 1
     2107  17  13  11 1 1 1
     2108  17  13  12 1 1 1
     2109  18  9  9 1 1 1