>GEOMETRY   rect_prism; AX,AY,AZ= 0.1000 0.1000 0.1000
     1000 = NAT 
  1.000000  0.000000  0.000000 = A_1 vector
  0.000000  1.000000  0.000000 = A_2 vector
  1.000000  1.000000  1.000000 = lattice spacings (d_x,d_y,d_z)/d
 -0.04500 -0.04500 -0.04500 = lattice offset x0(1-3) = (x_TF, y_TF, z_TF)/d for dipole 0 0 0
     JA  IX  IY  IZ ICOMP(x,y,z)
     1  1  1  1 1 1 1
     2  1  1  2 1 1 1
     3  1  1  3 1 1 1
     4  1  1  4 1 1 1
     5  1  1  5 1 1 1
     6  1  1  6 1 1 1
     7  1  1  7 1 1 1
     8  1  1  8 1 1 1
     9  1  1  9 1 1 1
     10  1  1  10 1 1 1
     11  1  2  1 1 1 1
     12  1  2  2 1 1 1
     13  1  2  3 1 1 1
     14  1  2  4 1 1 1
     15  1  2  5 1 1 1
     16  1  2  6 1 1 1
     17  1  2  7 1 1 1
     18  1  2  8 1 1 1
     19  1  2  9 1 1 1
     20  1  2  10 1 1 1
     21  1  3  1 1 1 1
     22  1  3  2 1 1 1
     23  1  3  3 1 1 1
     24  1  3  4 1 1 1
     25  1  3  5 1 1 1
     26  1  3  6 1 1 1
     27  1  3  7 1 1 1
     28  1  3  8 1 1 1
     29  1  3  9 1 1 1
     30  1  3  10 1 1 1
     31  1  4  1 1 1 1
     32  1  4  2 1 1 1
     33  1  4  3 1 1 1
     34  1  4  4 1 1 1
     35  1  4  5 1 1 1
     36  1  4  6 1 1 1
     37  1  4  7 1 1 1
     38  1  4  8 1 1 1
     39  1  4  9 1 1 1
     40  1  4  10 1 1 1
     41  1  5  1 1 1 1
     42  1  5  2 1 1 1
     43  1  5  3 1 1 1
     44  1  5  4 1 1 1
     45  1  5  5 1 1 1
     46  1  5  6 1 1 1
     47  1  5  7 1 1 1
     48  1  5  8 1 1 1
     49  1  5  9 1 1 1
     50  1  5  10 1 1 1
     51  1  6  1 1 1 1
     52  1  6  2 1 1 1
     53  1  6  3 1 1 1
     54  1  6  4 1 1 1
     55  1  6  5 1 1 1
     56  1  6  6 1 1 1
     57  1  6  7 1 1 1
     58  1  6  8 1 1 1
     59  1  6  9 1 1 1
     60  1  6  10 1 1 1
     61  1  7  1 1 1 1
     62  1  7  2 1 1 1
     63  1  7  3 1 1 1
     64  1  7  4 1 1 1
     65  1  7  5 1 1 1
     66  1  7  6 1 1 1
     67  1  7  7 1 1 1
     68  1  7  8 1 1 1
     69  1  7  9 1 1 1
     70  1  7  10 1 1 1
     71  1  8  1 1 1 1
     72  1  8  2 1 1 1
     73  1  8  3 1 1 1
     74  1  8  4 1 1 1
     75  1  8  5 1 1 1
     76  1  8  6 1 1 1
     77  1  8  7 1 1 1
     78  1  8  8 1 1 1
     79  1  8  9 1 1 1
     80  1  8  10 1 1 1
     81  1  9  1 1 1 1
     82  1  9  2 1 1 1
     83  1  9  3 1 1 1
     84  1  9  4 1 1 1
     85  1  9  5 1 1 1
     86  1  9  6 1 1 1
     87  1  9  7 1 1 1
     88  1  9  8 1 1 1
     89  1  9  9 1 1 1
     90  1  9  10 1 1 1
     91  1  10  1 1 1 1
     92  1  10  2 1 1 1
     93  1  10  3 1 1 1
     94  1  10  4 1 1 1
     95  1  10  5 1 1 1
     96  1  10  6 1 1 1
     97  1  10  7 1 1 1
     98  1  10  8 1 1 1
     99  1  10  9 1 1 1
     100  1  10  10 1 1 1
     101  2  1  1 1 1 1
     102  2  1  2 1 1 1
     103  2  1  3 1 1 1
     104  2  1  4 1 1 1
     105  2  1  5 1 1 1
     106  2  1  6 1 1 1
     107  2  1  7 1 1 1
     108  2  1  8 1 1 1
     109  2  1  9 1 1 1
     110  2  1  10 1 1 1
     111  2  2  1 1 1 1
     112  2  2  2 1 1 1
     113  2  2  3 1 1 1
     114  2  2  4 1 1 1
     115  2  2  5 1 1 1
     116  2  2  6 1 1 1
     117  2  2  7 1 1 1
     118  2  2  8 1 1 1
     119  2  2  9 1 1 1
     120  2  2  10 1 1 1
     121  2  3  1 1 1 1
     122  2  3  2 1 1 1
     123  2  3  3 1 1 1
     124  2  3  4 1 1 1
     125  2  3  5 1 1 1
     126  2  3  6 1 1 1
     127  2  3  7 1 1 1
     128  2  3  8 1 1 1
     129  2  3  9 1 1 1
     130  2  3  10 1 1 1
     131  2  4  1 1 1 1
     132  2  4  2 1 1 1
     133  2  4  3 1 1 1
     134  2  4  4 1 1 1
     135  2  4  5 1 1 1
     136  2  4  6 1 1 1
     137  2  4  7 1 1 1
     138  2  4  8 1 1 1
     139  2  4  9 1 1 1
     140  2  4  10 1 1 1
     141  2  5  1 1 1 1
     142  2  5  2 1 1 1
     143  2  5  3 1 1 1
     144  2  5  4 1 1 1
     145  2  5  5 1 1 1
     146  2  5  6 1 1 1
     147  2  5  7 1 1 1
     148  2  5  8 1 1 1
     149  2  5  9 1 1 1
     150  2  5  10 1 1 1
     151  2  6  1 1 1 1
     152  2  6  2 1 1 1
     153  2  6  3 1 1 1
     154  2  6  4 1 1 1
     155  2  6  5 1 1 1
     156  2  6  6 1 1 1
     157  2  6  7 1 1 1
     158  2  6  8 1 1 1
     159  2  6  9 1 1 1
     160  2  6  10 1 1 1
     161  2  7  1 1 1 1
     162  2  7  2 1 1 1
     163  2  7  3 1 1 1
     164  2  7  4 1 1 1
     165  2  7  5 1 1 1
     166  2  7  6 1 1 1
     167  2  7  7 1 1 1
     168  2  7  8 1 1 1
     169  2  7  9 1 1 1
     170  2  7  10 1 1 1
     171  2  8  1 1 1 1
     172  2  8  2 1 1 1
     173  2  8  3 1 1 1
     174  2  8  4 1 1 1
     175  2  8  5 1 1 1
     176  2  8  6 1 1 1
     177  2  8  7 1 1 1
     178  2  8  8 1 1 1
     179  2  8  9 1 1 1
     180  2  8  10 1 1 1
     181  2  9  1 1 1 1
     182  2  9  2 1 1 1
     183  2  9  3 1 1 1
     184  2  9  4 1 1 1
     185  2  9  5 1 1 1
     186  2  9  6 1 1 1
     187  2  9  7 1 1 1
     188  2  9  8 1 1 1
     189  2  9  9 1 1 1
     190  2  9  10 1 1 1
     191  2  10  1 1 1 1
     192  2  10  2 1 1 1
     193  2  10  3 1 1 1
     194  2  10  4 1 1 1
     195  2  10  5 1 1 1
     196  2  10  6 1 1 1
     197  2  10  7 1 1 1
     198  2  10  8 1 1 1
     199  2  10  9 1 1 1
     200  2  10  10 1 1 1
     201  3  1  1 1 1 1
     202  3  1  2 1 1 1
     203  3  1  3 1 1 1
     204  3  1  4 1 1 1
     205  3  1  5 1 1 1
     206  3  1  6 1 1 1
     207  3  1  7 1 1 1
     208  3  1  8 1 1 1
     209  3  1  9 1 1 1
     210  3  1  10 1 1 1
     211  3  2  1 1 1 1
     212  3  2  2 1 1 1
     213  3  2  3 1 1 1
     214  3  2  4 1 1 1
     215  3  2  5 1 1 1
     216  3  2  6 1 1 1
     217  3  2  7 1 1 1
     218  3  2  8 1 1 1
     219  3  2  9 1 1 1
     220  3  2  10 1 1 1
     221  3  3  1 1 1 1
     222  3  3  2 1 1 1
     223  3  3  3 1 1 1
     224  3  3  4 1 1 1
     225  3  3  5 1 1 1
     226  3  3  6 1 1 1
     227  3  3  7 1 1 1
     228  3  3  8 1 1 1
     229  3  3  9 1 1 1
     230  3  3  10 1 1 1
     231  3  4  1 1 1 1
     232  3  4  2 1 1 1
     233  3  4  3 1 1 1
     234  3  4  4 1 1 1
     235  3  4  5 1 1 1
     236  3  4  6 1 1 1
     237  3  4  7 1 1 1
     238  3  4  8 1 1 1
     239  3  4  9 1 1 1
     240  3  4  10 1 1 1
     241  3  5  1 1 1 1
     242  3  5  2 1 1 1
     243  3  5  3 1 1 1
     244  3  5  4 1 1 1
     245  3  5  5 1 1 1
     246  3  5  6 1 1 1
     247  3  5  7 1 1 1
     248  3  5  8 1 1 1
     249  3  5  9 1 1 1
     250  3  5  10 1 1 1
     251  3  6  1 1 1 1
     252  3  6  2 1 1 1
     253  3  6  3 1 1 1
     254  3  6  4 1 1 1
     255  3  6  5 1 1 1
     256  3  6  6 1 1 1
     257  3  6  7 1 1 1
     258  3  6  8 1 1 1
     259  3  6  9 1 1 1
     260  3  6  10 1 1 1
     261  3  7  1 1 1 1
     262  3  7  2 1 1 1
     263  3  7  3 1 1 1
     264  3  7  4 1 1 1
     265  3  7  5 1 1 1
     266  3  7  6 1 1 1
     267  3  7  7 1 1 1
     268  3  7  8 1 1 1
     269  3  7  9 1 1 1
     270  3  7  10 1 1 1
     271  3  8  1 1 1 1
     272  3  8  2 1 1 1
     273  3  8  3 1 1 1
     274  3  8  4 1 1 1
     275  3  8  5 1 1 1
     276  3  8  6 1 1 1
     277  3  8  7 1 1 1
     278  3  8  8 1 1 1
     279  3  8  9 1 1 1
     280  3  8  10 1 1 1
     281  3  9  1 1 1 1
     282  3  9  2 1 1 1
     283  3  9  3 1 1 1
     284  3  9  4 1 1 1
     285  3  9  5 1 1 1
     286  3  9  6 1 1 1
     287  3  9  7 1 1 1
     288  3  9  8 1 1 1
     289  3  9  9 1 1 1
     290  3  9  10 1 1 1
     291  3  10  1 1 1 1
     292  3  10  2 1 1 1
     293  3  10  3 1 1 1
     294  3  10  4 1 1 1
     295  3  10  5 1 1 1
     296  3  10  6 1 1 1
     297  3  10  7 1 1 1
     298  3  10  8 1 1 1
     299  3  10  9 1 1 1
     300  3  10  10 1 1 1
     301  4  1  1 1 1 1
     302  4  1  2 1 1 1
     303  4  1  3 1 1 1
     304  4  1  4 1 1 1
     305  4  1  5 1 1 1
     306  4  1  6 1 1 1
     307  4  1  7 1 1 1
     308  4  1  8 1 1 1
     309  4  1  9 1 1 1
     310  4  1  10 1 1 1
     311  4  2  1 1 1 1
     312  4  2  2 1 1 1
     313  4  2  3 1 1 1
     314  4  2  4 1 1 1
     315  4  2  5 1 1 1
     316  4  2  6 1 1 1
     317  4  2  7 1 1 1
     318  4  2  8 1 1 1
     319  4  2  9 1 1 1
     320  4  2  10 1 1 1
     321  4  3  1 1 1 1
     322  4  3  2 1 1 1
     323  4  3  3 1 1 1
     324  4  3  4 1 1 1
     325  4  3  5 1 1 1
     326  4  3  6 1 1 1
     327  4  3  7 1 1 1
     328  4  3  8 1 1 1
     329  4  3  9 1 1 1
     330  4  3  10 1 1 1
     331  4  4  1 1 1 1
     332  4  4  2 1 1 1
     333  4  4  3 1 1 1
     334  4  4  4 1 1 1
     335  4  4  5 1 1 1
     336  4  4  6 1 1 1
     337  4  4  7 1 1 1
     338  4  4  8 1 1 1
     339  4  4  9 1 1 1
     340  4  4  10 1 1 1
     341  4  5  1 1 1 1
     342  4  5  2 1 1 1
     343  4  5  3 1 1 1
     344  4  5  4 1 1 1
     345  4  5  5 1 1 1
     346  4  5  6 1 1 1
     347  4  5  7 1 1 1
     348  4  5  8 1 1 1
     349  4  5  9 1 1 1
     350  4  5  10 1 1 1
     351  4  6  1 1 1 1
     352  4  6  2 1 1 1
     353  4  6  3 1 1 1
     354  4  6  4 1 1 1
     355  4  6  5 1 1 1
     356  4  6  6 1 1 1
     357  4  6  7 1 1 1
     358  4  6  8 1 1 1
     359  4  6  9 1 1 1
     360  4  6  10 1 1 1
     361  4  7  1 1 1 1
     362  4  7  2 1 1 1
     363  4  7  3 1 1 1
     364  4  7  4 1 1 1
     365  4  7  5 1 1 1
     366  4  7  6 1 1 1
     367  4  7  7 1 1 1
     368  4  7  8 1 1 1
     369  4  7  9 1 1 1
     370  4  7  10 1 1 1
     371  4  8  1 1 1 1
     372  4  8  2 1 1 1
     373  4  8  3 1 1 1
     374  4  8  4 1 1 1
     375  4  8  5 1 1 1
     376  4  8  6 1 1 1
     377  4  8  7 1 1 1
     378  4  8  8 1 1 1
     379  4  8  9 1 1 1
     380  4  8  10 1 1 1
     381  4  9  1 1 1 1
     382  4  9  2 1 1 1
     383  4  9  3 1 1 1
     384  4  9  4 1 1 1
     385  4  9  5 1 1 1
     386  4  9  6 1 1 1
     387  4  9  7 1 1 1
     388  4  9  8 1 1 1
     389  4  9  9 1 1 1
     390  4  9  10 1 1 1
     391  4  10  1 1 1 1
     392  4  10  2 1 1 1
     393  4  10  3 1 1 1
     394  4  10  4 1 1 1
     395  4  10  5 1 1 1
     396  4  10  6 1 1 1
     397  4  10  7 1 1 1
     398  4  10  8 1 1 1
     399  4  10  9 1 1 1
     400  4  10  10 1 1 1
     401  5  1  1 1 1 1
     402  5  1  2 1 1 1
     403  5  1  3 1 1 1
     404  5  1  4 1 1 1
     405  5  1  5 1 1 1
     406  5  1  6 1 1 1
     407  5  1  7 1 1 1
     408  5  1  8 1 1 1
     409  5  1  9 1 1 1
     410  5  1  10 1 1 1
     411  5  2  1 1 1 1
     412  5  2  2 1 1 1
     413  5  2  3 1 1 1
     414  5  2  4 1 1 1
     415  5  2  5 1 1 1
     416  5  2  6 1 1 1
     417  5  2  7 1 1 1
     418  5  2  8 1 1 1
     419  5  2  9 1 1 1
     420  5  2  10 1 1 1
     421  5  3  1 1 1 1
     422  5  3  2 1 1 1
     423  5  3  3 1 1 1
     424  5  3  4 1 1 1
     425  5  3  5 1 1 1
     426  5  3  6 1 1 1
     427  5  3  7 1 1 1
     428  5  3  8 1 1 1
     429  5  3  9 1 1 1
     430  5  3  10 1 1 1
     431  5  4  1 1 1 1
     432  5  4  2 1 1 1
     433  5  4  3 1 1 1
     434  5  4  4 1 1 1
     435  5  4  5 1 1 1
     436  5  4  6 1 1 1
     437  5  4  7 1 1 1
     438  5  4  8 1 1 1
     439  5  4  9 1 1 1
     440  5  4  10 1 1 1
     441  5  5  1 1 1 1
     442  5  5  2 1 1 1
     443  5  5  3 1 1 1
     444  5  5  4 1 1 1
     445  5  5  5 1 1 1
     446  5  5  6 1 1 1
     447  5  5  7 1 1 1
     448  5  5  8 1 1 1
     449  5  5  9 1 1 1
     450  5  5  10 1 1 1
     451  5  6  1 1 1 1
     452  5  6  2 1 1 1
     453  5  6  3 1 1 1
     454  5  6  4 1 1 1
     455  5  6  5 1 1 1
     456  5  6  6 1 1 1
     457  5  6  7 1 1 1
     458  5  6  8 1 1 1
     459  5  6  9 1 1 1
     460  5  6  10 1 1 1
     461  5  7  1 1 1 1
     462  5  7  2 1 1 1
     463  5  7  3 1 1 1
     464  5  7  4 1 1 1
     465  5  7  5 1 1 1
     466  5  7  6 1 1 1
     467  5  7  7 1 1 1
     468  5  7  8 1 1 1
     469  5  7  9 1 1 1
     470  5  7  10 1 1 1
     471  5  8  1 1 1 1
     472  5  8  2 1 1 1
     473  5  8  3 1 1 1
     474  5  8  4 1 1 1
     475  5  8  5 1 1 1
     476  5  8  6 1 1 1
     477  5  8  7 1 1 1
     478  5  8  8 1 1 1
     479  5  8  9 1 1 1
     480  5  8  10 1 1 1
     481  5  9  1 1 1 1
     482  5  9  2 1 1 1
     483  5  9  3 1 1 1
     484  5  9  4 1 1 1
     485  5  9  5 1 1 1
     486  5  9  6 1 1 1
     487  5  9  7 1 1 1
     488  5  9  8 1 1 1
     489  5  9  9 1 1 1
     490  5  9  10 1 1 1
     491  5  10  1 1 1 1
     492  5  10  2 1 1 1
     493  5  10  3 1 1 1
     494  5  10  4 1 1 1
     495  5  10  5 1 1 1
     496  5  10  6 1 1 1
     497  5  10  7 1 1 1
     498  5  10  8 1 1 1
     499  5  10  9 1 1 1
     500  5  10  10 1 1 1
     501  6  1  1 1 1 1
     502  6  1  2 1 1 1
     503  6  1  3 1 1 1
     504  6  1  4 1 1 1
     505  6  1  5 1 1 1
     506  6  1  6 1 1 1
     507  6  1  7 1 1 1
     508  6  1  8 1 1 1
     509  6  1  9 1 1 1
     510  6  1  10 1 1 1
     511  6  2  1 1 1 1
     512  6  2  2 1 1 1
     513  6  2  3 1 1 1
     514  6  2  4 1 1 1
     515  6  2  5 1 1 1
     516  6  2  6 1 1 1
     517  6  2  7 1 1 1
     518  6  2  8 1 1 1
     519  6  2  9 1 1 1
     520  6  2  10 1 1 1
     521  6  3  1 1 1 1
     522  6  3  2 1 1 1
     523  6  3  3 1 1 1
     524  6  3  4 1 1 1
     525  6  3  5 1 1 1
     526  6  3  6 1 1 1
     527  6  3  7 1 1 1
     528  6  3  8 1 1 1
     529  6  3  9 1 1 1
     530  6  3  10 1 1 1
     531  6  4  1 1 1 1
     532  6  4  2 1 1 1
     533  6  4  3 1 1 1
     534  6  4  4 1 1 1
     535  6  4  5 1 1 1
     536  6  4  6 1 1 1
     537  6  4  7 1 1 1
     538  6  4  8 1 1 1
     539  6  4  9 1 1 1
     540  6  4  10 1 1 1
     541  6  5  1 1 1 1
     542  6  5  2 1 1 1
     543  6  5  3 1 1 1
     544  6  5  4 1 1 1
     545  6  5  5 1 1 1
     546  6  5  6 1 1 1
     547  6  5  7 1 1 1
     548  6  5  8 1 1 1
     549  6  5  9 1 1 1
     550  6  5  10 1 1 1
     551  6  6  1 1 1 1
     552  6  6  2 1 1 1
     553  6  6  3 1 1 1
     554  6  6  4 1 1 1
     555  6  6  5 1 1 1
     556  6  6  6 1 1 1
     557  6  6  7 1 1 1
     558  6  6  8 1 1 1
     559  6  6  9 1 1 1
     560  6  6  10 1 1 1
     561  6  7  1 1 1 1
     562  6  7  2 1 1 1
     563  6  7  3 1 1 1
     564  6  7  4 1 1 1
     565  6  7  5 1 1 1
     566  6  7  6 1 1 1
     567  6  7  7 1 1 1
     568  6  7  8 1 1 1
     569  6  7  9 1 1 1
     570  6  7  10 1 1 1
     571  6  8  1 1 1 1
     572  6  8  2 1 1 1
     573  6  8  3 1 1 1
     574  6  8  4 1 1 1
     575  6  8  5 1 1 1
     576  6  8  6 1 1 1
     577  6  8  7 1 1 1
     578  6  8  8 1 1 1
     579  6  8  9 1 1 1
     580  6  8  10 1 1 1
     581  6  9  1 1 1 1
     582  6  9  2 1 1 1
     583  6  9  3 1 1 1
     584  6  9  4 1 1 1
     585  6  9  5 1 1 1
     586  6  9  6 1 1 1
     587  6  9  7 1 1 1
     588  6  9  8 1 1 1
     589  6  9  9 1 1 1
     590  6  9  10 1 1 1
     591  6  10  1 1 1 1
     592  6  10  2 1 1 1
     593  6  10  3 1 1 1
     594  6  10  4 1 1 1
     595  6  10  5 1 1 1
     596  6  10  6 1 1 1
     597  6  10  7 1 1 1
     598  6  10  8 1 1 1
     599  6  10  9 1 1 1
     600  6  10  10 1 1 1
     601  7  1  1 1 1 1
     602  7  1  2 1 1 1
     603  7  1  3 1 1 1
     604  7  1  4 1 1 1
     605  7  1  5 1 1 1
     606  7  1  6 1 1 1
     607  7  1  7 1 1 1
     608  7  1  8 1 1 1
     609  7  1  9 1 1 1
     610  7  1  10 1 1 1
     611  7  2  1 1 1 1
     612  7  2  2 1 1 1
     613  7  2  3 1 1 1
     614  7  2  4 1 1 1
     615  7  2  5 1 1 1
     616  7  2  6 1 1 1
     617  7  2  7 1 1 1
     618  7  2  8 1 1 1
     619  7  2  9 1 1 1
     620  7  2  10 1 1 1
     621  7  3  1 1 1 1
     622  7  3  2 1 1 1
     623  7  3  3 1 1 1
     624  7  3  4 1 1 1
     625  7  3  5 1 1 1
     626  7  3  6 1 1 1
     627  7  3  7 1 1 1
     628  7  3  8 1 1 1
     629  7  3  9 1 1 1
     630  7  3  10 1 1 1
     631  7  4  1 1 1 1
     632  7  4  2 1 1 1
     633  7  4  3 1 1 1
     634  7  4  4 1 1 1
     635  7  4  5 1 1 1
     636  7  4  6 1 1 1
     637  7  4  7 1 1 1
     638  7  4  8 1 1 1
     639  7  4  9 1 1 1
     640  7  4  10 1 1 1
     641  7  5  1 1 1 1
     642  7  5  2 1 1 1
     643  7  5  3 1 1 1
     644  7  5  4 1 1 1
     645  7  5  5 1 1 1
     646  7  5  6 1 1 1
     647  7  5  7 1 1 1
     648  7  5  8 1 1 1
     649  7  5  9 1 1 1
     650  7  5  10 1 1 1
     651  7  6  1 1 1 1
     652  7  6  2 1 1 1
     653  7  6  3 1 1 1
     654  7  6  4 1 1 1
     655  7  6  5 1 1 1
     656  7  6  6 1 1 1
     657  7  6  7 1 1 1
     658  7  6  8 1 1 1
     659  7  6  9 1 1 1
     660  7  6  10 1 1 1
     661  7  7  1 1 1 1
     662  7  7  2 1 1 1
     663  7  7  3 1 1 1
     664  7  7  4 1 1 1
     665  7  7  5 1 1 1
     666  7  7  6 1 1 1
     667  7  7  7 1 1 1
     668  7  7  8 1 1 1
     669  7  7  9 1 1 1
     670  7  7  10 1 1 1
     671  7  8  1 1 1 1
     672  7  8  2 1 1 1
     673  7  8  3 1 1 1
     674  7  8  4 1 1 1
     675  7  8  5 1 1 1
     676  7  8  6 1 1 1
     677  7  8  7 1 1 1
     678  7  8  8 1 1 1
     679  7  8  9 1 1 1
     680  7  8  10 1 1 1
     681  7  9  1 1 1 1
     682  7  9  2 1 1 1
     683  7  9  3 1 1 1
     684  7  9  4 1 1 1
     685  7  9  5 1 1 1
     686  7  9  6 1 1 1
     687  7  9  7 1 1 1
     688  7  9  8 1 1 1
     689  7  9  9 1 1 1
     690  7  9  10 1 1 1
     691  7  10  1 1 1 1
     692  7  10  2 1 1 1
     693  7  10  3 1 1 1
     694  7  10  4 1 1 1
     695  7  10  5 1 1 1
     696  7  10  6 1 1 1
     697  7  10  7 1 1 1
     698  7  10  8 1 1 1
     699  7  10  9 1 1 1
     700  7  10  10 1 1 1
     701  8  1  1 1 1 1
     702  8  1  2 1 1 1
     703  8  1  3 1 1 1
     704  8  1  4 1 1 1
     705  8  1  5 1 1 1
     706  8  1  6 1 1 1
     707  8  1  7 1 1 1
     708  8  1  8 1 1 1
     709  8  1  9 1 1 1
     710  8  1  10 1 1 1
     711  8  2  1 1 1 1
     712  8  2  2 1 1 1
     713  8  2  3 1 1 1
     714  8  2  4 1 1 1
     715  8  2  5 1 1 1
     716  8  2  6 1 1 1
     717  8  2  7 1 1 1
     718  8  2  8 1 1 1
     719  8  2  9 1 1 1
     720  8  2  10 1 1 1
     721  8  3  1 1 1 1
     722  8  3  2 1 1 1
     723  8  3  3 1 1 1
     724  8  3  4 1 1 1
     725  8  3  5 1 1 1
     726  8  3  6 1 1 1
     727  8  3  7 1 1 1
     728  8  3  8 1 1 1
     729  8  3  9 1 1 1
     730  8  3  10 1 1 1
     731  8  4  1 1 1 1
     732  8  4  2 1 1 1
     733  8  4  3 1 1 1
     734  8  4  4 1 1 1
     735  8  4  5 1 1 1
     736  8  4  6 1 1 1
     737  8  4  7 1 1 1
     738  8  4  8 1 1 1
     739  8  4  9 1 1 1
     740  8  4  10 1 1 1
     741  8  5  1 1 1 1
     742  8  5  2 1 1 1
     743  8  5  3 1 1 1
     744  8  5  4 1 1 1
     745  8  5  5 1 1 1
     746  8  5  6 1 1 1
     747  8  5  7 1 1 1
     748  8  5  8 1 1 1
     749  8  5  9 1 1 1
     750  8  5  10 1 1 1
     751  8  6  1 1 1 1
     752  8  6  2 1 1 1
     753  8  6  3 1 1 1
     754  8  6  4 1 1 1
     755  8  6  5 1 1 1
     756  8  6  6 1 1 1
     757  8  6  7 1 1 1
     758  8  6  8 1 1 1
     759  8  6  9 1 1 1
     760  8  6  10 1 1 1
     761  8  7  1 1 1 1
     762  8  7  2 1 1 1
     763  8  7  3 1 1 1
     764  8  7  4 1 1 1
     765  8  7  5 1 1 1
     766  8  7  6 1 1 1
     767  8  7  7 1 1 1
     768  8  7  8 1 1 1
     769  8  7  9 1 1 1
     770  8  7  10 1 1 1
     771  8  8  1 1 1 1
     772  8  8  2 1 1 1
     773  8  8  3 1 1 1
     774  8  8  4 1 1 1
     775  8  8  5 1 1 1
     776  8  8  6 1 1 1
     777  8  8  7 1 1 1
     778  8  8  8 1 1 1
     779  8  8  9 1 1 1
     780  8  8  10 1 1 1
     781  8  9  1 1 1 1
     782  8  9  2 1 1 1
     783  8  9  3 1 1 1
     784  8  9  4 1 1 1
     785  8  9  5 1 1 1
     786  8  9  6 1 1 1
     787  8  9  7 1 1 1
     788  8  9  8 1 1 1
     789  8  9  9 1 1 1
     790  8  9  10 1 1 1
     791  8  10  1 1 1 1
     792  8  10  2 1 1 1
     793  8  10  3 1 1 1
     794  8  10  4 1 1 1
     795  8  10  5 1 1 1
     796  8  10  6 1 1 1
     797  8  10  7 1 1 1
     798  8  10  8 1 1 1
     799  8  10  9 1 1 1
     800  8  10  10 1 1 1
     801  9  1  1 1 1 1
     802  9  1  2 1 1 1
     803  9  1  3 1 1 1
     804  9  1  4 1 1 1
     805  9  1  5 1 1 1
     806  9  1  6 1 1 1
     807  9  1  7 1 1 1
     808  9  1  8 1 1 1
     809  9  1  9 1 1 1
     810  9  1  10 1 1 1
     811  9  2  1 1 1 1
     812  9  2  2 1 1 1
     813  9  2  3 1 1 1
     814  9  2  4 1 1 1
     815  9  2  5 1 1 1
     816  9  2  6 1 1 1
     817  9  2  7 1 1 1
     818  9  2  8 1 1 1
     819  9  2  9 1 1 1
     820  9  2  10 1 1 1
     821  9  3  1 1 1 1
     822  9  3  2 1 1 1
     823  9  3  3 1 1 1
     824  9  3  4 1 1 1
     825  9  3  5 1 1 1
     826  9  3  6 1 1 1
     827  9  3  7 1 1 1
     828  9  3  8 1 1 1
     829  9  3  9 1 1 1
     830  9  3  10 1 1 1
     831  9  4  1 1 1 1
     832  9  4  2 1 1 1
     833  9  4  3 1 1 1
     834  9  4  4 1 1 1
     835  9  4  5 1 1 1
     836  9  4  6 1 1 1
     837  9  4  7 1 1 1
     838  9  4  8 1 1 1
     839  9  4  9 1 1 1
     840  9  4  10 1 1 1
     841  9  5  1 1 1 1
     842  9  5  2 1 1 1
     843  9  5  3 1 1 1
     844  9  5  4 1 1 1
     845  9  5  5 1 1 1
     846  9  5  6 1 1 1
     847  9  5  7 1 1 1
     848  9  5  8 1 1 1
     849  9  5  9 1 1 1
     850  9  5  10 1 1 1
     851  9  6  1 1 1 1
     852  9  6  2 1 1 1
     853  9  6  3 1 1 1
     854  9  6  4 1 1 1
     855  9  6  5 1 1 1
     856  9  6  6 1 1 1
     857  9  6  7 1 1 1
     858  9  6  8 1 1 1
     859  9  6  9 1 1 1
     860  9  6  10 1 1 1
     861  9  7  1 1 1 1
     862  9  7  2 1 1 1
     863  9  7  3 1 1 1
     864  9  7  4 1 1 1
     865  9  7  5 1 1 1
     866  9  7  6 1 1 1
     867  9  7  7 1 1 1
     868  9  7  8 1 1 1
     869  9  7  9 1 1 1
     870  9  7  10 1 1 1
     871  9  8  1 1 1 1
     872  9  8  2 1 1 1
     873  9  8  3 1 1 1
     874  9  8  4 1 1 1
     875  9  8  5 1 1 1
     876  9  8  6 1 1 1
     877  9  8  7 1 1 1
     878  9  8  8 1 1 1
     879  9  8  9 1 1 1
     880  9  8  10 1 1 1
     881  9  9  1 1 1 1
     882  9  9  2 1 1 1
     883  9  9  3 1 1 1
     884  9  9  4 1 1 1
     885  9  9  5 1 1 1
     886  9  9  6 1 1 1
     887  9  9  7 1 1 1
     888  9  9  8 1 1 1
     889  9  9  9 1 1 1
     890  9  9  10 1 1 1
     891  9  10  1 1 1 1
     892  9  10  2 1 1 1
     893  9  10  3 1 1 1
     894  9  10  4 1 1 1
     895  9  10  5 1 1 1
     896  9  10  6 1 1 1
     897  9  10  7 1 1 1
     898  9  10  8 1 1 1
     899  9  10  9 1 1 1
     900  9  10  10 1 1 1
     901  10  1  1 1 1 1
     902  10  1  2 1 1 1
     903  10  1  3 1 1 1
     904  10  1  4 1 1 1
     905  10  1  5 1 1 1
     906  10  1  6 1 1 1
     907  10  1  7 1 1 1
     908  10  1  8 1 1 1
     909  10  1  9 1 1 1
     910  10  1  10 1 1 1
     911  10  2  1 1 1 1
     912  10  2  2 1 1 1
     913  10  2  3 1 1 1
     914  10  2  4 1 1 1
     915  10  2  5 1 1 1
     916  10  2  6 1 1 1
     917  10  2  7 1 1 1
     918  10  2  8 1 1 1
     919  10  2  9 1 1 1
     920  10  2  10 1 1 1
     921  10  3  1 1 1 1
     922  10  3  2 1 1 1
     923  10  3  3 1 1 1
     924  10  3  4 1 1 1
     925  10  3  5 1 1 1
     926  10  3  6 1 1 1
     927  10  3  7 1 1 1
     928  10  3  8 1 1 1
     929  10  3  9 1 1 1
     930  10  3  10 1 1 1
     931  10  4  1 1 1 1
     932  10  4  2 1 1 1
     933  10  4  3 1 1 1
     934  10  4  4 1 1 1
     935  10  4  5 1 1 1
     936  10  4  6 1 1 1
     937  10  4  7 1 1 1
     938  10  4  8 1 1 1
     939  10  4  9 1 1 1
     940  10  4  10 1 1 1
     941  10  5  1 1 1 1
     942  10  5  2 1 1 1
     943  10  5  3 1 1 1
     944  10  5  4 1 1 1
     945  10  5  5 1 1 1
     946  10  5  6 1 1 1
     947  10  5  7 1 1 1
     948  10  5  8 1 1 1
     949  10  5  9 1 1 1
     950  10  5  10 1 1 1
     951  10  6  1 1 1 1
     952  10  6  2 1 1 1
     953  10  6  3 1 1 1
     954  10  6  4 1 1 1
     955  10  6  5 1 1 1
     956  10  6  6 1 1 1
     957  10  6  7 1 1 1
     958  10  6  8 1 1 1
     959  10  6  9 1 1 1
     960  10  6  10 1 1 1
     961  10  7  1 1 1 1
     962  10  7  2 1 1 1
     963  10  7  3 1 1 1
     964  10  7  4 1 1 1
     965  10  7  5 1 1 1
     966  10  7  6 1 1 1
     967  10  7  7 1 1 1
     968  10  7  8 1 1 1
     969  10  7  9 1 1 1
     970  10  7  10 1 1 1
     971  10  8  1 1 1 1
     972  10  8  2 1 1 1
     973  10  8  3 1 1 1
     974  10  8  4 1 1 1
     975  10  8  5 1 1 1
     976  10  8  6 1 1 1
     977  10  8  7 1 1 1
     978  10  8  8 1 1 1
     979  10  8  9 1 1 1
     980  10  8  10 1 1 1
     981  10  9  1 1 1 1
     982  10  9  2 1 1 1
     983  10  9  3 1 1 1
     984  10  9  4 1 1 1
     985  10  9  5 1 1 1
     986  10  9  6 1 1 1
     987  10  9  7 1 1 1
     988  10  9  8 1 1 1
     989  10  9  9 1 1 1
     990  10  9  10 1 1 1
     991  10  10  1 1 1 1
     992  10  10  2 1 1 1
     993  10  10  3 1 1 1
     994  10  10  4 1 1 1
     995  10  10  5 1 1 1
     996  10  10  6 1 1 1
     997  10  10  7 1 1 1
     998  10  10  8 1 1 1
     999  10  10  9 1 1 1
     1000  10  10  10 1 1 1