>GEOMETRY   rect_prism; AX,AY,AZ= 0.4288 0.4288 0.4288
     2520 = NAT 
  1.000000  0.000000  0.000000 = A_1 vector
  0.000000  1.000000  0.000000 = A_2 vector
  1.000000  1.000000  1.000000 = lattice spacings (d_x,d_y,d_z)/d
 -0.03945 -0.10220 -0.07285 = lattice offset x0(1-3) = (x_TF, y_TF, z_TF)/d for dipole 0 0 0
     JA  IX  IY  IZ ICOMP(x,y,z)
     1  1  1  1 1 1 1
     2  1  1  2 1 1 1
     3  1  1  3 1 1 1
     4  1  1  4 1 1 1
     5  1  1  5 1 1 1
     6  1  1  6 1 1 1
     7  1  1  7 1 1 1
     8  1  1  8 1 1 1
     9  1  1  9 1 1 1
     10  1  1  10 1 1 1
     11  1  1  11 1 1 1
     12  1  1  12 1 1 1
     13  1  1  13 1 1 1
     14  1  1  14 1 1 1
     15  1  1  15 1 1 1
     16  1  2  1 1 1 1
     17  1  2  2 1 1 1
     18  1  2  3 1 1 1
     19  1  2  4 1 1 1
     20  1  2  5 1 1 1
     21  1  2  6 1 1 1
     22  1  2  7 1 1 1
     23  1  2  8 1 1 1
     24  1  2  9 1 1 1
     25  1  2  10 1 1 1
     26  1  2  11 1 1 1
     27  1  2  12 1 1 1
     28  1  2  13 1 1 1
     29  1  2  14 1 1 1
     30  1  2  15 1 1 1
     31  1  3  1 1 1 1
     32  1  3  2 1 1 1
     33  1  3  3 1 1 1
     34  1  3  4 1 1 1
     35  1  3  5 1 1 1
     36  1  3  6 1 1 1
     37  1  3  7 1 1 1
     38  1  3  8 1 1 1
     39  1  3  9 1 1 1
     40  1  3  10 1 1 1
     41  1  3  11 1 1 1
     42  1  3  12 1 1 1
     43  1  3  13 1 1 1
     44  1  3  14 1 1 1
     45  1  3  15 1 1 1
     46  1  4  1 1 1 1
     47  1  4  2 1 1 1
     48  1  4  3 1 1 1
     49  1  4  4 1 1 1
     50  1  4  5 1 1 1
     51  1  4  6 1 1 1
     52  1  4  7 1 1 1
     53  1  4  8 1 1 1
     54  1  4  9 1 1 1
     55  1  4  10 1 1 1
     56  1  4  11 1 1 1
     57  1  4  12 1 1 1
     58  1  4  13 1 1 1
     59  1  4  14 1 1 1
     60  1  4  15 1 1 1
     61  1  5  1 1 1 1
     62  1  5  2 1 1 1
     63  1  5  3 1 1 1
     64  1  5  4 1 1 1
     65  1  5  5 1 1 1
     66  1  5  6 1 1 1
     67  1  5  7 1 1 1
     68  1  5  8 1 1 1
     69  1  5  9 1 1 1
     70  1  5  10 1 1 1
     71  1  5  11 1 1 1
     72  1  5  12 1 1 1
     73  1  5  13 1 1 1
     74  1  5  14 1 1 1
     75  1  5  15 1 1 1
     76  1  6  1 1 1 1
     77  1  6  2 1 1 1
     78  1  6  3 1 1 1
     79  1  6  4 1 1 1
     80  1  6  5 1 1 1
     81  1  6  6 1 1 1
     82  1  6  7 1 1 1
     83  1  6  8 1 1 1
     84  1  6  9 1 1 1
     85  1  6  10 1 1 1
     86  1  6  11 1 1 1
     87  1  6  12 1 1 1
     88  1  6  13 1 1 1
     89  1  6  14 1 1 1
     90  1  6  15 1 1 1
     91  1  7  1 1 1 1
     92  1  7  2 1 1 1
     93  1  7  3 1 1 1
     94  1  7  4 1 1 1
     95  1  7  5 1 1 1
     96  1  7  6 1 1 1
     97  1  7  7 1 1 1
     98  1  7  8 1 1 1
     99  1  7  9 1 1 1
     100  1  7  10 1 1 1
     101  1  7  11 1 1 1
     102  1  7  12 1 1 1
     103  1  7  13 1 1 1
     104  1  7  14 1 1 1
     105  1  7  15 1 1 1
     106  1  8  1 1 1 1
     107  1  8  2 1 1 1
     108  1  8  3 1 1 1
     109  1  8  4 1 1 1
     110  1  8  5 1 1 1
     111  1  8  6 1 1 1
     112  1  8  7 1 1 1
     113  1  8  8 1 1 1
     114  1  8  9 1 1 1
     115  1  8  10 1 1 1
     116  1  8  11 1 1 1
     117  1  8  12 1 1 1
     118  1  8  13 1 1 1
     119  1  8  14 1 1 1
     120  1  8  15 1 1 1
     121  1  9  1 1 1 1
     122  1  9  2 1 1 1
     123  1  9  3 1 1 1
     124  1  9  4 1 1 1
     125  1  9  5 1 1 1
     126  1  9  6 1 1 1
     127  1  9  7 1 1 1
     128  1  9  8 1 1 1
     129  1  9  9 1 1 1
     130  1  9  10 1 1 1
     131  1  9  11 1 1 1
     132  1  9  12 1 1 1
     133  1  9  13 1 1 1
     134  1  9  14 1 1 1
     135  1  9  15 1 1 1
     136  1  10  1 1 1 1
     137  1  10  2 1 1 1
     138  1  10  3 1 1 1
     139  1  10  4 1 1 1
     140  1  10  5 1 1 1
     141  1  10  6 1 1 1
     142  1  10  7 1 1 1
     143  1  10  8 1 1 1
     144  1  10  9 1 1 1
     145  1  10  10 1 1 1
     146  1  10  11 1 1 1
     147  1  10  12 1 1 1
     148  1  10  13 1 1 1
     149  1  10  14 1 1 1
     150  1  10  15 1 1 1
     151  1  11  1 1 1 1
     152  1  11  2 1 1 1
     153  1  11  3 1 1 1
     154  1  11  4 1 1 1
     155  1  11  5 1 1 1
     156  1  11  6 1 1 1
     157  1  11  7 1 1 1
     158  1  11  8 1 1 1
     159  1  11  9 1 1 1
     160  1  11  10 1 1 1
     161  1  11  11 1 1 1
     162  1  11  12 1 1 1
     163  1  11  13 1 1 1
     164  1  11  14 1 1 1
     165  1  11  15 1 1 1
     166  1  12  1 1 1 1
     167  1  12  2 1 1 1
     168  1  12  3 1 1 1
     169  1  12  4 1 1 1
     170  1  12  5 1 1 1
     171  1  12  6 1 1 1
     172  1  12  7 1 1 1
     173  1  12  8 1 1 1
     174  1  12  9 1 1 1
     175  1  12  10 1 1 1
     176  1  12  11 1 1 1
     177  1  12  12 1 1 1
     178  1  12  13 1 1 1
     179  1  12  14 1 1 1
     180  1  12  15 1 1 1
     181  1  13  1 1 1 1
     182  1  13  2 1 1 1
     183  1  13  3 1 1 1
     184  1  13  4 1 1 1
     185  1  13  5 1 1 1
     186  1  13  6 1 1 1
     187  1  13  7 1 1 1
     188  1  13  8 1 1 1
     189  1  13  9 1 1 1
     190  1  13  10 1 1 1
     191  1  13  11 1 1 1
     192  1  13  12 1 1 1
     193  1  13  13 1 1 1
     194  1  13  14 1 1 1
     195  1  13  15 1 1 1
     196  1  14  1 1 1 1
     197  1  14  2 1 1 1
     198  1  14  3 1 1 1
     199  1  14  4 1 1 1
     200  1  14  5 1 1 1
     201  1  14  6 1 1 1
     202  1  14  7 1 1 1
     203  1  14  8 1 1 1
     204  1  14  9 1 1 1
     205  1  14  10 1 1 1
     206  1  14  11 1 1 1
     207  1  14  12 1 1 1
     208  1  14  13 1 1 1
     209  1  14  14 1 1 1
     210  1  14  15 1 1 1
     211  1  15  1 1 1 1
     212  1  15  2 1 1 1
     213  1  15  3 1 1 1
     214  1  15  4 1 1 1
     215  1  15  5 1 1 1
     216  1  15  6 1 1 1
     217  1  15  7 1 1 1
     218  1  15  8 1 1 1
     219  1  15  9 1 1 1
     220  1  15  10 1 1 1
     221  1  15  11 1 1 1
     222  1  15  12 1 1 1
     223  1  15  13 1 1 1
     224  1  15  14 1 1 1
     225  1  15  15 1 1 1
     226  1  16  1 1 1 1
     227  1  16  2 1 1 1
     228  1  16  3 1 1 1
     229  1  16  4 1 1 1
     230  1  16  5 1 1 1
     231  1  16  6 1 1 1
     232  1  16  7 1 1 1
     233  1  16  8 1 1 1
     234  1  16  9 1 1 1
     235  1  16  10 1 1 1
     236  1  16  11 1 1 1
     237  1  16  12 1 1 1
     238  1  16  13 1 1 1
     239  1  16  14 1 1 1
     240  1  16  15 1 1 1
     241  1  17  1 1 1 1
     242  1  17  2 1 1 1
     243  1  17  3 1 1 1
     244  1  17  4 1 1 1
     245  1  17  5 1 1 1
     246  1  17  6 1 1 1
     247  1  17  7 1 1 1
     248  1  17  8 1 1 1
     249  1  17  9 1 1 1
     250  1  17  10 1 1 1
     251  1  17  11 1 1 1
     252  1  17  12 1 1 1
     253  1  17  13 1 1 1
     254  1  17  14 1 1 1
     255  1  17  15 1 1 1
     256  1  18  1 1 1 1
     257  1  18  2 1 1 1
     258  1  18  3 1 1 1
     259  1  18  4 1 1 1
     260  1  18  5 1 1 1
     261  1  18  6 1 1 1
     262  1  18  7 1 1 1
     263  1  18  8 1 1 1
     264  1  18  9 1 1 1
     265  1  18  10 1 1 1
     266  1  18  11 1 1 1
     267  1  18  12 1 1 1
     268  1  18  13 1 1 1
     269  1  18  14 1 1 1
     270  1  18  15 1 1 1
     271  1  19  1 1 1 1
     272  1  19  2 1 1 1
     273  1  19  3 1 1 1
     274  1  19  4 1 1 1
     275  1  19  5 1 1 1
     276  1  19  6 1 1 1
     277  1  19  7 1 1 1
     278  1  19  8 1 1 1
     279  1  19  9 1 1 1
     280  1  19  10 1 1 1
     281  1  19  11 1 1 1
     282  1  19  12 1 1 1
     283  1  19  13 1 1 1
     284  1  19  14 1 1 1
     285  1  19  15 1 1 1
     286  1  20  1 1 1 1
     287  1  20  2 1 1 1
     288  1  20  3 1 1 1
     289  1  20  4 1 1 1
     290  1  20  5 1 1 1
     291  1  20  6 1 1 1
     292  1  20  7 1 1 1
     293  1  20  8 1 1 1
     294  1  20  9 1 1 1
     295  1  20  10 1 1 1
     296  1  20  11 1 1 1
     297  1  20  12 1 1 1
     298  1  20  13 1 1 1
     299  1  20  14 1 1 1
     300  1  20  15 1 1 1
     301  1  21  1 1 1 1
     302  1  21  2 1 1 1
     303  1  21  3 1 1 1
     304  1  21  4 1 1 1
     305  1  21  5 1 1 1
     306  1  21  6 1 1 1
     307  1  21  7 1 1 1
     308  1  21  8 1 1 1
     309  1  21  9 1 1 1
     310  1  21  10 1 1 1
     311  1  21  11 1 1 1
     312  1  21  12 1 1 1
     313  1  21  13 1 1 1
     314  1  21  14 1 1 1
     315  1  21  15 1 1 1
     316  2  1  1 1 1 1
     317  2  1  2 1 1 1
     318  2  1  3 1 1 1
     319  2  1  4 1 1 1
     320  2  1  5 1 1 1
     321  2  1  6 1 1 1
     322  2  1  7 1 1 1
     323  2  1  8 1 1 1
     324  2  1  9 1 1 1
     325  2  1  10 1 1 1
     326  2  1  11 1 1 1
     327  2  1  12 1 1 1
     328  2  1  13 1 1 1
     329  2  1  14 1 1 1
     330  2  1  15 1 1 1
     331  2  2  1 1 1 1
     332  2  2  2 1 1 1
     333  2  2  3 1 1 1
     334  2  2  4 1 1 1
     335  2  2  5 1 1 1
     336  2  2  6 1 1 1
     337  2  2  7 1 1 1
     338  2  2  8 1 1 1
     339  2  2  9 1 1 1
     340  2  2  10 1 1 1
     341  2  2  11 1 1 1
     342  2  2  12 1 1 1
     343  2  2  13 1 1 1
     344  2  2  14 1 1 1
     345  2  2  15 1 1 1
     346  2  3  1 1 1 1
     347  2  3  2 1 1 1
     348  2  3  3 1 1 1
     349  2  3  4 1 1 1
     350  2  3  5 1 1 1
     351  2  3  6 1 1 1
     352  2  3  7 1 1 1
     353  2  3  8 1 1 1
     354  2  3  9 1 1 1
     355  2  3  10 1 1 1
     356  2  3  11 1 1 1
     357  2  3  12 1 1 1
     358  2  3  13 1 1 1
     359  2  3  14 1 1 1
     360  2  3  15 1 1 1
     361  2  4  1 1 1 1
     362  2  4  2 1 1 1
     363  2  4  3 1 1 1
     364  2  4  4 1 1 1
     365  2  4  5 1 1 1
     366  2  4  6 1 1 1
     367  2  4  7 1 1 1
     368  2  4  8 1 1 1
     369  2  4  9 1 1 1
     370  2  4  10 1 1 1
     371  2  4  11 1 1 1
     372  2  4  12 1 1 1
     373  2  4  13 1 1 1
     374  2  4  14 1 1 1
     375  2  4  15 1 1 1
     376  2  5  1 1 1 1
     377  2  5  2 1 1 1
     378  2  5  3 1 1 1
     379  2  5  4 1 1 1
     380  2  5  5 1 1 1
     381  2  5  6 1 1 1
     382  2  5  7 1 1 1
     383  2  5  8 1 1 1
     384  2  5  9 1 1 1
     385  2  5  10 1 1 1
     386  2  5  11 1 1 1
     387  2  5  12 1 1 1
     388  2  5  13 1 1 1
     389  2  5  14 1 1 1
     390  2  5  15 1 1 1
     391  2  6  1 1 1 1
     392  2  6  2 1 1 1
     393  2  6  3 1 1 1
     394  2  6  4 1 1 1
     395  2  6  5 1 1 1
     396  2  6  6 1 1 1
     397  2  6  7 1 1 1
     398  2  6  8 1 1 1
     399  2  6  9 1 1 1
     400  2  6  10 1 1 1
     401  2  6  11 1 1 1
     402  2  6  12 1 1 1
     403  2  6  13 1 1 1
     404  2  6  14 1 1 1
     405  2  6  15 1 1 1
     406  2  7  1 1 1 1
     407  2  7  2 1 1 1
     408  2  7  3 1 1 1
     409  2  7  4 1 1 1
     410  2  7  5 1 1 1
     411  2  7  6 1 1 1
     412  2  7  7 1 1 1
     413  2  7  8 1 1 1
     414  2  7  9 1 1 1
     415  2  7  10 1 1 1
     416  2  7  11 1 1 1
     417  2  7  12 1 1 1
     418  2  7  13 1 1 1
     419  2  7  14 1 1 1
     420  2  7  15 1 1 1
     421  2  8  1 1 1 1
     422  2  8  2 1 1 1
     423  2  8  3 1 1 1
     424  2  8  4 1 1 1
     425  2  8  5 1 1 1
     426  2  8  6 1 1 1
     427  2  8  7 1 1 1
     428  2  8  8 1 1 1
     429  2  8  9 1 1 1
     430  2  8  10 1 1 1
     431  2  8  11 1 1 1
     432  2  8  12 1 1 1
     433  2  8  13 1 1 1
     434  2  8  14 1 1 1
     435  2  8  15 1 1 1
     436  2  9  1 1 1 1
     437  2  9  2 1 1 1
     438  2  9  3 1 1 1
     439  2  9  4 1 1 1
     440  2  9  5 1 1 1
     441  2  9  6 1 1 1
     442  2  9  7 1 1 1
     443  2  9  8 1 1 1
     444  2  9  9 1 1 1
     445  2  9  10 1 1 1
     446  2  9  11 1 1 1
     447  2  9  12 1 1 1
     448  2  9  13 1 1 1
     449  2  9  14 1 1 1
     450  2  9  15 1 1 1
     451  2  10  1 1 1 1
     452  2  10  2 1 1 1
     453  2  10  3 1 1 1
     454  2  10  4 1 1 1
     455  2  10  5 1 1 1
     456  2  10  6 1 1 1
     457  2  10  7 1 1 1
     458  2  10  8 1 1 1
     459  2  10  9 1 1 1
     460  2  10  10 1 1 1
     461  2  10  11 1 1 1
     462  2  10  12 1 1 1
     463  2  10  13 1 1 1
     464  2  10  14 1 1 1
     465  2  10  15 1 1 1
     466  2  11  1 1 1 1
     467  2  11  2 1 1 1
     468  2  11  3 1 1 1
     469  2  11  4 1 1 1
     470  2  11  5 1 1 1
     471  2  11  6 1 1 1
     472  2  11  7 1 1 1
     473  2  11  8 1 1 1
     474  2  11  9 1 1 1
     475  2  11  10 1 1 1
     476  2  11  11 1 1 1
     477  2  11  12 1 1 1
     478  2  11  13 1 1 1
     479  2  11  14 1 1 1
     480  2  11  15 1 1 1
     481  2  12  1 1 1 1
     482  2  12  2 1 1 1
     483  2  12  3 1 1 1
     484  2  12  4 1 1 1
     485  2  12  5 1 1 1
     486  2  12  6 1 1 1
     487  2  12  7 1 1 1
     488  2  12  8 1 1 1
     489  2  12  9 1 1 1
     490  2  12  10 1 1 1
     491  2  12  11 1 1 1
     492  2  12  12 1 1 1
     493  2  12  13 1 1 1
     494  2  12  14 1 1 1
     495  2  12  15 1 1 1
     496  2  13  1 1 1 1
     497  2  13  2 1 1 1
     498  2  13  3 1 1 1
     499  2  13  4 1 1 1
     500  2  13  5 1 1 1
     501  2  13  6 1 1 1
     502  2  13  7 1 1 1
     503  2  13  8 1 1 1
     504  2  13  9 1 1 1
     505  2  13  10 1 1 1
     506  2  13  11 1 1 1
     507  2  13  12 1 1 1
     508  2  13  13 1 1 1
     509  2  13  14 1 1 1
     510  2  13  15 1 1 1
     511  2  14  1 1 1 1
     512  2  14  2 1 1 1
     513  2  14  3 1 1 1
     514  2  14  4 1 1 1
     515  2  14  5 1 1 1
     516  2  14  6 1 1 1
     517  2  14  7 1 1 1
     518  2  14  8 1 1 1
     519  2  14  9 1 1 1
     520  2  14  10 1 1 1
     521  2  14  11 1 1 1
     522  2  14  12 1 1 1
     523  2  14  13 1 1 1
     524  2  14  14 1 1 1
     525  2  14  15 1 1 1
     526  2  15  1 1 1 1
     527  2  15  2 1 1 1
     528  2  15  3 1 1 1
     529  2  15  4 1 1 1
     530  2  15  5 1 1 1
     531  2  15  6 1 1 1
     532  2  15  7 1 1 1
     533  2  15  8 1 1 1
     534  2  15  9 1 1 1
     535  2  15  10 1 1 1
     536  2  15  11 1 1 1
     537  2  15  12 1 1 1
     538  2  15  13 1 1 1
     539  2  15  14 1 1 1
     540  2  15  15 1 1 1
     541  2  16  1 1 1 1
     542  2  16  2 1 1 1
     543  2  16  3 1 1 1
     544  2  16  4 1 1 1
     545  2  16  5 1 1 1
     546  2  16  6 1 1 1
     547  2  16  7 1 1 1
     548  2  16  8 1 1 1
     549  2  16  9 1 1 1
     550  2  16  10 1 1 1
     551  2  16  11 1 1 1
     552  2  16  12 1 1 1
     553  2  16  13 1 1 1
     554  2  16  14 1 1 1
     555  2  16  15 1 1 1
     556  2  17  1 1 1 1
     557  2  17  2 1 1 1
     558  2  17  3 1 1 1
     559  2  17  4 1 1 1
     560  2  17  5 1 1 1
     561  2  17  6 1 1 1
     562  2  17  7 1 1 1
     563  2  17  8 1 1 1
     564  2  17  9 1 1 1
     565  2  17  10 1 1 1
     566  2  17  11 1 1 1
     567  2  17  12 1 1 1
     568  2  17  13 1 1 1
     569  2  17  14 1 1 1
     570  2  17  15 1 1 1
     571  2  18  1 1 1 1
     572  2  18  2 1 1 1
     573  2  18  3 1 1 1
     574  2  18  4 1 1 1
     575  2  18  5 1 1 1
     576  2  18  6 1 1 1
     577  2  18  7 1 1 1
     578  2  18  8 1 1 1
     579  2  18  9 1 1 1
     580  2  18  10 1 1 1
     581  2  18  11 1 1 1
     582  2  18  12 1 1 1
     583  2  18  13 1 1 1
     584  2  18  14 1 1 1
     585  2  18  15 1 1 1
     586  2  19  1 1 1 1
     587  2  19  2 1 1 1
     588  2  19  3 1 1 1
     589  2  19  4 1 1 1
     590  2  19  5 1 1 1
     591  2  19  6 1 1 1
     592  2  19  7 1 1 1
     593  2  19  8 1 1 1
     594  2  19  9 1 1 1
     595  2  19  10 1 1 1
     596  2  19  11 1 1 1
     597  2  19  12 1 1 1
     598  2  19  13 1 1 1
     599  2  19  14 1 1 1
     600  2  19  15 1 1 1
     601  2  20  1 1 1 1
     602  2  20  2 1 1 1
     603  2  20  3 1 1 1
     604  2  20  4 1 1 1
     605  2  20  5 1 1 1
     606  2  20  6 1 1 1
     607  2  20  7 1 1 1
     608  2  20  8 1 1 1
     609  2  20  9 1 1 1
     610  2  20  10 1 1 1
     611  2  20  11 1 1 1
     612  2  20  12 1 1 1
     613  2  20  13 1 1 1
     614  2  20  14 1 1 1
     615  2  20  15 1 1 1
     616  2  21  1 1 1 1
     617  2  21  2 1 1 1
     618  2  21  3 1 1 1
     619  2  21  4 1 1 1
     620  2  21  5 1 1 1
     621  2  21  6 1 1 1
     622  2  21  7 1 1 1
     623  2  21  8 1 1 1
     624  2  21  9 1 1 1
     625  2  21  10 1 1 1
     626  2  21  11 1 1 1
     627  2  21  12 1 1 1
     628  2  21  13 1 1 1
     629  2  21  14 1 1 1
     630  2  21  15 1 1 1
     631  3  1  1 1 1 1
     632  3  1  2 1 1 1
     633  3  1  3 1 1 1
     634  3  1  4 1 1 1
     635  3  1  5 1 1 1
     636  3  1  6 1 1 1
     637  3  1  7 1 1 1
     638  3  1  8 1 1 1
     639  3  1  9 1 1 1
     640  3  1  10 1 1 1
     641  3  1  11 1 1 1
     642  3  1  12 1 1 1
     643  3  1  13 1 1 1
     644  3  1  14 1 1 1
     645  3  1  15 1 1 1
     646  3  2  1 1 1 1
     647  3  2  2 1 1 1
     648  3  2  3 1 1 1
     649  3  2  4 1 1 1
     650  3  2  5 1 1 1
     651  3  2  6 1 1 1
     652  3  2  7 1 1 1
     653  3  2  8 1 1 1
     654  3  2  9 1 1 1
     655  3  2  10 1 1 1
     656  3  2  11 1 1 1
     657  3  2  12 1 1 1
     658  3  2  13 1 1 1
     659  3  2  14 1 1 1
     660  3  2  15 1 1 1
     661  3  3  1 1 1 1
     662  3  3  2 1 1 1
     663  3  3  3 1 1 1
     664  3  3  4 1 1 1
     665  3  3  5 1 1 1
     666  3  3  6 1 1 1
     667  3  3  7 1 1 1
     668  3  3  8 1 1 1
     669  3  3  9 1 1 1
     670  3  3  10 1 1 1
     671  3  3  11 1 1 1
     672  3  3  12 1 1 1
     673  3  3  13 1 1 1
     674  3  3  14 1 1 1
     675  3  3  15 1 1 1
     676  3  4  1 1 1 1
     677  3  4  2 1 1 1
     678  3  4  3 1 1 1
     679  3  4  4 1 1 1
     680  3  4  5 1 1 1
     681  3  4  6 1 1 1
     682  3  4  7 1 1 1
     683  3  4  8 1 1 1
     684  3  4  9 1 1 1
     685  3  4  10 1 1 1
     686  3  4  11 1 1 1
     687  3  4  12 1 1 1
     688  3  4  13 1 1 1
     689  3  4  14 1 1 1
     690  3  4  15 1 1 1
     691  3  5  1 1 1 1
     692  3  5  2 1 1 1
     693  3  5  3 1 1 1
     694  3  5  4 1 1 1
     695  3  5  5 1 1 1
     696  3  5  6 1 1 1
     697  3  5  7 1 1 1
     698  3  5  8 1 1 1
     699  3  5  9 1 1 1
     700  3  5  10 1 1 1
     701  3  5  11 1 1 1
     702  3  5  12 1 1 1
     703  3  5  13 1 1 1
     704  3  5  14 1 1 1
     705  3  5  15 1 1 1
     706  3  6  1 1 1 1
     707  3  6  2 1 1 1
     708  3  6  3 1 1 1
     709  3  6  4 1 1 1
     710  3  6  5 1 1 1
     711  3  6  6 1 1 1
     712  3  6  7 1 1 1
     713  3  6  8 1 1 1
     714  3  6  9 1 1 1
     715  3  6  10 1 1 1
     716  3  6  11 1 1 1
     717  3  6  12 1 1 1
     718  3  6  13 1 1 1
     719  3  6  14 1 1 1
     720  3  6  15 1 1 1
     721  3  7  1 1 1 1
     722  3  7  2 1 1 1
     723  3  7  3 1 1 1
     724  3  7  4 1 1 1
     725  3  7  5 1 1 1
     726  3  7  6 1 1 1
     727  3  7  7 1 1 1
     728  3  7  8 1 1 1
     729  3  7  9 1 1 1
     730  3  7  10 1 1 1
     731  3  7  11 1 1 1
     732  3  7  12 1 1 1
     733  3  7  13 1 1 1
     734  3  7  14 1 1 1
     735  3  7  15 1 1 1
     736  3  8  1 1 1 1
     737  3  8  2 1 1 1
     738  3  8  3 1 1 1
     739  3  8  4 1 1 1
     740  3  8  5 1 1 1
     741  3  8  6 1 1 1
     742  3  8  7 1 1 1
     743  3  8  8 1 1 1
     744  3  8  9 1 1 1
     745  3  8  10 1 1 1
     746  3  8  11 1 1 1
     747  3  8  12 1 1 1
     748  3  8  13 1 1 1
     749  3  8  14 1 1 1
     750  3  8  15 1 1 1
     751  3  9  1 1 1 1
     752  3  9  2 1 1 1
     753  3  9  3 1 1 1
     754  3  9  4 1 1 1
     755  3  9  5 1 1 1
     756  3  9  6 1 1 1
     757  3  9  7 1 1 1
     758  3  9  8 1 1 1
     759  3  9  9 1 1 1
     760  3  9  10 1 1 1
     761  3  9  11 1 1 1
     762  3  9  12 1 1 1
     763  3  9  13 1 1 1
     764  3  9  14 1 1 1
     765  3  9  15 1 1 1
     766  3  10  1 1 1 1
     767  3  10  2 1 1 1
     768  3  10  3 1 1 1
     769  3  10  4 1 1 1
     770  3  10  5 1 1 1
     771  3  10  6 1 1 1
     772  3  10  7 1 1 1
     773  3  10  8 1 1 1
     774  3  10  9 1 1 1
     775  3  10  10 1 1 1
     776  3  10  11 1 1 1
     777  3  10  12 1 1 1
     778  3  10  13 1 1 1
     779  3  10  14 1 1 1
     780  3  10  15 1 1 1
     781  3  11  1 1 1 1
     782  3  11  2 1 1 1
     783  3  11  3 1 1 1
     784  3  11  4 1 1 1
     785  3  11  5 1 1 1
     786  3  11  6 1 1 1
     787  3  11  7 1 1 1
     788  3  11  8 1 1 1
     789  3  11  9 1 1 1
     790  3  11  10 1 1 1
     791  3  11  11 1 1 1
     792  3  11  12 1 1 1
     793  3  11  13 1 1 1
     794  3  11  14 1 1 1
     795  3  11  15 1 1 1
     796  3  12  1 1 1 1
     797  3  12  2 1 1 1
     798  3  12  3 1 1 1
     799  3  12  4 1 1 1
     800  3  12  5 1 1 1
     801  3  12  6 1 1 1
     802  3  12  7 1 1 1
     803  3  12  8 1 1 1
     804  3  12  9 1 1 1
     805  3  12  10 1 1 1
     806  3  12  11 1 1 1
     807  3  12  12 1 1 1
     808  3  12  13 1 1 1
     809  3  12  14 1 1 1
     810  3  12  15 1 1 1
     811  3  13  1 1 1 1
     812  3  13  2 1 1 1
     813  3  13  3 1 1 1
     814  3  13  4 1 1 1
     815  3  13  5 1 1 1
     816  3  13  6 1 1 1
     817  3  13  7 1 1 1
     818  3  13  8 1 1 1
     819  3  13  9 1 1 1
     820  3  13  10 1 1 1
     821  3  13  11 1 1 1
     822  3  13  12 1 1 1
     823  3  13  13 1 1 1
     824  3  13  14 1 1 1
     825  3  13  15 1 1 1
     826  3  14  1 1 1 1
     827  3  14  2 1 1 1
     828  3  14  3 1 1 1
     829  3  14  4 1 1 1
     830  3  14  5 1 1 1
     831  3  14  6 1 1 1
     832  3  14  7 1 1 1
     833  3  14  8 1 1 1
     834  3  14  9 1 1 1
     835  3  14  10 1 1 1
     836  3  14  11 1 1 1
     837  3  14  12 1 1 1
     838  3  14  13 1 1 1
     839  3  14  14 1 1 1
     840  3  14  15 1 1 1
     841  3  15  1 1 1 1
     842  3  15  2 1 1 1
     843  3  15  3 1 1 1
     844  3  15  4 1 1 1
     845  3  15  5 1 1 1
     846  3  15  6 1 1 1
     847  3  15  7 1 1 1
     848  3  15  8 1 1 1
     849  3  15  9 1 1 1
     850  3  15  10 1 1 1
     851  3  15  11 1 1 1
     852  3  15  12 1 1 1
     853  3  15  13 1 1 1
     854  3  15  14 1 1 1
     855  3  15  15 1 1 1
     856  3  16  1 1 1 1
     857  3  16  2 1 1 1
     858  3  16  3 1 1 1
     859  3  16  4 1 1 1
     860  3  16  5 1 1 1
     861  3  16  6 1 1 1
     862  3  16  7 1 1 1
     863  3  16  8 1 1 1
     864  3  16  9 1 1 1
     865  3  16  10 1 1 1
     866  3  16  11 1 1 1
     867  3  16  12 1 1 1
     868  3  16  13 1 1 1
     869  3  16  14 1 1 1
     870  3  16  15 1 1 1
     871  3  17  1 1 1 1
     872  3  17  2 1 1 1
     873  3  17  3 1 1 1
     874  3  17  4 1 1 1
     875  3  17  5 1 1 1
     876  3  17  6 1 1 1
     877  3  17  7 1 1 1
     878  3  17  8 1 1 1
     879  3  17  9 1 1 1
     880  3  17  10 1 1 1
     881  3  17  11 1 1 1
     882  3  17  12 1 1 1
     883  3  17  13 1 1 1
     884  3  17  14 1 1 1
     885  3  17  15 1 1 1
     886  3  18  1 1 1 1
     887  3  18  2 1 1 1
     888  3  18  3 1 1 1
     889  3  18  4 1 1 1
     890  3  18  5 1 1 1
     891  3  18  6 1 1 1
     892  3  18  7 1 1 1
     893  3  18  8 1 1 1
     894  3  18  9 1 1 1
     895  3  18  10 1 1 1
     896  3  18  11 1 1 1
     897  3  18  12 1 1 1
     898  3  18  13 1 1 1
     899  3  18  14 1 1 1
     900  3  18  15 1 1 1
     901  3  19  1 1 1 1
     902  3  19  2 1 1 1
     903  3  19  3 1 1 1
     904  3  19  4 1 1 1
     905  3  19  5 1 1 1
     906  3  19  6 1 1 1
     907  3  19  7 1 1 1
     908  3  19  8 1 1 1
     909  3  19  9 1 1 1
     910  3  19  10 1 1 1
     911  3  19  11 1 1 1
     912  3  19  12 1 1 1
     913  3  19  13 1 1 1
     914  3  19  14 1 1 1
     915  3  19  15 1 1 1
     916  3  20  1 1 1 1
     917  3  20  2 1 1 1
     918  3  20  3 1 1 1
     919  3  20  4 1 1 1
     920  3  20  5 1 1 1
     921  3  20  6 1 1 1
     922  3  20  7 1 1 1
     923  3  20  8 1 1 1
     924  3  20  9 1 1 1
     925  3  20  10 1 1 1
     926  3  20  11 1 1 1
     927  3  20  12 1 1 1
     928  3  20  13 1 1 1
     929  3  20  14 1 1 1
     930  3  20  15 1 1 1
     931  3  21  1 1 1 1
     932  3  21  2 1 1 1
     933  3  21  3 1 1 1
     934  3  21  4 1 1 1
     935  3  21  5 1 1 1
     936  3  21  6 1 1 1
     937  3  21  7 1 1 1
     938  3  21  8 1 1 1
     939  3  21  9 1 1 1
     940  3  21  10 1 1 1
     941  3  21  11 1 1 1
     942  3  21  12 1 1 1
     943  3  21  13 1 1 1
     944  3  21  14 1 1 1
     945  3  21  15 1 1 1
     946  4  1  1 1 1 1
     947  4  1  2 1 1 1
     948  4  1  3 1 1 1
     949  4  1  4 1 1 1
     950  4  1  5 1 1 1
     951  4  1  6 1 1 1
     952  4  1  7 1 1 1
     953  4  1  8 1 1 1
     954  4  1  9 1 1 1
     955  4  1  10 1 1 1
     956  4  1  11 1 1 1
     957  4  1  12 1 1 1
     958  4  1  13 1 1 1
     959  4  1  14 1 1 1
     960  4  1  15 1 1 1
     961  4  2  1 1 1 1
     962  4  2  2 1 1 1
     963  4  2  3 1 1 1
     964  4  2  4 1 1 1
     965  4  2  5 1 1 1
     966  4  2  6 1 1 1
     967  4  2  7 1 1 1
     968  4  2  8 1 1 1
     969  4  2  9 1 1 1
     970  4  2  10 1 1 1
     971  4  2  11 1 1 1
     972  4  2  12 1 1 1
     973  4  2  13 1 1 1
     974  4  2  14 1 1 1
     975  4  2  15 1 1 1
     976  4  3  1 1 1 1
     977  4  3  2 1 1 1
     978  4  3  3 1 1 1
     979  4  3  4 1 1 1
     980  4  3  5 1 1 1
     981  4  3  6 1 1 1
     982  4  3  7 1 1 1
     983  4  3  8 1 1 1
     984  4  3  9 1 1 1
     985  4  3  10 1 1 1
     986  4  3  11 1 1 1
     987  4  3  12 1 1 1
     988  4  3  13 1 1 1
     989  4  3  14 1 1 1
     990  4  3  15 1 1 1
     991  4  4  1 1 1 1
     992  4  4  2 1 1 1
     993  4  4  3 1 1 1
     994  4  4  4 1 1 1
     995  4  4  5 1 1 1
     996  4  4  6 1 1 1
     997  4  4  7 1 1 1
     998  4  4  8 1 1 1
     999  4  4  9 1 1 1
     1000  4  4  10 1 1 1
     1001  4  4  11 1 1 1
     1002  4  4  12 1 1 1
     1003  4  4  13 1 1 1
     1004  4  4  14 1 1 1
     1005  4  4  15 1 1 1
     1006  4  5  1 1 1 1
     1007  4  5  2 1 1 1
     1008  4  5  3 1 1 1
     1009  4  5  4 1 1 1
     1010  4  5  5 1 1 1
     1011  4  5  6 1 1 1
     1012  4  5  7 1 1 1
     1013  4  5  8 1 1 1
     1014  4  5  9 1 1 1
     1015  4  5  10 1 1 1
     1016  4  5  11 1 1 1
     1017  4  5  12 1 1 1
     1018  4  5  13 1 1 1
     1019  4  5  14 1 1 1
     1020  4  5  15 1 1 1
     1021  4  6  1 1 1 1
     1022  4  6  2 1 1 1
     1023  4  6  3 1 1 1
     1024  4  6  4 1 1 1
     1025  4  6  5 1 1 1
     1026  4  6  6 1 1 1
     1027  4  6  7 1 1 1
     1028  4  6  8 1 1 1
     1029  4  6  9 1 1 1
     1030  4  6  10 1 1 1
     1031  4  6  11 1 1 1
     1032  4  6  12 1 1 1
     1033  4  6  13 1 1 1
     1034  4  6  14 1 1 1
     1035  4  6  15 1 1 1
     1036  4  7  1 1 1 1
     1037  4  7  2 1 1 1
     1038  4  7  3 1 1 1
     1039  4  7  4 1 1 1
     1040  4  7  5 1 1 1
     1041  4  7  6 1 1 1
     1042  4  7  7 1 1 1
     1043  4  7  8 1 1 1
     1044  4  7  9 1 1 1
     1045  4  7  10 1 1 1
     1046  4  7  11 1 1 1
     1047  4  7  12 1 1 1
     1048  4  7  13 1 1 1
     1049  4  7  14 1 1 1
     1050  4  7  15 1 1 1
     1051  4  8  1 1 1 1
     1052  4  8  2 1 1 1
     1053  4  8  3 1 1 1
     1054  4  8  4 1 1 1
     1055  4  8  5 1 1 1
     1056  4  8  6 1 1 1
     1057  4  8  7 1 1 1
     1058  4  8  8 1 1 1
     1059  4  8  9 1 1 1
     1060  4  8  10 1 1 1
     1061  4  8  11 1 1 1
     1062  4  8  12 1 1 1
     1063  4  8  13 1 1 1
     1064  4  8  14 1 1 1
     1065  4  8  15 1 1 1
     1066  4  9  1 1 1 1
     1067  4  9  2 1 1 1
     1068  4  9  3 1 1 1
     1069  4  9  4 1 1 1
     1070  4  9  5 1 1 1
     1071  4  9  6 1 1 1
     1072  4  9  7 1 1 1
     1073  4  9  8 1 1 1
     1074  4  9  9 1 1 1
     1075  4  9  10 1 1 1
     1076  4  9  11 1 1 1
     1077  4  9  12 1 1 1
     1078  4  9  13 1 1 1
     1079  4  9  14 1 1 1
     1080  4  9  15 1 1 1
     1081  4  10  1 1 1 1
     1082  4  10  2 1 1 1
     1083  4  10  3 1 1 1
     1084  4  10  4 1 1 1
     1085  4  10  5 1 1 1
     1086  4  10  6 1 1 1
     1087  4  10  7 1 1 1
     1088  4  10  8 1 1 1
     1089  4  10  9 1 1 1
     1090  4  10  10 1 1 1
     1091  4  10  11 1 1 1
     1092  4  10  12 1 1 1
     1093  4  10  13 1 1 1
     1094  4  10  14 1 1 1
     1095  4  10  15 1 1 1
     1096  4  11  1 1 1 1
     1097  4  11  2 1 1 1
     1098  4  11  3 1 1 1
     1099  4  11  4 1 1 1
     1100  4  11  5 1 1 1
     1101  4  11  6 1 1 1
     1102  4  11  7 1 1 1
     1103  4  11  8 1 1 1
     1104  4  11  9 1 1 1
     1105  4  11  10 1 1 1
     1106  4  11  11 1 1 1
     1107  4  11  12 1 1 1
     1108  4  11  13 1 1 1
     1109  4  11  14 1 1 1
     1110  4  11  15 1 1 1
     1111  4  12  1 1 1 1
     1112  4  12  2 1 1 1
     1113  4  12  3 1 1 1
     1114  4  12  4 1 1 1
     1115  4  12  5 1 1 1
     1116  4  12  6 1 1 1
     1117  4  12  7 1 1 1
     1118  4  12  8 1 1 1
     1119  4  12  9 1 1 1
     1120  4  12  10 1 1 1
     1121  4  12  11 1 1 1
     1122  4  12  12 1 1 1
     1123  4  12  13 1 1 1
     1124  4  12  14 1 1 1
     1125  4  12  15 1 1 1
     1126  4  13  1 1 1 1
     1127  4  13  2 1 1 1
     1128  4  13  3 1 1 1
     1129  4  13  4 1 1 1
     1130  4  13  5 1 1 1
     1131  4  13  6 1 1 1
     1132  4  13  7 1 1 1
     1133  4  13  8 1 1 1
     1134  4  13  9 1 1 1
     1135  4  13  10 1 1 1
     1136  4  13  11 1 1 1
     1137  4  13  12 1 1 1
     1138  4  13  13 1 1 1
     1139  4  13  14 1 1 1
     1140  4  13  15 1 1 1
     1141  4  14  1 1 1 1
     1142  4  14  2 1 1 1
     1143  4  14  3 1 1 1
     1144  4  14  4 1 1 1
     1145  4  14  5 1 1 1
     1146  4  14  6 1 1 1
     1147  4  14  7 1 1 1
     1148  4  14  8 1 1 1
     1149  4  14  9 1 1 1
     1150  4  14  10 1 1 1
     1151  4  14  11 1 1 1
     1152  4  14  12 1 1 1
     1153  4  14  13 1 1 1
     1154  4  14  14 1 1 1
     1155  4  14  15 1 1 1
     1156  4  15  1 1 1 1
     1157  4  15  2 1 1 1
     1158  4  15  3 1 1 1
     1159  4  15  4 1 1 1
     1160  4  15  5 1 1 1
     1161  4  15  6 1 1 1
     1162  4  15  7 1 1 1
     1163  4  15  8 1 1 1
     1164  4  15  9 1 1 1
     1165  4  15  10 1 1 1
     1166  4  15  11 1 1 1
     1167  4  15  12 1 1 1
     1168  4  15  13 1 1 1
     1169  4  15  14 1 1 1
     1170  4  15  15 1 1 1
     1171  4  16  1 1 1 1
     1172  4  16  2 1 1 1
     1173  4  16  3 1 1 1
     1174  4  16  4 1 1 1
     1175  4  16  5 1 1 1
     1176  4  16  6 1 1 1
     1177  4  16  7 1 1 1
     1178  4  16  8 1 1 1
     1179  4  16  9 1 1 1
     1180  4  16  10 1 1 1
     1181  4  16  11 1 1 1
     1182  4  16  12 1 1 1
     1183  4  16  13 1 1 1
     1184  4  16  14 1 1 1
     1185  4  16  15 1 1 1
     1186  4  17  1 1 1 1
     1187  4  17  2 1 1 1
     1188  4  17  3 1 1 1
     1189  4  17  4 1 1 1
     1190  4  17  5 1 1 1
     1191  4  17  6 1 1 1
     1192  4  17  7 1 1 1
     1193  4  17  8 1 1 1
     1194  4  17  9 1 1 1
     1195  4  17  10 1 1 1
     1196  4  17  11 1 1 1
     1197  4  17  12 1 1 1
     1198  4  17  13 1 1 1
     1199  4  17  14 1 1 1
     1200  4  17  15 1 1 1
     1201  4  18  1 1 1 1
     1202  4  18  2 1 1 1
     1203  4  18  3 1 1 1
     1204  4  18  4 1 1 1
     1205  4  18  5 1 1 1
     1206  4  18  6 1 1 1
     1207  4  18  7 1 1 1
     1208  4  18  8 1 1 1
     1209  4  18  9 1 1 1
     1210  4  18  10 1 1 1
     1211  4  18  11 1 1 1
     1212  4  18  12 1 1 1
     1213  4  18  13 1 1 1
     1214  4  18  14 1 1 1
     1215  4  18  15 1 1 1
     1216  4  19  1 1 1 1
     1217  4  19  2 1 1 1
     1218  4  19  3 1 1 1
     1219  4  19  4 1 1 1
     1220  4  19  5 1 1 1
     1221  4  19  6 1 1 1
     1222  4  19  7 1 1 1
     1223  4  19  8 1 1 1
     1224  4  19  9 1 1 1
     1225  4  19  10 1 1 1
     1226  4  19  11 1 1 1
     1227  4  19  12 1 1 1
     1228  4  19  13 1 1 1
     1229  4  19  14 1 1 1
     1230  4  19  15 1 1 1
     1231  4  20  1 1 1 1
     1232  4  20  2 1 1 1
     1233  4  20  3 1 1 1
     1234  4  20  4 1 1 1
     1235  4  20  5 1 1 1
     1236  4  20  6 1 1 1
     1237  4  20  7 1 1 1
     1238  4  20  8 1 1 1
     1239  4  20  9 1 1 1
     1240  4  20  10 1 1 1
     1241  4  20  11 1 1 1
     1242  4  20  12 1 1 1
     1243  4  20  13 1 1 1
     1244  4  20  14 1 1 1
     1245  4  20  15 1 1 1
     1246  4  21  1 1 1 1
     1247  4  21  2 1 1 1
     1248  4  21  3 1 1 1
     1249  4  21  4 1 1 1
     1250  4  21  5 1 1 1
     1251  4  21  6 1 1 1
     1252  4  21  7 1 1 1
     1253  4  21  8 1 1 1
     1254  4  21  9 1 1 1
     1255  4  21  10 1 1 1
     1256  4  21  11 1 1 1
     1257  4  21  12 1 1 1
     1258  4  21  13 1 1 1
     1259  4  21  14 1 1 1
     1260  4  21  15 1 1 1
     1261  5  1  1 1 1 1
     1262  5  1  2 1 1 1
     1263  5  1  3 1 1 1
     1264  5  1  4 1 1 1
     1265  5  1  5 1 1 1
     1266  5  1  6 1 1 1
     1267  5  1  7 1 1 1
     1268  5  1  8 1 1 1
     1269  5  1  9 1 1 1
     1270  5  1  10 1 1 1
     1271  5  1  11 1 1 1
     1272  5  1  12 1 1 1
     1273  5  1  13 1 1 1
     1274  5  1  14 1 1 1
     1275  5  1  15 1 1 1
     1276  5  2  1 1 1 1
     1277  5  2  2 1 1 1
     1278  5  2  3 1 1 1
     1279  5  2  4 1 1 1
     1280  5  2  5 1 1 1
     1281  5  2  6 1 1 1
     1282  5  2  7 1 1 1
     1283  5  2  8 1 1 1
     1284  5  2  9 1 1 1
     1285  5  2  10 1 1 1
     1286  5  2  11 1 1 1
     1287  5  2  12 1 1 1
     1288  5  2  13 1 1 1
     1289  5  2  14 1 1 1
     1290  5  2  15 1 1 1
     1291  5  3  1 1 1 1
     1292  5  3  2 1 1 1
     1293  5  3  3 1 1 1
     1294  5  3  4 1 1 1
     1295  5  3  5 1 1 1
     1296  5  3  6 1 1 1
     1297  5  3  7 1 1 1
     1298  5  3  8 1 1 1
     1299  5  3  9 1 1 1
     1300  5  3  10 1 1 1
     1301  5  3  11 1 1 1
     1302  5  3  12 1 1 1
     1303  5  3  13 1 1 1
     1304  5  3  14 1 1 1
     1305  5  3  15 1 1 1
     1306  5  4  1 1 1 1
     1307  5  4  2 1 1 1
     1308  5  4  3 1 1 1
     1309  5  4  4 1 1 1
     1310  5  4  5 1 1 1
     1311  5  4  6 1 1 1
     1312  5  4  7 1 1 1
     1313  5  4  8 1 1 1
     1314  5  4  9 1 1 1
     1315  5  4  10 1 1 1
     1316  5  4  11 1 1 1
     1317  5  4  12 1 1 1
     1318  5  4  13 1 1 1
     1319  5  4  14 1 1 1
     1320  5  4  15 1 1 1
     1321  5  5  1 1 1 1
     1322  5  5  2 1 1 1
     1323  5  5  3 1 1 1
     1324  5  5  4 1 1 1
     1325  5  5  5 1 1 1
     1326  5  5  6 1 1 1
     1327  5  5  7 1 1 1
     1328  5  5  8 1 1 1
     1329  5  5  9 1 1 1
     1330  5  5  10 1 1 1
     1331  5  5  11 1 1 1
     1332  5  5  12 1 1 1
     1333  5  5  13 1 1 1
     1334  5  5  14 1 1 1
     1335  5  5  15 1 1 1
     1336  5  6  1 1 1 1
     1337  5  6  2 1 1 1
     1338  5  6  3 1 1 1
     1339  5  6  4 1 1 1
     1340  5  6  5 1 1 1
     1341  5  6  6 1 1 1
     1342  5  6  7 1 1 1
     1343  5  6  8 1 1 1
     1344  5  6  9 1 1 1
     1345  5  6  10 1 1 1
     1346  5  6  11 1 1 1
     1347  5  6  12 1 1 1
     1348  5  6  13 1 1 1
     1349  5  6  14 1 1 1
     1350  5  6  15 1 1 1
     1351  5  7  1 1 1 1
     1352  5  7  2 1 1 1
     1353  5  7  3 1 1 1
     1354  5  7  4 1 1 1
     1355  5  7  5 1 1 1
     1356  5  7  6 1 1 1
     1357  5  7  7 1 1 1
     1358  5  7  8 1 1 1
     1359  5  7  9 1 1 1
     1360  5  7  10 1 1 1
     1361  5  7  11 1 1 1
     1362  5  7  12 1 1 1
     1363  5  7  13 1 1 1
     1364  5  7  14 1 1 1
     1365  5  7  15 1 1 1
     1366  5  8  1 1 1 1
     1367  5  8  2 1 1 1
     1368  5  8  3 1 1 1
     1369  5  8  4 1 1 1
     1370  5  8  5 1 1 1
     1371  5  8  6 1 1 1
     1372  5  8  7 1 1 1
     1373  5  8  8 1 1 1
     1374  5  8  9 1 1 1
     1375  5  8  10 1 1 1
     1376  5  8  11 1 1 1
     1377  5  8  12 1 1 1
     1378  5  8  13 1 1 1
     1379  5  8  14 1 1 1
     1380  5  8  15 1 1 1
     1381  5  9  1 1 1 1
     1382  5  9  2 1 1 1
     1383  5  9  3 1 1 1
     1384  5  9  4 1 1 1
     1385  5  9  5 1 1 1
     1386  5  9  6 1 1 1
     1387  5  9  7 1 1 1
     1388  5  9  8 1 1 1
     1389  5  9  9 1 1 1
     1390  5  9  10 1 1 1
     1391  5  9  11 1 1 1
     1392  5  9  12 1 1 1
     1393  5  9  13 1 1 1
     1394  5  9  14 1 1 1
     1395  5  9  15 1 1 1
     1396  5  10  1 1 1 1
     1397  5  10  2 1 1 1
     1398  5  10  3 1 1 1
     1399  5  10  4 1 1 1
     1400  5  10  5 1 1 1
     1401  5  10  6 1 1 1
     1402  5  10  7 1 1 1
     1403  5  10  8 1 1 1
     1404  5  10  9 1 1 1
     1405  5  10  10 1 1 1
     1406  5  10  11 1 1 1
     1407  5  10  12 1 1 1
     1408  5  10  13 1 1 1
     1409  5  10  14 1 1 1
     1410  5  10  15 1 1 1
     1411  5  11  1 1 1 1
     1412  5  11  2 1 1 1
     1413  5  11  3 1 1 1
     1414  5  11  4 1 1 1
     1415  5  11  5 1 1 1
     1416  5  11  6 1 1 1
     1417  5  11  7 1 1 1
     1418  5  11  8 1 1 1
     1419  5  11  9 1 1 1
     1420  5  11  10 1 1 1
     1421  5  11  11 1 1 1
     1422  5  11  12 1 1 1
     1423  5  11  13 1 1 1
     1424  5  11  14 1 1 1
     1425  5  11  15 1 1 1
     1426  5  12  1 1 1 1
     1427  5  12  2 1 1 1
     1428  5  12  3 1 1 1
     1429  5  12  4 1 1 1
     1430  5  12  5 1 1 1
     1431  5  12  6 1 1 1
     1432  5  12  7 1 1 1
     1433  5  12  8 1 1 1
     1434  5  12  9 1 1 1
     1435  5  12  10 1 1 1
     1436  5  12  11 1 1 1
     1437  5  12  12 1 1 1
     1438  5  12  13 1 1 1
     1439  5  12  14 1 1 1
     1440  5  12  15 1 1 1
     1441  5  13  1 1 1 1
     1442  5  13  2 1 1 1
     1443  5  13  3 1 1 1
     1444  5  13  4 1 1 1
     1445  5  13  5 1 1 1
     1446  5  13  6 1 1 1
     1447  5  13  7 1 1 1
     1448  5  13  8 1 1 1
     1449  5  13  9 1 1 1
     1450  5  13  10 1 1 1
     1451  5  13  11 1 1 1
     1452  5  13  12 1 1 1
     1453  5  13  13 1 1 1
     1454  5  13  14 1 1 1
     1455  5  13  15 1 1 1
     1456  5  14  1 1 1 1
     1457  5  14  2 1 1 1
     1458  5  14  3 1 1 1
     1459  5  14  4 1 1 1
     1460  5  14  5 1 1 1
     1461  5  14  6 1 1 1
     1462  5  14  7 1 1 1
     1463  5  14  8 1 1 1
     1464  5  14  9 1 1 1
     1465  5  14  10 1 1 1
     1466  5  14  11 1 1 1
     1467  5  14  12 1 1 1
     1468  5  14  13 1 1 1
     1469  5  14  14 1 1 1
     1470  5  14  15 1 1 1
     1471  5  15  1 1 1 1
     1472  5  15  2 1 1 1
     1473  5  15  3 1 1 1
     1474  5  15  4 1 1 1
     1475  5  15  5 1 1 1
     1476  5  15  6 1 1 1
     1477  5  15  7 1 1 1
     1478  5  15  8 1 1 1
     1479  5  15  9 1 1 1
     1480  5  15  10 1 1 1
     1481  5  15  11 1 1 1
     1482  5  15  12 1 1 1
     1483  5  15  13 1 1 1
     1484  5  15  14 1 1 1
     1485  5  15  15 1 1 1
     1486  5  16  1 1 1 1
     1487  5  16  2 1 1 1
     1488  5  16  3 1 1 1
     1489  5  16  4 1 1 1
     1490  5  16  5 1 1 1
     1491  5  16  6 1 1 1
     1492  5  16  7 1 1 1
     1493  5  16  8 1 1 1
     1494  5  16  9 1 1 1
     1495  5  16  10 1 1 1
     1496  5  16  11 1 1 1
     1497  5  16  12 1 1 1
     1498  5  16  13 1 1 1
     1499  5  16  14 1 1 1
     1500  5  16  15 1 1 1
     1501  5  17  1 1 1 1
     1502  5  17  2 1 1 1
     1503  5  17  3 1 1 1
     1504  5  17  4 1 1 1
     1505  5  17  5 1 1 1
     1506  5  17  6 1 1 1
     1507  5  17  7 1 1 1
     1508  5  17  8 1 1 1
     1509  5  17  9 1 1 1
     1510  5  17  10 1 1 1
     1511  5  17  11 1 1 1
     1512  5  17  12 1 1 1
     1513  5  17  13 1 1 1
     1514  5  17  14 1 1 1
     1515  5  17  15 1 1 1
     1516  5  18  1 1 1 1
     1517  5  18  2 1 1 1
     1518  5  18  3 1 1 1
     1519  5  18  4 1 1 1
     1520  5  18  5 1 1 1
     1521  5  18  6 1 1 1
     1522  5  18  7 1 1 1
     1523  5  18  8 1 1 1
     1524  5  18  9 1 1 1
     1525  5  18  10 1 1 1
     1526  5  18  11 1 1 1
     1527  5  18  12 1 1 1
     1528  5  18  13 1 1 1
     1529  5  18  14 1 1 1
     1530  5  18  15 1 1 1
     1531  5  19  1 1 1 1
     1532  5  19  2 1 1 1
     1533  5  19  3 1 1 1
     1534  5  19  4 1 1 1
     1535  5  19  5 1 1 1
     1536  5  19  6 1 1 1
     1537  5  19  7 1 1 1
     1538  5  19  8 1 1 1
     1539  5  19  9 1 1 1
     1540  5  19  10 1 1 1
     1541  5  19  11 1 1 1
     1542  5  19  12 1 1 1
     1543  5  19  13 1 1 1
     1544  5  19  14 1 1 1
     1545  5  19  15 1 1 1
     1546  5  20  1 1 1 1
     1547  5  20  2 1 1 1
     1548  5  20  3 1 1 1
     1549  5  20  4 1 1 1
     1550  5  20  5 1 1 1
     1551  5  20  6 1 1 1
     1552  5  20  7 1 1 1
     1553  5  20  8 1 1 1
     1554  5  20  9 1 1 1
     1555  5  20  10 1 1 1
     1556  5  20  11 1 1 1
     1557  5  20  12 1 1 1
     1558  5  20  13 1 1 1
     1559  5  20  14 1 1 1
     1560  5  20  15 1 1 1
     1561  5  21  1 1 1 1
     1562  5  21  2 1 1 1
     1563  5  21  3 1 1 1
     1564  5  21  4 1 1 1
     1565  5  21  5 1 1 1
     1566  5  21  6 1 1 1
     1567  5  21  7 1 1 1
     1568  5  21  8 1 1 1
     1569  5  21  9 1 1 1
     1570  5  21  10 1 1 1
     1571  5  21  11 1 1 1
     1572  5  21  12 1 1 1
     1573  5  21  13 1 1 1
     1574  5  21  14 1 1 1
     1575  5  21  15 1 1 1
     1576  6  1  1 1 1 1
     1577  6  1  2 1 1 1
     1578  6  1  3 1 1 1
     1579  6  1  4 1 1 1
     1580  6  1  5 1 1 1
     1581  6  1  6 1 1 1
     1582  6  1  7 1 1 1
     1583  6  1  8 1 1 1
     1584  6  1  9 1 1 1
     1585  6  1  10 1 1 1
     1586  6  1  11 1 1 1
     1587  6  1  12 1 1 1
     1588  6  1  13 1 1 1
     1589  6  1  14 1 1 1
     1590  6  1  15 1 1 1
     1591  6  2  1 1 1 1
     1592  6  2  2 1 1 1
     1593  6  2  3 1 1 1
     1594  6  2  4 1 1 1
     1595  6  2  5 1 1 1
     1596  6  2  6 1 1 1
     1597  6  2  7 1 1 1
     1598  6  2  8 1 1 1
     1599  6  2  9 1 1 1
     1600  6  2  10 1 1 1
     1601  6  2  11 1 1 1
     1602  6  2  12 1 1 1
     1603  6  2  13 1 1 1
     1604  6  2  14 1 1 1
     1605  6  2  15 1 1 1
     1606  6  3  1 1 1 1
     1607  6  3  2 1 1 1
     1608  6  3  3 1 1 1
     1609  6  3  4 1 1 1
     1610  6  3  5 1 1 1
     1611  6  3  6 1 1 1
     1612  6  3  7 1 1 1
     1613  6  3  8 1 1 1
     1614  6  3  9 1 1 1
     1615  6  3  10 1 1 1
     1616  6  3  11 1 1 1
     1617  6  3  12 1 1 1
     1618  6  3  13 1 1 1
     1619  6  3  14 1 1 1
     1620  6  3  15 1 1 1
     1621  6  4  1 1 1 1
     1622  6  4  2 1 1 1
     1623  6  4  3 1 1 1
     1624  6  4  4 1 1 1
     1625  6  4  5 1 1 1
     1626  6  4  6 1 1 1
     1627  6  4  7 1 1 1
     1628  6  4  8 1 1 1
     1629  6  4  9 1 1 1
     1630  6  4  10 1 1 1
     1631  6  4  11 1 1 1
     1632  6  4  12 1 1 1
     1633  6  4  13 1 1 1
     1634  6  4  14 1 1 1
     1635  6  4  15 1 1 1
     1636  6  5  1 1 1 1
     1637  6  5  2 1 1 1
     1638  6  5  3 1 1 1
     1639  6  5  4 1 1 1
     1640  6  5  5 1 1 1
     1641  6  5  6 1 1 1
     1642  6  5  7 1 1 1
     1643  6  5  8 1 1 1
     1644  6  5  9 1 1 1
     1645  6  5  10 1 1 1
     1646  6  5  11 1 1 1
     1647  6  5  12 1 1 1
     1648  6  5  13 1 1 1
     1649  6  5  14 1 1 1
     1650  6  5  15 1 1 1
     1651  6  6  1 1 1 1
     1652  6  6  2 1 1 1
     1653  6  6  3 1 1 1
     1654  6  6  4 1 1 1
     1655  6  6  5 1 1 1
     1656  6  6  6 1 1 1
     1657  6  6  7 1 1 1
     1658  6  6  8 1 1 1
     1659  6  6  9 1 1 1
     1660  6  6  10 1 1 1
     1661  6  6  11 1 1 1
     1662  6  6  12 1 1 1
     1663  6  6  13 1 1 1
     1664  6  6  14 1 1 1
     1665  6  6  15 1 1 1
     1666  6  7  1 1 1 1
     1667  6  7  2 1 1 1
     1668  6  7  3 1 1 1
     1669  6  7  4 1 1 1
     1670  6  7  5 1 1 1
     1671  6  7  6 1 1 1
     1672  6  7  7 1 1 1
     1673  6  7  8 1 1 1
     1674  6  7  9 1 1 1
     1675  6  7  10 1 1 1
     1676  6  7  11 1 1 1
     1677  6  7  12 1 1 1
     1678  6  7  13 1 1 1
     1679  6  7  14 1 1 1
     1680  6  7  15 1 1 1
     1681  6  8  1 1 1 1
     1682  6  8  2 1 1 1
     1683  6  8  3 1 1 1
     1684  6  8  4 1 1 1
     1685  6  8  5 1 1 1
     1686  6  8  6 1 1 1
     1687  6  8  7 1 1 1
     1688  6  8  8 1 1 1
     1689  6  8  9 1 1 1
     1690  6  8  10 1 1 1
     1691  6  8  11 1 1 1
     1692  6  8  12 1 1 1
     1693  6  8  13 1 1 1
     1694  6  8  14 1 1 1
     1695  6  8  15 1 1 1
     1696  6  9  1 1 1 1
     1697  6  9  2 1 1 1
     1698  6  9  3 1 1 1
     1699  6  9  4 1 1 1
     1700  6  9  5 1 1 1
     1701  6  9  6 1 1 1
     1702  6  9  7 1 1 1
     1703  6  9  8 1 1 1
     1704  6  9  9 1 1 1
     1705  6  9  10 1 1 1
     1706  6  9  11 1 1 1
     1707  6  9  12 1 1 1
     1708  6  9  13 1 1 1
     1709  6  9  14 1 1 1
     1710  6  9  15 1 1 1
     1711  6  10  1 1 1 1
     1712  6  10  2 1 1 1
     1713  6  10  3 1 1 1
     1714  6  10  4 1 1 1
     1715  6  10  5 1 1 1
     1716  6  10  6 1 1 1
     1717  6  10  7 1 1 1
     1718  6  10  8 1 1 1
     1719  6  10  9 1 1 1
     1720  6  10  10 1 1 1
     1721  6  10  11 1 1 1
     1722  6  10  12 1 1 1
     1723  6  10  13 1 1 1
     1724  6  10  14 1 1 1
     1725  6  10  15 1 1 1
     1726  6  11  1 1 1 1
     1727  6  11  2 1 1 1
     1728  6  11  3 1 1 1
     1729  6  11  4 1 1 1
     1730  6  11  5 1 1 1
     1731  6  11  6 1 1 1
     1732  6  11  7 1 1 1
     1733  6  11  8 1 1 1
     1734  6  11  9 1 1 1
     1735  6  11  10 1 1 1
     1736  6  11  11 1 1 1
     1737  6  11  12 1 1 1
     1738  6  11  13 1 1 1
     1739  6  11  14 1 1 1
     1740  6  11  15 1 1 1
     1741  6  12  1 1 1 1
     1742  6  12  2 1 1 1
     1743  6  12  3 1 1 1
     1744  6  12  4 1 1 1
     1745  6  12  5 1 1 1
     1746  6  12  6 1 1 1
     1747  6  12  7 1 1 1
     1748  6  12  8 1 1 1
     1749  6  12  9 1 1 1
     1750  6  12  10 1 1 1
     1751  6  12  11 1 1 1
     1752  6  12  12 1 1 1
     1753  6  12  13 1 1 1
     1754  6  12  14 1 1 1
     1755  6  12  15 1 1 1
     1756  6  13  1 1 1 1
     1757  6  13  2 1 1 1
     1758  6  13  3 1 1 1
     1759  6  13  4 1 1 1
     1760  6  13  5 1 1 1
     1761  6  13  6 1 1 1
     1762  6  13  7 1 1 1
     1763  6  13  8 1 1 1
     1764  6  13  9 1 1 1
     1765  6  13  10 1 1 1
     1766  6  13  11 1 1 1
     1767  6  13  12 1 1 1
     1768  6  13  13 1 1 1
     1769  6  13  14 1 1 1
     1770  6  13  15 1 1 1
     1771  6  14  1 1 1 1
     1772  6  14  2 1 1 1
     1773  6  14  3 1 1 1
     1774  6  14  4 1 1 1
     1775  6  14  5 1 1 1
     1776  6  14  6 1 1 1
     1777  6  14  7 1 1 1
     1778  6  14  8 1 1 1
     1779  6  14  9 1 1 1
     1780  6  14  10 1 1 1
     1781  6  14  11 1 1 1
     1782  6  14  12 1 1 1
     1783  6  14  13 1 1 1
     1784  6  14  14 1 1 1
     1785  6  14  15 1 1 1
     1786  6  15  1 1 1 1
     1787  6  15  2 1 1 1
     1788  6  15  3 1 1 1
     1789  6  15  4 1 1 1
     1790  6  15  5 1 1 1
     1791  6  15  6 1 1 1
     1792  6  15  7 1 1 1
     1793  6  15  8 1 1 1
     1794  6  15  9 1 1 1
     1795  6  15  10 1 1 1
     1796  6  15  11 1 1 1
     1797  6  15  12 1 1 1
     1798  6  15  13 1 1 1
     1799  6  15  14 1 1 1
     1800  6  15  15 1 1 1
     1801  6  16  1 1 1 1
     1802  6  16  2 1 1 1
     1803  6  16  3 1 1 1
     1804  6  16  4 1 1 1
     1805  6  16  5 1 1 1
     1806  6  16  6 1 1 1
     1807  6  16  7 1 1 1
     1808  6  16  8 1 1 1
     1809  6  16  9 1 1 1
     1810  6  16  10 1 1 1
     1811  6  16  11 1 1 1
     1812  6  16  12 1 1 1
     1813  6  16  13 1 1 1
     1814  6  16  14 1 1 1
     1815  6  16  15 1 1 1
     1816  6  17  1 1 1 1
     1817  6  17  2 1 1 1
     1818  6  17  3 1 1 1
     1819  6  17  4 1 1 1
     1820  6  17  5 1 1 1
     1821  6  17  6 1 1 1
     1822  6  17  7 1 1 1
     1823  6  17  8 1 1 1
     1824  6  17  9 1 1 1
     1825  6  17  10 1 1 1
     1826  6  17  11 1 1 1
     1827  6  17  12 1 1 1
     1828  6  17  13 1 1 1
     1829  6  17  14 1 1 1
     1830  6  17  15 1 1 1
     1831  6  18  1 1 1 1
     1832  6  18  2 1 1 1
     1833  6  18  3 1 1 1
     1834  6  18  4 1 1 1
     1835  6  18  5 1 1 1
     1836  6  18  6 1 1 1
     1837  6  18  7 1 1 1
     1838  6  18  8 1 1 1
     1839  6  18  9 1 1 1
     1840  6  18  10 1 1 1
     1841  6  18  11 1 1 1
     1842  6  18  12 1 1 1
     1843  6  18  13 1 1 1
     1844  6  18  14 1 1 1
     1845  6  18  15 1 1 1
     1846  6  19  1 1 1 1
     1847  6  19  2 1 1 1
     1848  6  19  3 1 1 1
     1849  6  19  4 1 1 1
     1850  6  19  5 1 1 1
     1851  6  19  6 1 1 1
     1852  6  19  7 1 1 1
     1853  6  19  8 1 1 1
     1854  6  19  9 1 1 1
     1855  6  19  10 1 1 1
     1856  6  19  11 1 1 1
     1857  6  19  12 1 1 1
     1858  6  19  13 1 1 1
     1859  6  19  14 1 1 1
     1860  6  19  15 1 1 1
     1861  6  20  1 1 1 1
     1862  6  20  2 1 1 1
     1863  6  20  3 1 1 1
     1864  6  20  4 1 1 1
     1865  6  20  5 1 1 1
     1866  6  20  6 1 1 1
     1867  6  20  7 1 1 1
     1868  6  20  8 1 1 1
     1869  6  20  9 1 1 1
     1870  6  20  10 1 1 1
     1871  6  20  11 1 1 1
     1872  6  20  12 1 1 1
     1873  6  20  13 1 1 1
     1874  6  20  14 1 1 1
     1875  6  20  15 1 1 1
     1876  6  21  1 1 1 1
     1877  6  21  2 1 1 1
     1878  6  21  3 1 1 1
     1879  6  21  4 1 1 1
     1880  6  21  5 1 1 1
     1881  6  21  6 1 1 1
     1882  6  21  7 1 1 1
     1883  6  21  8 1 1 1
     1884  6  21  9 1 1 1
     1885  6  21  10 1 1 1
     1886  6  21  11 1 1 1
     1887  6  21  12 1 1 1
     1888  6  21  13 1 1 1
     1889  6  21  14 1 1 1
     1890  6  21  15 1 1 1
     1891  7  1  1 1 1 1
     1892  7  1  2 1 1 1
     1893  7  1  3 1 1 1
     1894  7  1  4 1 1 1
     1895  7  1  5 1 1 1
     1896  7  1  6 1 1 1
     1897  7  1  7 1 1 1
     1898  7  1  8 1 1 1
     1899  7  1  9 1 1 1
     1900  7  1  10 1 1 1
     1901  7  1  11 1 1 1
     1902  7  1  12 1 1 1
     1903  7  1  13 1 1 1
     1904  7  1  14 1 1 1
     1905  7  1  15 1 1 1
     1906  7  2  1 1 1 1
     1907  7  2  2 1 1 1
     1908  7  2  3 1 1 1
     1909  7  2  4 1 1 1
     1910  7  2  5 1 1 1
     1911  7  2  6 1 1 1
     1912  7  2  7 1 1 1
     1913  7  2  8 1 1 1
     1914  7  2  9 1 1 1
     1915  7  2  10 1 1 1
     1916  7  2  11 1 1 1
     1917  7  2  12 1 1 1
     1918  7  2  13 1 1 1
     1919  7  2  14 1 1 1
     1920  7  2  15 1 1 1
     1921  7  3  1 1 1 1
     1922  7  3  2 1 1 1
     1923  7  3  3 1 1 1
     1924  7  3  4 1 1 1
     1925  7  3  5 1 1 1
     1926  7  3  6 1 1 1
     1927  7  3  7 1 1 1
     1928  7  3  8 1 1 1
     1929  7  3  9 1 1 1
     1930  7  3  10 1 1 1
     1931  7  3  11 1 1 1
     1932  7  3  12 1 1 1
     1933  7  3  13 1 1 1
     1934  7  3  14 1 1 1
     1935  7  3  15 1 1 1
     1936  7  4  1 1 1 1
     1937  7  4  2 1 1 1
     1938  7  4  3 1 1 1
     1939  7  4  4 1 1 1
     1940  7  4  5 1 1 1
     1941  7  4  6 1 1 1
     1942  7  4  7 1 1 1
     1943  7  4  8 1 1 1
     1944  7  4  9 1 1 1
     1945  7  4  10 1 1 1
     1946  7  4  11 1 1 1
     1947  7  4  12 1 1 1
     1948  7  4  13 1 1 1
     1949  7  4  14 1 1 1
     1950  7  4  15 1 1 1
     1951  7  5  1 1 1 1
     1952  7  5  2 1 1 1
     1953  7  5  3 1 1 1
     1954  7  5  4 1 1 1
     1955  7  5  5 1 1 1
     1956  7  5  6 1 1 1
     1957  7  5  7 1 1 1
     1958  7  5  8 1 1 1
     1959  7  5  9 1 1 1
     1960  7  5  10 1 1 1
     1961  7  5  11 1 1 1
     1962  7  5  12 1 1 1
     1963  7  5  13 1 1 1
     1964  7  5  14 1 1 1
     1965  7  5  15 1 1 1
     1966  7  6  1 1 1 1
     1967  7  6  2 1 1 1
     1968  7  6  3 1 1 1
     1969  7  6  4 1 1 1
     1970  7  6  5 1 1 1
     1971  7  6  6 1 1 1
     1972  7  6  7 1 1 1
     1973  7  6  8 1 1 1
     1974  7  6  9 1 1 1
     1975  7  6  10 1 1 1
     1976  7  6  11 1 1 1
     1977  7  6  12 1 1 1
     1978  7  6  13 1 1 1
     1979  7  6  14 1 1 1
     1980  7  6  15 1 1 1
     1981  7  7  1 1 1 1
     1982  7  7  2 1 1 1
     1983  7  7  3 1 1 1
     1984  7  7  4 1 1 1
     1985  7  7  5 1 1 1
     1986  7  7  6 1 1 1
     1987  7  7  7 1 1 1
     1988  7  7  8 1 1 1
     1989  7  7  9 1 1 1
     1990  7  7  10 1 1 1
     1991  7  7  11 1 1 1
     1992  7  7  12 1 1 1
     1993  7  7  13 1 1 1
     1994  7  7  14 1 1 1
     1995  7  7  15 1 1 1
     1996  7  8  1 1 1 1
     1997  7  8  2 1 1 1
     1998  7  8  3 1 1 1
     1999  7  8  4 1 1 1
     2000  7  8  5 1 1 1
     2001  7  8  6 1 1 1
     2002  7  8  7 1 1 1
     2003  7  8  8 1 1 1
     2004  7  8  9 1 1 1
     2005  7  8  10 1 1 1
     2006  7  8  11 1 1 1
     2007  7  8  12 1 1 1
     2008  7  8  13 1 1 1
     2009  7  8  14 1 1 1
     2010  7  8  15 1 1 1
     2011  7  9  1 1 1 1
     2012  7  9  2 1 1 1
     2013  7  9  3 1 1 1
     2014  7  9  4 1 1 1
     2015  7  9  5 1 1 1
     2016  7  9  6 1 1 1
     2017  7  9  7 1 1 1
     2018  7  9  8 1 1 1
     2019  7  9  9 1 1 1
     2020  7  9  10 1 1 1
     2021  7  9  11 1 1 1
     2022  7  9  12 1 1 1
     2023  7  9  13 1 1 1
     2024  7  9  14 1 1 1
     2025  7  9  15 1 1 1
     2026  7  10  1 1 1 1
     2027  7  10  2 1 1 1
     2028  7  10  3 1 1 1
     2029  7  10  4 1 1 1
     2030  7  10  5 1 1 1
     2031  7  10  6 1 1 1
     2032  7  10  7 1 1 1
     2033  7  10  8 1 1 1
     2034  7  10  9 1 1 1
     2035  7  10  10 1 1 1
     2036  7  10  11 1 1 1
     2037  7  10  12 1 1 1
     2038  7  10  13 1 1 1
     2039  7  10  14 1 1 1
     2040  7  10  15 1 1 1
     2041  7  11  1 1 1 1
     2042  7  11  2 1 1 1
     2043  7  11  3 1 1 1
     2044  7  11  4 1 1 1
     2045  7  11  5 1 1 1
     2046  7  11  6 1 1 1
     2047  7  11  7 1 1 1
     2048  7  11  8 1 1 1
     2049  7  11  9 1 1 1
     2050  7  11  10 1 1 1
     2051  7  11  11 1 1 1
     2052  7  11  12 1 1 1
     2053  7  11  13 1 1 1
     2054  7  11  14 1 1 1
     2055  7  11  15 1 1 1
     2056  7  12  1 1 1 1
     2057  7  12  2 1 1 1
     2058  7  12  3 1 1 1
     2059  7  12  4 1 1 1
     2060  7  12  5 1 1 1
     2061  7  12  6 1 1 1
     2062  7  12  7 1 1 1
     2063  7  12  8 1 1 1
     2064  7  12  9 1 1 1
     2065  7  12  10 1 1 1
     2066  7  12  11 1 1 1
     2067  7  12  12 1 1 1
     2068  7  12  13 1 1 1
     2069  7  12  14 1 1 1
     2070  7  12  15 1 1 1
     2071  7  13  1 1 1 1
     2072  7  13  2 1 1 1
     2073  7  13  3 1 1 1
     2074  7  13  4 1 1 1
     2075  7  13  5 1 1 1
     2076  7  13  6 1 1 1
     2077  7  13  7 1 1 1
     2078  7  13  8 1 1 1
     2079  7  13  9 1 1 1
     2080  7  13  10 1 1 1
     2081  7  13  11 1 1 1
     2082  7  13  12 1 1 1
     2083  7  13  13 1 1 1
     2084  7  13  14 1 1 1
     2085  7  13  15 1 1 1
     2086  7  14  1 1 1 1
     2087  7  14  2 1 1 1
     2088  7  14  3 1 1 1
     2089  7  14  4 1 1 1
     2090  7  14  5 1 1 1
     2091  7  14  6 1 1 1
     2092  7  14  7 1 1 1
     2093  7  14  8 1 1 1
     2094  7  14  9 1 1 1
     2095  7  14  10 1 1 1
     2096  7  14  11 1 1 1
     2097  7  14  12 1 1 1
     2098  7  14  13 1 1 1
     2099  7  14  14 1 1 1
     2100  7  14  15 1 1 1
     2101  7  15  1 1 1 1
     2102  7  15  2 1 1 1
     2103  7  15  3 1 1 1
     2104  7  15  4 1 1 1
     2105  7  15  5 1 1 1
     2106  7  15  6 1 1 1
     2107  7  15  7 1 1 1
     2108  7  15  8 1 1 1
     2109  7  15  9 1 1 1
     2110  7  15  10 1 1 1
     2111  7  15  11 1 1 1
     2112  7  15  12 1 1 1
     2113  7  15  13 1 1 1
     2114  7  15  14 1 1 1
     2115  7  15  15 1 1 1
     2116  7  16  1 1 1 1
     2117  7  16  2 1 1 1
     2118  7  16  3 1 1 1
     2119  7  16  4 1 1 1
     2120  7  16  5 1 1 1
     2121  7  16  6 1 1 1
     2122  7  16  7 1 1 1
     2123  7  16  8 1 1 1
     2124  7  16  9 1 1 1
     2125  7  16  10 1 1 1
     2126  7  16  11 1 1 1
     2127  7  16  12 1 1 1
     2128  7  16  13 1 1 1
     2129  7  16  14 1 1 1
     2130  7  16  15 1 1 1
     2131  7  17  1 1 1 1
     2132  7  17  2 1 1 1
     2133  7  17  3 1 1 1
     2134  7  17  4 1 1 1
     2135  7  17  5 1 1 1
     2136  7  17  6 1 1 1
     2137  7  17  7 1 1 1
     2138  7  17  8 1 1 1
     2139  7  17  9 1 1 1
     2140  7  17  10 1 1 1
     2141  7  17  11 1 1 1
     2142  7  17  12 1 1 1
     2143  7  17  13 1 1 1
     2144  7  17  14 1 1 1
     2145  7  17  15 1 1 1
     2146  7  18  1 1 1 1
     2147  7  18  2 1 1 1
     2148  7  18  3 1 1 1
     2149  7  18  4 1 1 1
     2150  7  18  5 1 1 1
     2151  7  18  6 1 1 1
     2152  7  18  7 1 1 1
     2153  7  18  8 1 1 1
     2154  7  18  9 1 1 1
     2155  7  18  10 1 1 1
     2156  7  18  11 1 1 1
     2157  7  18  12 1 1 1
     2158  7  18  13 1 1 1
     2159  7  18  14 1 1 1
     2160  7  18  15 1 1 1
     2161  7  19  1 1 1 1
     2162  7  19  2 1 1 1
     2163  7  19  3 1 1 1
     2164  7  19  4 1 1 1
     2165  7  19  5 1 1 1
     2166  7  19  6 1 1 1
     2167  7  19  7 1 1 1
     2168  7  19  8 1 1 1
     2169  7  19  9 1 1 1
     2170  7  19  10 1 1 1
     2171  7  19  11 1 1 1
     2172  7  19  12 1 1 1
     2173  7  19  13 1 1 1
     2174  7  19  14 1 1 1
     2175  7  19  15 1 1 1
     2176  7  20  1 1 1 1
     2177  7  20  2 1 1 1
     2178  7  20  3 1 1 1
     2179  7  20  4 1 1 1
     2180  7  20  5 1 1 1
     2181  7  20  6 1 1 1
     2182  7  20  7 1 1 1
     2183  7  20  8 1 1 1
     2184  7  20  9 1 1 1
     2185  7  20  10 1 1 1
     2186  7  20  11 1 1 1
     2187  7  20  12 1 1 1
     2188  7  20  13 1 1 1
     2189  7  20  14 1 1 1
     2190  7  20  15 1 1 1
     2191  7  21  1 1 1 1
     2192  7  21  2 1 1 1
     2193  7  21  3 1 1 1
     2194  7  21  4 1 1 1
     2195  7  21  5 1 1 1
     2196  7  21  6 1 1 1
     2197  7  21  7 1 1 1
     2198  7  21  8 1 1 1
     2199  7  21  9 1 1 1
     2200  7  21  10 1 1 1
     2201  7  21  11 1 1 1
     2202  7  21  12 1 1 1
     2203  7  21  13 1 1 1
     2204  7  21  14 1 1 1
     2205  7  21  15 1 1 1
     2206  8  1  1 1 1 1
     2207  8  1  2 1 1 1
     2208  8  1  3 1 1 1
     2209  8  1  4 1 1 1
     2210  8  1  5 1 1 1
     2211  8  1  6 1 1 1
     2212  8  1  7 1 1 1
     2213  8  1  8 1 1 1
     2214  8  1  9 1 1 1
     2215  8  1  10 1 1 1
     2216  8  1  11 1 1 1
     2217  8  1  12 1 1 1
     2218  8  1  13 1 1 1
     2219  8  1  14 1 1 1
     2220  8  1  15 1 1 1
     2221  8  2  1 1 1 1
     2222  8  2  2 1 1 1
     2223  8  2  3 1 1 1
     2224  8  2  4 1 1 1
     2225  8  2  5 1 1 1
     2226  8  2  6 1 1 1
     2227  8  2  7 1 1 1
     2228  8  2  8 1 1 1
     2229  8  2  9 1 1 1
     2230  8  2  10 1 1 1
     2231  8  2  11 1 1 1
     2232  8  2  12 1 1 1
     2233  8  2  13 1 1 1
     2234  8  2  14 1 1 1
     2235  8  2  15 1 1 1
     2236  8  3  1 1 1 1
     2237  8  3  2 1 1 1
     2238  8  3  3 1 1 1
     2239  8  3  4 1 1 1
     2240  8  3  5 1 1 1
     2241  8  3  6 1 1 1
     2242  8  3  7 1 1 1
     2243  8  3  8 1 1 1
     2244  8  3  9 1 1 1
     2245  8  3  10 1 1 1
     2246  8  3  11 1 1 1
     2247  8  3  12 1 1 1
     2248  8  3  13 1 1 1
     2249  8  3  14 1 1 1
     2250  8  3  15 1 1 1
     2251  8  4  1 1 1 1
     2252  8  4  2 1 1 1
     2253  8  4  3 1 1 1
     2254  8  4  4 1 1 1
     2255  8  4  5 1 1 1
     2256  8  4  6 1 1 1
     2257  8  4  7 1 1 1
     2258  8  4  8 1 1 1
     2259  8  4  9 1 1 1
     2260  8  4  10 1 1 1
     2261  8  4  11 1 1 1
     2262  8  4  12 1 1 1
     2263  8  4  13 1 1 1
     2264  8  4  14 1 1 1
     2265  8  4  15 1 1 1
     2266  8  5  1 1 1 1
     2267  8  5  2 1 1 1
     2268  8  5  3 1 1 1
     2269  8  5  4 1 1 1
     2270  8  5  5 1 1 1
     2271  8  5  6 1 1 1
     2272  8  5  7 1 1 1
     2273  8  5  8 1 1 1
     2274  8  5  9 1 1 1
     2275  8  5  10 1 1 1
     2276  8  5  11 1 1 1
     2277  8  5  12 1 1 1
     2278  8  5  13 1 1 1
     2279  8  5  14 1 1 1
     2280  8  5  15 1 1 1
     2281  8  6  1 1 1 1
     2282  8  6  2 1 1 1
     2283  8  6  3 1 1 1
     2284  8  6  4 1 1 1
     2285  8  6  5 1 1 1
     2286  8  6  6 1 1 1
     2287  8  6  7 1 1 1
     2288  8  6  8 1 1 1
     2289  8  6  9 1 1 1
     2290  8  6  10 1 1 1
     2291  8  6  11 1 1 1
     2292  8  6  12 1 1 1
     2293  8  6  13 1 1 1
     2294  8  6  14 1 1 1
     2295  8  6  15 1 1 1
     2296  8  7  1 1 1 1
     2297  8  7  2 1 1 1
     2298  8  7  3 1 1 1
     2299  8  7  4 1 1 1
     2300  8  7  5 1 1 1
     2301  8  7  6 1 1 1
     2302  8  7  7 1 1 1
     2303  8  7  8 1 1 1
     2304  8  7  9 1 1 1
     2305  8  7  10 1 1 1
     2306  8  7  11 1 1 1
     2307  8  7  12 1 1 1
     2308  8  7  13 1 1 1
     2309  8  7  14 1 1 1
     2310  8  7  15 1 1 1
     2311  8  8  1 1 1 1
     2312  8  8  2 1 1 1
     2313  8  8  3 1 1 1
     2314  8  8  4 1 1 1
     2315  8  8  5 1 1 1
     2316  8  8  6 1 1 1
     2317  8  8  7 1 1 1
     2318  8  8  8 1 1 1
     2319  8  8  9 1 1 1
     2320  8  8  10 1 1 1
     2321  8  8  11 1 1 1
     2322  8  8  12 1 1 1
     2323  8  8  13 1 1 1
     2324  8  8  14 1 1 1
     2325  8  8  15 1 1 1
     2326  8  9  1 1 1 1
     2327  8  9  2 1 1 1
     2328  8  9  3 1 1 1
     2329  8  9  4 1 1 1
     2330  8  9  5 1 1 1
     2331  8  9  6 1 1 1
     2332  8  9  7 1 1 1
     2333  8  9  8 1 1 1
     2334  8  9  9 1 1 1
     2335  8  9  10 1 1 1
     2336  8  9  11 1 1 1
     2337  8  9  12 1 1 1
     2338  8  9  13 1 1 1
     2339  8  9  14 1 1 1
     2340  8  9  15 1 1 1
     2341  8  10  1 1 1 1
     2342  8  10  2 1 1 1
     2343  8  10  3 1 1 1
     2344  8  10  4 1 1 1
     2345  8  10  5 1 1 1
     2346  8  10  6 1 1 1
     2347  8  10  7 1 1 1
     2348  8  10  8 1 1 1
     2349  8  10  9 1 1 1
     2350  8  10  10 1 1 1
     2351  8  10  11 1 1 1
     2352  8  10  12 1 1 1
     2353  8  10  13 1 1 1
     2354  8  10  14 1 1 1
     2355  8  10  15 1 1 1
     2356  8  11  1 1 1 1
     2357  8  11  2 1 1 1
     2358  8  11  3 1 1 1
     2359  8  11  4 1 1 1
     2360  8  11  5 1 1 1
     2361  8  11  6 1 1 1
     2362  8  11  7 1 1 1
     2363  8  11  8 1 1 1
     2364  8  11  9 1 1 1
     2365  8  11  10 1 1 1
     2366  8  11  11 1 1 1
     2367  8  11  12 1 1 1
     2368  8  11  13 1 1 1
     2369  8  11  14 1 1 1
     2370  8  11  15 1 1 1
     2371  8  12  1 1 1 1
     2372  8  12  2 1 1 1
     2373  8  12  3 1 1 1
     2374  8  12  4 1 1 1
     2375  8  12  5 1 1 1
     2376  8  12  6 1 1 1
     2377  8  12  7 1 1 1
     2378  8  12  8 1 1 1
     2379  8  12  9 1 1 1
     2380  8  12  10 1 1 1
     2381  8  12  11 1 1 1
     2382  8  12  12 1 1 1
     2383  8  12  13 1 1 1
     2384  8  12  14 1 1 1
     2385  8  12  15 1 1 1
     2386  8  13  1 1 1 1
     2387  8  13  2 1 1 1
     2388  8  13  3 1 1 1
     2389  8  13  4 1 1 1
     2390  8  13  5 1 1 1
     2391  8  13  6 1 1 1
     2392  8  13  7 1 1 1
     2393  8  13  8 1 1 1
     2394  8  13  9 1 1 1
     2395  8  13  10 1 1 1
     2396  8  13  11 1 1 1
     2397  8  13  12 1 1 1
     2398  8  13  13 1 1 1
     2399  8  13  14 1 1 1
     2400  8  13  15 1 1 1
     2401  8  14  1 1 1 1
     2402  8  14  2 1 1 1
     2403  8  14  3 1 1 1
     2404  8  14  4 1 1 1
     2405  8  14  5 1 1 1
     2406  8  14  6 1 1 1
     2407  8  14  7 1 1 1
     2408  8  14  8 1 1 1
     2409  8  14  9 1 1 1
     2410  8  14  10 1 1 1
     2411  8  14  11 1 1 1
     2412  8  14  12 1 1 1
     2413  8  14  13 1 1 1
     2414  8  14  14 1 1 1
     2415  8  14  15 1 1 1
     2416  8  15  1 1 1 1
     2417  8  15  2 1 1 1
     2418  8  15  3 1 1 1
     2419  8  15  4 1 1 1
     2420  8  15  5 1 1 1
     2421  8  15  6 1 1 1
     2422  8  15  7 1 1 1
     2423  8  15  8 1 1 1
     2424  8  15  9 1 1 1
     2425  8  15  10 1 1 1
     2426  8  15  11 1 1 1
     2427  8  15  12 1 1 1
     2428  8  15  13 1 1 1
     2429  8  15  14 1 1 1
     2430  8  15  15 1 1 1
     2431  8  16  1 1 1 1
     2432  8  16  2 1 1 1
     2433  8  16  3 1 1 1
     2434  8  16  4 1 1 1
     2435  8  16  5 1 1 1
     2436  8  16  6 1 1 1
     2437  8  16  7 1 1 1
     2438  8  16  8 1 1 1
     2439  8  16  9 1 1 1
     2440  8  16  10 1 1 1
     2441  8  16  11 1 1 1
     2442  8  16  12 1 1 1
     2443  8  16  13 1 1 1
     2444  8  16  14 1 1 1
     2445  8  16  15 1 1 1
     2446  8  17  1 1 1 1
     2447  8  17  2 1 1 1
     2448  8  17  3 1 1 1
     2449  8  17  4 1 1 1
     2450  8  17  5 1 1 1
     2451  8  17  6 1 1 1
     2452  8  17  7 1 1 1
     2453  8  17  8 1 1 1
     2454  8  17  9 1 1 1
     2455  8  17  10 1 1 1
     2456  8  17  11 1 1 1
     2457  8  17  12 1 1 1
     2458  8  17  13 1 1 1
     2459  8  17  14 1 1 1
     2460  8  17  15 1 1 1
     2461  8  18  1 1 1 1
     2462  8  18  2 1 1 1
     2463  8  18  3 1 1 1
     2464  8  18  4 1 1 1
     2465  8  18  5 1 1 1
     2466  8  18  6 1 1 1
     2467  8  18  7 1 1 1
     2468  8  18  8 1 1 1
     2469  8  18  9 1 1 1
     2470  8  18  10 1 1 1
     2471  8  18  11 1 1 1
     2472  8  18  12 1 1 1
     2473  8  18  13 1 1 1
     2474  8  18  14 1 1 1
     2475  8  18  15 1 1 1
     2476  8  19  1 1 1 1
     2477  8  19  2 1 1 1
     2478  8  19  3 1 1 1
     2479  8  19  4 1 1 1
     2480  8  19  5 1 1 1
     2481  8  19  6 1 1 1
     2482  8  19  7 1 1 1
     2483  8  19  8 1 1 1
     2484  8  19  9 1 1 1
     2485  8  19  10 1 1 1
     2486  8  19  11 1 1 1
     2487  8  19  12 1 1 1
     2488  8  19  13 1 1 1
     2489  8  19  14 1 1 1
     2490  8  19  15 1 1 1
     2491  8  20  1 1 1 1
     2492  8  20  2 1 1 1
     2493  8  20  3 1 1 1
     2494  8  20  4 1 1 1
     2495  8  20  5 1 1 1
     2496  8  20  6 1 1 1
     2497  8  20  7 1 1 1
     2498  8  20  8 1 1 1
     2499  8  20  9 1 1 1
     2500  8  20  10 1 1 1
     2501  8  20  11 1 1 1
     2502  8  20  12 1 1 1
     2503  8  20  13 1 1 1
     2504  8  20  14 1 1 1
     2505  8  20  15 1 1 1
     2506  8  21  1 1 1 1
     2507  8  21  2 1 1 1
     2508  8  21  3 1 1 1
     2509  8  21  4 1 1 1
     2510  8  21  5 1 1 1
     2511  8  21  6 1 1 1
     2512  8  21  7 1 1 1
     2513  8  21  8 1 1 1
     2514  8  21  9 1 1 1
     2515  8  21  10 1 1 1
     2516  8  21  11 1 1 1
     2517  8  21  12 1 1 1
     2518  8  21  13 1 1 1
     2519  8  21  14 1 1 1
     2520  8  21  15 1 1 1